
########################### Run 1 ######################
var1: 0.000000	 var2: 0.000000
gen	A2		B2		diseq		zbar		sexrat
0	0.990000	0.000000			3.000000	
5000	0.990000	0.000000	0.000000	6.620323	0.733889
10000	0.990000	0.000000	0.000000	8.139963	0.693162
15000	0.990000	0.000000	0.000000	9.050341	0.671126
20000	0.990000	0.000000	0.000000	9.651756	0.657425
25000	0.990000	0.000000	0.000000	10.068385	0.648303
30000	0.990000	0.000000	0.000000	10.365059	0.641984
35000	0.990000	0.000000	0.000000	10.580038	0.637492
40000	0.990000	0.000000	0.000000	10.737651	0.634245
45000	0.990000	0.000000	0.000000	10.854149	0.631869
50000	0.990000	0.000000	0.000000	10.940755	0.630117
55000	0.990000	0.000000	0.000000	11.005407	0.628815
60000	0.990000	0.000000	0.000000	11.053818	0.627845
65000	0.990000	0.000000	0.000000	11.090149	0.627119
70000	0.990000	0.000000	0.000000	11.117460	0.626575
75000	0.990000	0.000000	0.000000	11.138016	0.626166
80000	0.990000	0.000000	0.000000	11.153502	0.625858
85000	0.990000	0.000000	0.000000	11.165176	0.625627
90000	0.990000	0.000000	0.000000	11.173982	0.625452
95000	0.990000	0.000000	0.000000	11.180626	0.625320
100000	0.990000	0.000000	0.000000	11.185641	0.625221

var1: 0.000000	 var2: 0.100000
gen	A2		B2		diseq		zbar		sexrat
0	0.990000	0.000000			3.000000	
5000	0.990000	0.000000	0.000000	6.620323	0.733889
10000	0.990000	0.000000	0.000000	8.139963	0.693162
15000	0.990000	0.000000	0.000000	9.050341	0.671126
20000	0.990000	0.000000	0.000000	9.651756	0.657425
25000	0.990000	0.000000	0.000000	10.068385	0.648303
30000	0.990000	0.000000	0.000000	10.365059	0.641984
35000	0.990000	0.000000	0.000000	10.580038	0.637492
40000	0.990000	0.000000	0.000000	10.737651	0.634245
45000	0.990000	0.000000	0.000000	10.854149	0.631869
50000	0.990000	0.000000	0.000000	10.940755	0.630117
55000	0.990000	0.000000	0.000000	11.005407	0.628815
60000	0.990000	0.000000	0.000000	11.053818	0.627845
65000	0.990000	0.000000	0.000000	11.090149	0.627119
70000	0.990000	0.000000	0.000000	11.117460	0.626575
75000	0.990000	0.000000	0.000000	11.138016	0.626166
80000	0.990000	0.000000	0.000000	11.153502	0.625858
85000	0.990000	0.000000	0.000000	11.165176	0.625627
90000	0.990000	0.000000	0.000000	11.173982	0.625452
95000	0.990000	0.000000	0.000000	11.180626	0.625320
100000	0.990000	0.000000	0.000000	11.185641	0.625221

var1: 0.000000	 var2: 0.200000
gen	A2		B2		diseq		zbar		sexrat
0	0.990000	0.000000			3.000000	
5000	0.990000	0.000000	0.000000	6.620323	0.733889
10000	0.990000	0.000000	0.000000	8.139963	0.693162
15000	0.990000	0.000000	0.000000	9.050341	0.671126
20000	0.990000	0.000000	0.000000	9.651756	0.657425
25000	0.990000	0.000000	0.000000	10.068385	0.648303
30000	0.990000	0.000000	0.000000	10.365059	0.641984
35000	0.990000	0.000000	0.000000	10.580038	0.637492
40000	0.990000	0.000000	0.000000	10.737651	0.634245
45000	0.990000	0.000000	0.000000	10.854149	0.631869
50000	0.990000	0.000000	0.000000	10.940755	0.630117
55000	0.990000	0.000000	0.000000	11.005407	0.628815
60000	0.990000	0.000000	0.000000	11.053818	0.627845
65000	0.990000	0.000000	0.000000	11.090149	0.627119
70000	0.990000	0.000000	0.000000	11.117460	0.626575
75000	0.990000	0.000000	0.000000	11.138016	0.626166
80000	0.990000	0.000000	0.000000	11.153502	0.625858
85000	0.990000	0.000000	0.000000	11.165176	0.625627
90000	0.990000	0.000000	0.000000	11.173982	0.625452
95000	0.990000	0.000000	0.000000	11.180626	0.625320
100000	0.990000	0.000000	0.000000	11.185641	0.625221

var1: 0.000000	 var2: 0.300000
gen	A2		B2		diseq		zbar		sexrat
0	0.990000	0.000000			3.000000	
5000	0.990000	0.000000	0.000000	6.620323	0.733889
10000	0.990000	0.000000	0.000000	8.139963	0.693162
15000	0.990000	0.000000	0.000000	9.050341	0.671126
20000	0.990000	0.000000	0.000000	9.651756	0.657425
25000	0.990000	0.000000	0.000000	10.068385	0.648303
30000	0.990000	0.000000	0.000000	10.365059	0.641984
35000	0.990000	0.000000	0.000000	10.580038	0.637492
40000	0.990000	0.000000	0.000000	10.737651	0.634245
45000	0.990000	0.000000	0.000000	10.854149	0.631869
50000	0.990000	0.000000	0.000000	10.940755	0.630117
55000	0.990000	0.000000	0.000000	11.005407	0.628815
60000	0.990000	0.000000	0.000000	11.053818	0.627845
65000	0.990000	0.000000	0.000000	11.090149	0.627119
70000	0.990000	0.000000	0.000000	11.117460	0.626575
75000	0.990000	0.000000	0.000000	11.138016	0.626166
80000	0.990000	0.000000	0.000000	11.153502	0.625858
85000	0.990000	0.000000	0.000000	11.165176	0.625627
90000	0.990000	0.000000	0.000000	11.173982	0.625452
95000	0.990000	0.000000	0.000000	11.180626	0.625320
100000	0.990000	0.000000	0.000000	11.185641	0.625221

var1: 0.000000	 var2: 0.400000
gen	A2		B2		diseq		zbar		sexrat
0	0.990000	0.000000			3.000000	
5000	0.990000	0.000000	0.000000	6.620323	0.733889
10000	0.990000	0.000000	0.000000	8.139963	0.693162
15000	0.990000	0.000000	0.000000	9.050341	0.671126
20000	0.990000	0.000000	0.000000	9.651756	0.657425
25000	0.990000	0.000000	0.000000	10.068385	0.648303
30000	0.990000	0.000000	0.000000	10.365059	0.641984
35000	0.990000	0.000000	0.000000	10.580038	0.637492
40000	0.990000	0.000000	0.000000	10.737651	0.634245
45000	0.990000	0.000000	0.000000	10.854149	0.631869
50000	0.990000	0.000000	0.000000	10.940755	0.630117
55000	0.990000	0.000000	0.000000	11.005407	0.628815
60000	0.990000	0.000000	0.000000	11.053818	0.627845
65000	0.990000	0.000000	0.000000	11.090149	0.627119
70000	0.990000	0.000000	0.000000	11.117460	0.626575
75000	0.990000	0.000000	0.000000	11.138016	0.626166
80000	0.990000	0.000000	0.000000	11.153502	0.625858
85000	0.990000	0.000000	0.000000	11.165176	0.625627
90000	0.990000	0.000000	0.000000	11.173982	0.625452
95000	0.990000	0.000000	0.000000	11.180626	0.625320
100000	0.990000	0.000000	0.000000	11.185641	0.625221

var1: 0.000000	 var2: 0.500000
gen	A2		B2		diseq		zbar		sexrat
0	0.990000	0.000000			3.000000	
5000	0.990000	0.000000	0.000000	6.620323	0.733889
10000	0.990000	0.000000	0.000000	8.139963	0.693162
15000	0.990000	0.000000	0.000000	9.050341	0.671126
20000	0.990000	0.000000	0.000000	9.651756	0.657425
25000	0.990000	0.000000	0.000000	10.068385	0.648303
30000	0.990000	0.000000	0.000000	10.365059	0.641984
35000	0.990000	0.000000	0.000000	10.580038	0.637492
40000	0.990000	0.000000	0.000000	10.737651	0.634245
45000	0.990000	0.000000	0.000000	10.854149	0.631869
50000	0.990000	0.000000	0.000000	10.940755	0.630117
55000	0.990000	0.000000	0.000000	11.005407	0.628815
60000	0.990000	0.000000	0.000000	11.053818	0.627845
65000	0.990000	0.000000	0.000000	11.090149	0.627119
70000	0.990000	0.000000	0.000000	11.117460	0.626575
75000	0.990000	0.000000	0.000000	11.138016	0.626166
80000	0.990000	0.000000	0.000000	11.153502	0.625858
85000	0.990000	0.000000	0.000000	11.165176	0.625627
90000	0.990000	0.000000	0.000000	11.173982	0.625452
95000	0.990000	0.000000	0.000000	11.180626	0.625320
100000	0.990000	0.000000	0.000000	11.185641	0.625221

var1: 0.000000	 var2: 0.600000
gen	A2		B2		diseq		zbar		sexrat
0	0.990000	0.000000			3.000000	
5000	0.990000	0.000000	0.000000	6.620323	0.733889
10000	0.990000	0.000000	0.000000	8.139963	0.693162
15000	0.990000	0.000000	0.000000	9.050341	0.671126
20000	0.990000	0.000000	0.000000	9.651756	0.657425
25000	0.990000	0.000000	0.000000	10.068385	0.648303
30000	0.990000	0.000000	0.000000	10.365059	0.641984
35000	0.990000	0.000000	0.000000	10.580038	0.637492
40000	0.990000	0.000000	0.000000	10.737651	0.634245
45000	0.990000	0.000000	0.000000	10.854149	0.631869
50000	0.990000	0.000000	0.000000	10.940755	0.630117
55000	0.990000	0.000000	0.000000	11.005407	0.628815
60000	0.990000	0.000000	0.000000	11.053818	0.627845
65000	0.990000	0.000000	0.000000	11.090149	0.627119
70000	0.990000	0.000000	0.000000	11.117460	0.626575
75000	0.990000	0.000000	0.000000	11.138016	0.626166
80000	0.990000	0.000000	0.000000	11.153502	0.625858
85000	0.990000	0.000000	0.000000	11.165176	0.625627
90000	0.990000	0.000000	0.000000	11.173982	0.625452
95000	0.990000	0.000000	0.000000	11.180626	0.625320
100000	0.990000	0.000000	0.000000	11.185641	0.625221

var1: 0.000000	 var2: 0.700000
gen	A2		B2		diseq		zbar		sexrat
0	0.990000	0.000000			3.000000	
5000	0.990000	0.000000	0.000000	6.620323	0.733889
10000	0.990000	0.000000	0.000000	8.139963	0.693162
15000	0.990000	0.000000	0.000000	9.050341	0.671126
20000	0.990000	0.000000	0.000000	9.651756	0.657425
25000	0.990000	0.000000	0.000000	10.068385	0.648303
30000	0.990000	0.000000	0.000000	10.365059	0.641984
35000	0.990000	0.000000	0.000000	10.580038	0.637492
40000	0.990000	0.000000	0.000000	10.737651	0.634245
45000	0.990000	0.000000	0.000000	10.854149	0.631869
50000	0.990000	0.000000	0.000000	10.940755	0.630117
55000	0.990000	0.000000	0.000000	11.005407	0.628815
60000	0.990000	0.000000	0.000000	11.053818	0.627845
65000	0.990000	0.000000	0.000000	11.090149	0.627119
70000	0.990000	0.000000	0.000000	11.117460	0.626575
75000	0.990000	0.000000	0.000000	11.138016	0.626166
80000	0.990000	0.000000	0.000000	11.153502	0.625858
85000	0.990000	0.000000	0.000000	11.165176	0.625627
90000	0.990000	0.000000	0.000000	11.173982	0.625452
95000	0.990000	0.000000	0.000000	11.180626	0.625320
100000	0.990000	0.000000	0.000000	11.185641	0.625221

var1: 0.000000	 var2: 0.800000
gen	A2		B2		diseq		zbar		sexrat
0	0.990000	0.000000			3.000000	
5000	0.990000	0.000000	0.000000	6.620323	0.733889
10000	0.990000	0.000000	0.000000	8.139963	0.693162
15000	0.990000	0.000000	0.000000	9.050341	0.671126
20000	0.990000	0.000000	0.000000	9.651756	0.657425
25000	0.990000	0.000000	0.000000	10.068385	0.648303
30000	0.990000	0.000000	0.000000	10.365059	0.641984
35000	0.990000	0.000000	0.000000	10.580038	0.637492
40000	0.990000	0.000000	0.000000	10.737651	0.634245
45000	0.990000	0.000000	0.000000	10.854149	0.631869
50000	0.990000	0.000000	0.000000	10.940755	0.630117
55000	0.990000	0.000000	0.000000	11.005407	0.628815
60000	0.990000	0.000000	0.000000	11.053818	0.627845
65000	0.990000	0.000000	0.000000	11.090149	0.627119
70000	0.990000	0.000000	0.000000	11.117460	0.626575
75000	0.990000	0.000000	0.000000	11.138016	0.626166
80000	0.990000	0.000000	0.000000	11.153502	0.625858
85000	0.990000	0.000000	0.000000	11.165176	0.625627
90000	0.990000	0.000000	0.000000	11.173982	0.625452
95000	0.990000	0.000000	0.000000	11.180626	0.625320
100000	0.990000	0.000000	0.000000	11.185641	0.625221

var1: 0.000000	 var2: 0.900000
gen	A2		B2		diseq		zbar		sexrat
0	0.990000	0.000000			3.000000	
5000	0.990000	0.000000	0.000000	6.620323	0.733889
10000	0.990000	0.000000	0.000000	8.139963	0.693162
15000	0.990000	0.000000	0.000000	9.050341	0.671126
20000	0.990000	0.000000	0.000000	9.651756	0.657425
25000	0.990000	0.000000	0.000000	10.068385	0.648303
30000	0.990000	0.000000	0.000000	10.365059	0.641984
35000	0.990000	0.000000	0.000000	10.580038	0.637492
40000	0.990000	0.000000	0.000000	10.737651	0.634245
45000	0.990000	0.000000	0.000000	10.854149	0.631869
50000	0.990000	0.000000	0.000000	10.940755	0.630117
55000	0.990000	0.000000	0.000000	11.005407	0.628815
60000	0.990000	0.000000	0.000000	11.053818	0.627845
65000	0.990000	0.000000	0.000000	11.090149	0.627119
70000	0.990000	0.000000	0.000000	11.117460	0.626575
75000	0.990000	0.000000	0.000000	11.138016	0.626166
80000	0.990000	0.000000	0.000000	11.153502	0.625858
85000	0.990000	0.000000	0.000000	11.165176	0.625627
90000	0.990000	0.000000	0.000000	11.173982	0.625452
95000	0.990000	0.000000	0.000000	11.180626	0.625320
100000	0.990000	0.000000	0.000000	11.185641	0.625221

var1: 0.000000	 var2: 1.000000
gen	A2		B2		diseq		zbar		sexrat
0	0.990000	0.000000			3.000000	
5000	0.990000	0.000000	0.000000	6.620323	0.733889
10000	0.990000	0.000000	0.000000	8.139963	0.693162
15000	0.990000	0.000000	0.000000	9.050341	0.671126
20000	0.990000	0.000000	0.000000	9.651756	0.657425
25000	0.990000	0.000000	0.000000	10.068385	0.648303
30000	0.990000	0.000000	0.000000	10.365059	0.641984
35000	0.990000	0.000000	0.000000	10.580038	0.637492
40000	0.990000	0.000000	0.000000	10.737651	0.634245
45000	0.990000	0.000000	0.000000	10.854149	0.631869
50000	0.990000	0.000000	0.000000	10.940755	0.630117
55000	0.990000	0.000000	0.000000	11.005407	0.628815
60000	0.990000	0.000000	0.000000	11.053818	0.627845
65000	0.990000	0.000000	0.000000	11.090149	0.627119
70000	0.990000	0.000000	0.000000	11.117460	0.626575
75000	0.990000	0.000000	0.000000	11.138016	0.626166
80000	0.990000	0.000000	0.000000	11.153502	0.625858
85000	0.990000	0.000000	0.000000	11.165176	0.625627
90000	0.990000	0.000000	0.000000	11.173982	0.625452
95000	0.990000	0.000000	0.000000	11.180626	0.625320
100000	0.990000	0.000000	0.000000	11.185641	0.625221

var1: 0.000000	 var2: 1.100000
gen	A2		B2		diseq		zbar		sexrat
0	0.990000	0.000000			3.000000	
5000	0.990000	0.000000	0.000000	6.620323	0.733889
10000	0.990000	0.000000	0.000000	8.139963	0.693162
15000	0.990000	0.000000	0.000000	9.050341	0.671126
20000	0.990000	0.000000	0.000000	9.651756	0.657425
25000	0.990000	0.000000	0.000000	10.068385	0.648303
30000	0.990000	0.000000	0.000000	10.365059	0.641984
35000	0.990000	0.000000	0.000000	10.580038	0.637492
40000	0.990000	0.000000	0.000000	10.737651	0.634245
45000	0.990000	0.000000	0.000000	10.854149	0.631869
50000	0.990000	0.000000	0.000000	10.940755	0.630117
55000	0.990000	0.000000	0.000000	11.005407	0.628815
60000	0.990000	0.000000	0.000000	11.053818	0.627845
65000	0.990000	0.000000	0.000000	11.090149	0.627119
70000	0.990000	0.000000	0.000000	11.117460	0.626575
75000	0.990000	0.000000	0.000000	11.138016	0.626166
80000	0.990000	0.000000	0.000000	11.153502	0.625858
85000	0.990000	0.000000	0.000000	11.165176	0.625627
90000	0.990000	0.000000	0.000000	11.173982	0.625452
95000	0.990000	0.000000	0.000000	11.180626	0.625320
100000	0.990000	0.000000	0.000000	11.185641	0.625221

var1: 0.000000	 var2: 1.200000
gen	A2		B2		diseq		zbar		sexrat
0	0.990000	0.000000			3.000000	
5000	0.990000	0.000000	0.000000	6.620323	0.733889
10000	0.990000	0.000000	0.000000	8.139963	0.693162
15000	0.990000	0.000000	0.000000	9.050341	0.671126
20000	0.990000	0.000000	0.000000	9.651756	0.657425
25000	0.990000	0.000000	0.000000	10.068385	0.648303
30000	0.990000	0.000000	0.000000	10.365059	0.641984
35000	0.990000	0.000000	0.000000	10.580038	0.637492
40000	0.990000	0.000000	0.000000	10.737651	0.634245
45000	0.990000	0.000000	0.000000	10.854149	0.631869
50000	0.990000	0.000000	0.000000	10.940755	0.630117
55000	0.990000	0.000000	0.000000	11.005407	0.628815
60000	0.990000	0.000000	0.000000	11.053818	0.627845
65000	0.990000	0.000000	0.000000	11.090149	0.627119
70000	0.990000	0.000000	0.000000	11.117460	0.626575
75000	0.990000	0.000000	0.000000	11.138016	0.626166
80000	0.990000	0.000000	0.000000	11.153502	0.625858
85000	0.990000	0.000000	0.000000	11.165176	0.625627
90000	0.990000	0.000000	0.000000	11.173982	0.625452
95000	0.990000	0.000000	0.000000	11.180626	0.625320
100000	0.990000	0.000000	0.000000	11.185641	0.625221

var1: 0.000000	 var2: 1.300000
gen	A2		B2		diseq		zbar		sexrat
0	0.990000	0.000000			3.000000	
5000	0.990000	0.000000	0.000000	6.620323	0.733889
10000	0.990000	0.000000	0.000000	8.139963	0.693162
15000	0.990000	0.000000	0.000000	9.050341	0.671126
20000	0.990000	0.000000	0.000000	9.651756	0.657425
25000	0.990000	0.000000	0.000000	10.068385	0.648303
30000	0.990000	0.000000	0.000000	10.365059	0.641984
35000	0.990000	0.000000	0.000000	10.580038	0.637492
40000	0.990000	0.000000	0.000000	10.737651	0.634245
45000	0.990000	0.000000	0.000000	10.854149	0.631869
50000	0.990000	0.000000	0.000000	10.940755	0.630117
55000	0.990000	0.000000	0.000000	11.005407	0.628815
60000	0.990000	0.000000	0.000000	11.053818	0.627845
65000	0.990000	0.000000	0.000000	11.090149	0.627119
70000	0.990000	0.000000	0.000000	11.117460	0.626575
75000	0.990000	0.000000	0.000000	11.138016	0.626166
80000	0.990000	0.000000	0.000000	11.153502	0.625858
85000	0.990000	0.000000	0.000000	11.165176	0.625627
90000	0.990000	0.000000	0.000000	11.173982	0.625452
95000	0.990000	0.000000	0.000000	11.180626	0.625320
100000	0.990000	0.000000	0.000000	11.185641	0.625221

var1: 0.000000	 var2: 1.400000
gen	A2		B2		diseq		zbar		sexrat
0	0.990000	0.000000			3.000000	
5000	0.990000	0.000000	0.000000	6.620323	0.733889
10000	0.990000	0.000000	0.000000	8.139963	0.693162
15000	0.990000	0.000000	0.000000	9.050341	0.671126
20000	0.990000	0.000000	0.000000	9.651756	0.657425
25000	0.990000	0.000000	0.000000	10.068385	0.648303
30000	0.990000	0.000000	0.000000	10.365059	0.641984
35000	0.990000	0.000000	0.000000	10.580038	0.637492
40000	0.990000	0.000000	0.000000	10.737651	0.634245
45000	0.990000	0.000000	0.000000	10.854149	0.631869
50000	0.990000	0.000000	0.000000	10.940755	0.630117
55000	0.990000	0.000000	0.000000	11.005407	0.628815
60000	0.990000	0.000000	0.000000	11.053818	0.627845
65000	0.990000	0.000000	0.000000	11.090149	0.627119
70000	0.990000	0.000000	0.000000	11.117460	0.626575
75000	0.990000	0.000000	0.000000	11.138016	0.626166
80000	0.990000	0.000000	0.000000	11.153502	0.625858
85000	0.990000	0.000000	0.000000	11.165176	0.625627
90000	0.990000	0.000000	0.000000	11.173982	0.625452
95000	0.990000	0.000000	0.000000	11.180626	0.625320
100000	0.990000	0.000000	0.000000	11.185641	0.625221

var1: 0.000000	 var2: 1.500000
gen	A2		B2		diseq		zbar		sexrat
0	0.990000	0.000000			3.000000	
5000	0.990000	0.000000	0.000000	6.620323	0.733889
10000	0.990000	0.000000	0.000000	8.139963	0.693162
15000	0.990000	0.000000	0.000000	9.050341	0.671126
20000	0.990000	0.000000	0.000000	9.651756	0.657425
25000	0.990000	0.000000	0.000000	10.068385	0.648303
30000	0.990000	0.000000	0.000000	10.365059	0.641984
35000	0.990000	0.000000	0.000000	10.580038	0.637492
40000	0.990000	0.000000	0.000000	10.737651	0.634245
45000	0.990000	0.000000	0.000000	10.854149	0.631869
50000	0.990000	0.000000	0.000000	10.940755	0.630117
55000	0.990000	0.000000	0.000000	11.005407	0.628815
60000	0.990000	0.000000	0.000000	11.053818	0.627845
65000	0.990000	0.000000	0.000000	11.090149	0.627119
70000	0.990000	0.000000	0.000000	11.117460	0.626575
75000	0.990000	0.000000	0.000000	11.138016	0.626166
80000	0.990000	0.000000	0.000000	11.153502	0.625858
85000	0.990000	0.000000	0.000000	11.165176	0.625627
90000	0.990000	0.000000	0.000000	11.173982	0.625452
95000	0.990000	0.000000	0.000000	11.180626	0.625320
100000	0.990000	0.000000	0.000000	11.185641	0.625221

var1: 0.000000	 var2: 1.600000
gen	A2		B2		diseq		zbar		sexrat
0	0.990000	0.000000			3.000000	
5000	0.990000	0.000000	0.000000	6.620323	0.733889
10000	0.990000	0.000000	0.000000	8.139963	0.693162
15000	0.990000	0.000000	0.000000	9.050341	0.671126
20000	0.990000	0.000000	0.000000	9.651756	0.657425
25000	0.990000	0.000000	0.000000	10.068385	0.648303
30000	0.990000	0.000000	0.000000	10.365059	0.641984
35000	0.990000	0.000000	0.000000	10.580038	0.637492
40000	0.990000	0.000000	0.000000	10.737651	0.634245
45000	0.990000	0.000000	0.000000	10.854149	0.631869
50000	0.990000	0.000000	0.000000	10.940755	0.630117
55000	0.990000	0.000000	0.000000	11.005407	0.628815
60000	0.990000	0.000000	0.000000	11.053818	0.627845
65000	0.990000	0.000000	0.000000	11.090149	0.627119
70000	0.990000	0.000000	0.000000	11.117460	0.626575
75000	0.990000	0.000000	0.000000	11.138016	0.626166
80000	0.990000	0.000000	0.000000	11.153502	0.625858
85000	0.990000	0.000000	0.000000	11.165176	0.625627
90000	0.990000	0.000000	0.000000	11.173982	0.625452
95000	0.990000	0.000000	0.000000	11.180626	0.625320
100000	0.990000	0.000000	0.000000	11.185641	0.625221

var1: 0.000000	 var2: 1.700000
gen	A2		B2		diseq		zbar		sexrat
0	0.990000	0.000000			3.000000	
5000	0.990000	0.000000	0.000000	6.620323	0.733889
10000	0.990000	0.000000	0.000000	8.139963	0.693162
15000	0.990000	0.000000	0.000000	9.050341	0.671126
20000	0.990000	0.000000	0.000000	9.651756	0.657425
25000	0.990000	0.000000	0.000000	10.068385	0.648303
30000	0.990000	0.000000	0.000000	10.365059	0.641984
35000	0.990000	0.000000	0.000000	10.580038	0.637492
40000	0.990000	0.000000	0.000000	10.737651	0.634245
45000	0.990000	0.000000	0.000000	10.854149	0.631869
50000	0.990000	0.000000	0.000000	10.940755	0.630117
55000	0.990000	0.000000	0.000000	11.005407	0.628815
60000	0.990000	0.000000	0.000000	11.053818	0.627845
65000	0.990000	0.000000	0.000000	11.090149	0.627119
70000	0.990000	0.000000	0.000000	11.117460	0.626575
75000	0.990000	0.000000	0.000000	11.138016	0.626166
80000	0.990000	0.000000	0.000000	11.153502	0.625858
85000	0.990000	0.000000	0.000000	11.165176	0.625627
90000	0.990000	0.000000	0.000000	11.173982	0.625452
95000	0.990000	0.000000	0.000000	11.180626	0.625320
100000	0.990000	0.000000	0.000000	11.185641	0.625221

var1: 0.000000	 var2: 1.800000
gen	A2		B2		diseq		zbar		sexrat
0	0.990000	0.000000			3.000000	
5000	0.990000	0.000000	0.000000	6.620323	0.733889
10000	0.990000	0.000000	0.000000	8.139963	0.693162
15000	0.990000	0.000000	0.000000	9.050341	0.671126
20000	0.990000	0.000000	0.000000	9.651756	0.657425
25000	0.990000	0.000000	0.000000	10.068385	0.648303
30000	0.990000	0.000000	0.000000	10.365059	0.641984
35000	0.990000	0.000000	0.000000	10.580038	0.637492
40000	0.990000	0.000000	0.000000	10.737651	0.634245
45000	0.990000	0.000000	0.000000	10.854149	0.631869
50000	0.990000	0.000000	0.000000	10.940755	0.630117
55000	0.990000	0.000000	0.000000	11.005407	0.628815
60000	0.990000	0.000000	0.000000	11.053818	0.627845
65000	0.990000	0.000000	0.000000	11.090149	0.627119
70000	0.990000	0.000000	0.000000	11.117460	0.626575
75000	0.990000	0.000000	0.000000	11.138016	0.626166
80000	0.990000	0.000000	0.000000	11.153502	0.625858
85000	0.990000	0.000000	0.000000	11.165176	0.625627
90000	0.990000	0.000000	0.000000	11.173982	0.625452
95000	0.990000	0.000000	0.000000	11.180626	0.625320
100000	0.990000	0.000000	0.000000	11.185641	0.625221

var1: 0.000000	 var2: 1.900000
gen	A2		B2		diseq		zbar		sexrat
0	0.990000	0.000000			3.000000	
5000	0.990000	0.000000	0.000000	6.620323	0.733889
10000	0.990000	0.000000	0.000000	8.139963	0.693162
15000	0.990000	0.000000	0.000000	9.050341	0.671126
20000	0.990000	0.000000	0.000000	9.651756	0.657425
25000	0.990000	0.000000	0.000000	10.068385	0.648303
30000	0.990000	0.000000	0.000000	10.365059	0.641984
35000	0.990000	0.000000	0.000000	10.580038	0.637492
40000	0.990000	0.000000	0.000000	10.737651	0.634245
45000	0.990000	0.000000	0.000000	10.854149	0.631869
50000	0.990000	0.000000	0.000000	10.940755	0.630117
55000	0.990000	0.000000	0.000000	11.005407	0.628815
60000	0.990000	0.000000	0.000000	11.053818	0.627845
65000	0.990000	0.000000	0.000000	11.090149	0.627119
70000	0.990000	0.000000	0.000000	11.117460	0.626575
75000	0.990000	0.000000	0.000000	11.138016	0.626166
80000	0.990000	0.000000	0.000000	11.153502	0.625858
85000	0.990000	0.000000	0.000000	11.165176	0.625627
90000	0.990000	0.000000	0.000000	11.173982	0.625452
95000	0.990000	0.000000	0.000000	11.180626	0.625320
100000	0.990000	0.000000	0.000000	11.185641	0.625221

var1: 0.000000	 var2: 2.000000
gen	A2		B2		diseq		zbar		sexrat
0	0.990000	0.000000			3.000000	
5000	0.990000	0.000000	0.000000	6.620323	0.733889
10000	0.990000	0.000000	0.000000	8.139963	0.693162
15000	0.990000	0.000000	0.000000	9.050341	0.671126
20000	0.990000	0.000000	0.000000	9.651756	0.657425
25000	0.990000	0.000000	0.000000	10.068385	0.648303
30000	0.990000	0.000000	0.000000	10.365059	0.641984
35000	0.990000	0.000000	0.000000	10.580038	0.637492
40000	0.990000	0.000000	0.000000	10.737651	0.634245
45000	0.990000	0.000000	0.000000	10.854149	0.631869
50000	0.990000	0.000000	0.000000	10.940755	0.630117
55000	0.990000	0.000000	0.000000	11.005407	0.628815
60000	0.990000	0.000000	0.000000	11.053818	0.627845
65000	0.990000	0.000000	0.000000	11.090149	0.627119
70000	0.990000	0.000000	0.000000	11.117460	0.626575
75000	0.990000	0.000000	0.000000	11.138016	0.626166
80000	0.990000	0.000000	0.000000	11.153502	0.625858
85000	0.990000	0.000000	0.000000	11.165176	0.625627
90000	0.990000	0.000000	0.000000	11.173982	0.625452
95000	0.990000	0.000000	0.000000	11.180626	0.625320
100000	0.990000	0.000000	0.000000	11.185641	0.625221

var1: 0.000000	 var2: 2.100000
gen	A2		B2		diseq		zbar		sexrat
0	0.990000	0.000000			3.000000	
5000	0.990000	0.000000	0.000000	6.620323	0.733889
10000	0.990000	0.000000	0.000000	8.139963	0.693162
15000	0.990000	0.000000	0.000000	9.050341	0.671126
20000	0.990000	0.000000	0.000000	9.651756	0.657425
25000	0.990000	0.000000	0.000000	10.068385	0.648303
30000	0.990000	0.000000	0.000000	10.365059	0.641984
35000	0.990000	0.000000	0.000000	10.580038	0.637492
40000	0.990000	0.000000	0.000000	10.737651	0.634245
45000	0.990000	0.000000	0.000000	10.854149	0.631869
50000	0.990000	0.000000	0.000000	10.940755	0.630117
55000	0.990000	0.000000	0.000000	11.005407	0.628815
60000	0.990000	0.000000	0.000000	11.053818	0.627845
65000	0.990000	0.000000	0.000000	11.090149	0.627119
70000	0.990000	0.000000	0.000000	11.117460	0.626575
75000	0.990000	0.000000	0.000000	11.138016	0.626166
80000	0.990000	0.000000	0.000000	11.153502	0.625858
85000	0.990000	0.000000	0.000000	11.165176	0.625627
90000	0.990000	0.000000	0.000000	11.173982	0.625452
95000	0.990000	0.000000	0.000000	11.180626	0.625320
100000	0.990000	0.000000	0.000000	11.185641	0.625221

var1: 0.000000	 var2: 2.200000
gen	A2		B2		diseq		zbar		sexrat
0	0.990000	0.000000			3.000000	
5000	0.990000	0.000000	0.000000	6.620323	0.733889
10000	0.990000	0.000000	0.000000	8.139963	0.693162
15000	0.990000	0.000000	0.000000	9.050341	0.671126
20000	0.990000	0.000000	0.000000	9.651756	0.657425
25000	0.990000	0.000000	0.000000	10.068385	0.648303
30000	0.990000	0.000000	0.000000	10.365059	0.641984
35000	0.990000	0.000000	0.000000	10.580038	0.637492
40000	0.990000	0.000000	0.000000	10.737651	0.634245
45000	0.990000	0.000000	0.000000	10.854149	0.631869
50000	0.990000	0.000000	0.000000	10.940755	0.630117
55000	0.990000	0.000000	0.000000	11.005407	0.628815
60000	0.990000	0.000000	0.000000	11.053818	0.627845
65000	0.990000	0.000000	0.000000	11.090149	0.627119
70000	0.990000	0.000000	0.000000	11.117460	0.626575
75000	0.990000	0.000000	0.000000	11.138016	0.626166
80000	0.990000	0.000000	0.000000	11.153502	0.625858
85000	0.990000	0.000000	0.000000	11.165176	0.625627
90000	0.990000	0.000000	0.000000	11.173982	0.625452
95000	0.990000	0.000000	0.000000	11.180626	0.625320
100000	0.990000	0.000000	0.000000	11.185641	0.625221

var1: 0.000000	 var2: 2.300000
gen	A2		B2		diseq		zbar		sexrat
0	0.990000	0.000000			3.000000	
5000	0.990000	0.000000	0.000000	6.620323	0.733889
10000	0.990000	0.000000	0.000000	8.139963	0.693162
15000	0.990000	0.000000	0.000000	9.050341	0.671126
20000	0.990000	0.000000	0.000000	9.651756	0.657425
25000	0.990000	0.000000	0.000000	10.068385	0.648303
30000	0.990000	0.000000	0.000000	10.365059	0.641984
35000	0.990000	0.000000	0.000000	10.580038	0.637492
40000	0.990000	0.000000	0.000000	10.737651	0.634245
45000	0.990000	0.000000	0.000000	10.854149	0.631869
50000	0.990000	0.000000	0.000000	10.940755	0.630117
55000	0.990000	0.000000	0.000000	11.005407	0.628815
60000	0.990000	0.000000	0.000000	11.053818	0.627845
65000	0.990000	0.000000	0.000000	11.090149	0.627119
70000	0.990000	0.000000	0.000000	11.117460	0.626575
75000	0.990000	0.000000	0.000000	11.138016	0.626166
80000	0.990000	0.000000	0.000000	11.153502	0.625858
85000	0.990000	0.000000	0.000000	11.165176	0.625627
90000	0.990000	0.000000	0.000000	11.173982	0.625452
95000	0.990000	0.000000	0.000000	11.180626	0.625320
100000	0.990000	0.000000	0.000000	11.185641	0.625221

var1: 0.000000	 var2: 2.400000
gen	A2		B2		diseq		zbar		sexrat
0	0.990000	0.000000			3.000000	
5000	0.990000	0.000000	0.000000	6.620323	0.733889
10000	0.990000	0.000000	0.000000	8.139963	0.693162
15000	0.990000	0.000000	0.000000	9.050341	0.671126
20000	0.990000	0.000000	0.000000	9.651756	0.657425
25000	0.990000	0.000000	0.000000	10.068385	0.648303
30000	0.990000	0.000000	0.000000	10.365059	0.641984
35000	0.990000	0.000000	0.000000	10.580038	0.637492
40000	0.990000	0.000000	0.000000	10.737651	0.634245
45000	0.990000	0.000000	0.000000	10.854149	0.631869
50000	0.990000	0.000000	0.000000	10.940755	0.630117
55000	0.990000	0.000000	0.000000	11.005407	0.628815
60000	0.990000	0.000000	0.000000	11.053818	0.627845
65000	0.990000	0.000000	0.000000	11.090149	0.627119
70000	0.990000	0.000000	0.000000	11.117460	0.626575
75000	0.990000	0.000000	0.000000	11.138016	0.626166
80000	0.990000	0.000000	0.000000	11.153502	0.625858
85000	0.990000	0.000000	0.000000	11.165176	0.625627
90000	0.990000	0.000000	0.000000	11.173982	0.625452
95000	0.990000	0.000000	0.000000	11.180626	0.625320
100000	0.990000	0.000000	0.000000	11.185641	0.625221

var1: 0.000000	 var2: 2.500000
gen	A2		B2		diseq		zbar		sexrat
0	0.990000	0.000000			3.000000	
5000	0.990000	0.000000	0.000000	6.620323	0.733889
10000	0.990000	0.000000	0.000000	8.139963	0.693162
15000	0.990000	0.000000	0.000000	9.050341	0.671126
20000	0.990000	0.000000	0.000000	9.651756	0.657425
25000	0.990000	0.000000	0.000000	10.068385	0.648303
30000	0.990000	0.000000	0.000000	10.365059	0.641984
35000	0.990000	0.000000	0.000000	10.580038	0.637492
40000	0.990000	0.000000	0.000000	10.737651	0.634245
45000	0.990000	0.000000	0.000000	10.854149	0.631869
50000	0.990000	0.000000	0.000000	10.940755	0.630117
55000	0.990000	0.000000	0.000000	11.005407	0.628815
60000	0.990000	0.000000	0.000000	11.053818	0.627845
65000	0.990000	0.000000	0.000000	11.090149	0.627119
70000	0.990000	0.000000	0.000000	11.117460	0.626575
75000	0.990000	0.000000	0.000000	11.138016	0.626166
80000	0.990000	0.000000	0.000000	11.153502	0.625858
85000	0.990000	0.000000	0.000000	11.165176	0.625627
90000	0.990000	0.000000	0.000000	11.173982	0.625452
95000	0.990000	0.000000	0.000000	11.180626	0.625320
100000	0.990000	0.000000	0.000000	11.185641	0.625221

var1: 0.000000	 var2: 2.600000
gen	A2		B2		diseq		zbar		sexrat
0	0.990000	0.000000			3.000000	
5000	0.990000	0.000000	0.000000	6.620323	0.733889
10000	0.990000	0.000000	0.000000	8.139963	0.693162
15000	0.990000	0.000000	0.000000	9.050341	0.671126
20000	0.990000	0.000000	0.000000	9.651756	0.657425
25000	0.990000	0.000000	0.000000	10.068385	0.648303
30000	0.990000	0.000000	0.000000	10.365059	0.641984
35000	0.990000	0.000000	0.000000	10.580038	0.637492
40000	0.990000	0.000000	0.000000	10.737651	0.634245
45000	0.990000	0.000000	0.000000	10.854149	0.631869
50000	0.990000	0.000000	0.000000	10.940755	0.630117
55000	0.990000	0.000000	0.000000	11.005407	0.628815
60000	0.990000	0.000000	0.000000	11.053818	0.627845
65000	0.990000	0.000000	0.000000	11.090149	0.627119
70000	0.990000	0.000000	0.000000	11.117460	0.626575
75000	0.990000	0.000000	0.000000	11.138016	0.626166
80000	0.990000	0.000000	0.000000	11.153502	0.625858
85000	0.990000	0.000000	0.000000	11.165176	0.625627
90000	0.990000	0.000000	0.000000	11.173982	0.625452
95000	0.990000	0.000000	0.000000	11.180626	0.625320
100000	0.990000	0.000000	0.000000	11.185641	0.625221

var1: 0.000000	 var2: 2.700000
gen	A2		B2		diseq		zbar		sexrat
0	0.990000	0.000000			3.000000	
5000	0.990000	0.000000	0.000000	6.620323	0.733889
10000	0.990000	0.000000	0.000000	8.139963	0.693162
15000	0.990000	0.000000	0.000000	9.050341	0.671126
20000	0.990000	0.000000	0.000000	9.651756	0.657425
25000	0.990000	0.000000	0.000000	10.068385	0.648303
30000	0.990000	0.000000	0.000000	10.365059	0.641984
35000	0.990000	0.000000	0.000000	10.580038	0.637492
40000	0.990000	0.000000	0.000000	10.737651	0.634245
45000	0.990000	0.000000	0.000000	10.854149	0.631869
50000	0.990000	0.000000	0.000000	10.940755	0.630117
55000	0.990000	0.000000	0.000000	11.005407	0.628815
60000	0.990000	0.000000	0.000000	11.053818	0.627845
65000	0.990000	0.000000	0.000000	11.090149	0.627119
70000	0.990000	0.000000	0.000000	11.117460	0.626575
75000	0.990000	0.000000	0.000000	11.138016	0.626166
80000	0.990000	0.000000	0.000000	11.153502	0.625858
85000	0.990000	0.000000	0.000000	11.165176	0.625627
90000	0.990000	0.000000	0.000000	11.173982	0.625452
95000	0.990000	0.000000	0.000000	11.180626	0.625320
100000	0.990000	0.000000	0.000000	11.185641	0.625221

var1: 0.000000	 var2: 2.800000
gen	A2		B2		diseq		zbar		sexrat
0	0.990000	0.000000			3.000000	
5000	0.990000	0.000000	0.000000	6.620323	0.733889
10000	0.990000	0.000000	0.000000	8.139963	0.693162
15000	0.990000	0.000000	0.000000	9.050341	0.671126
20000	0.990000	0.000000	0.000000	9.651756	0.657425
25000	0.990000	0.000000	0.000000	10.068385	0.648303
30000	0.990000	0.000000	0.000000	10.365059	0.641984
35000	0.990000	0.000000	0.000000	10.580038	0.637492
40000	0.990000	0.000000	0.000000	10.737651	0.634245
45000	0.990000	0.000000	0.000000	10.854149	0.631869
50000	0.990000	0.000000	0.000000	10.940755	0.630117
55000	0.990000	0.000000	0.000000	11.005407	0.628815
60000	0.990000	0.000000	0.000000	11.053818	0.627845
65000	0.990000	0.000000	0.000000	11.090149	0.627119
70000	0.990000	0.000000	0.000000	11.117460	0.626575
75000	0.990000	0.000000	0.000000	11.138016	0.626166
80000	0.990000	0.000000	0.000000	11.153502	0.625858
85000	0.990000	0.000000	0.000000	11.165176	0.625627
90000	0.990000	0.000000	0.000000	11.173982	0.625452
95000	0.990000	0.000000	0.000000	11.180626	0.625320
100000	0.990000	0.000000	0.000000	11.185641	0.625221

var1: 0.000000	 var2: 2.900000
gen	A2		B2		diseq		zbar		sexrat
0	0.990000	0.000000			3.000000	
5000	0.990000	0.000000	0.000000	6.620323	0.733889
10000	0.990000	0.000000	0.000000	8.139963	0.693162
15000	0.990000	0.000000	0.000000	9.050341	0.671126
20000	0.990000	0.000000	0.000000	9.651756	0.657425
25000	0.990000	0.000000	0.000000	10.068385	0.648303
30000	0.990000	0.000000	0.000000	10.365059	0.641984
35000	0.990000	0.000000	0.000000	10.580038	0.637492
40000	0.990000	0.000000	0.000000	10.737651	0.634245
45000	0.990000	0.000000	0.000000	10.854149	0.631869
50000	0.990000	0.000000	0.000000	10.940755	0.630117
55000	0.990000	0.000000	0.000000	11.005407	0.628815
60000	0.990000	0.000000	0.000000	11.053818	0.627845
65000	0.990000	0.000000	0.000000	11.090149	0.627119
70000	0.990000	0.000000	0.000000	11.117460	0.626575
75000	0.990000	0.000000	0.000000	11.138016	0.626166
80000	0.990000	0.000000	0.000000	11.153502	0.625858
85000	0.990000	0.000000	0.000000	11.165176	0.625627
90000	0.990000	0.000000	0.000000	11.173982	0.625452
95000	0.990000	0.000000	0.000000	11.180626	0.625320
100000	0.990000	0.000000	0.000000	11.185641	0.625221

var1: 0.000000	 var2: 3.000000
gen	A2		B2		diseq		zbar		sexrat
0	0.990000	0.000000			3.000000	
5000	0.990000	0.000000	0.000000	6.620323	0.733889
10000	0.990000	0.000000	0.000000	8.139963	0.693162
15000	0.990000	0.000000	0.000000	9.050341	0.671126
20000	0.990000	0.000000	0.000000	9.651756	0.657425
25000	0.990000	0.000000	0.000000	10.068385	0.648303
30000	0.990000	0.000000	0.000000	10.365059	0.641984
35000	0.990000	0.000000	0.000000	10.580038	0.637492
40000	0.990000	0.000000	0.000000	10.737651	0.634245
45000	0.990000	0.000000	0.000000	10.854149	0.631869
50000	0.990000	0.000000	0.000000	10.940755	0.630117
55000	0.990000	0.000000	0.000000	11.005407	0.628815
60000	0.990000	0.000000	0.000000	11.053818	0.627845
65000	0.990000	0.000000	0.000000	11.090149	0.627119
70000	0.990000	0.000000	0.000000	11.117460	0.626575
75000	0.990000	0.000000	0.000000	11.138016	0.626166
80000	0.990000	0.000000	0.000000	11.153502	0.625858
85000	0.990000	0.000000	0.000000	11.165176	0.625627
90000	0.990000	0.000000	0.000000	11.173982	0.625452
95000	0.990000	0.000000	0.000000	11.180626	0.625320
100000	0.990000	0.000000	0.000000	11.185641	0.625221

var1: 0.000000	 var2: 3.100000
gen	A2		B2		diseq		zbar		sexrat
0	0.990000	0.000000			3.000000	
5000	0.990000	0.000000	0.000000	6.620323	0.733889
10000	0.990000	0.000000	0.000000	8.139963	0.693162
15000	0.990000	0.000000	0.000000	9.050341	0.671126
20000	0.990000	0.000000	0.000000	9.651756	0.657425
25000	0.990000	0.000000	0.000000	10.068385	0.648303
30000	0.990000	0.000000	0.000000	10.365059	0.641984
35000	0.990000	0.000000	0.000000	10.580038	0.637492
40000	0.990000	0.000000	0.000000	10.737651	0.634245
45000	0.990000	0.000000	0.000000	10.854149	0.631869
50000	0.990000	0.000000	0.000000	10.940755	0.630117
55000	0.990000	0.000000	0.000000	11.005407	0.628815
60000	0.990000	0.000000	0.000000	11.053818	0.627845
65000	0.990000	0.000000	0.000000	11.090149	0.627119
70000	0.990000	0.000000	0.000000	11.117460	0.626575
75000	0.990000	0.000000	0.000000	11.138016	0.626166
80000	0.990000	0.000000	0.000000	11.153502	0.625858
85000	0.990000	0.000000	0.000000	11.165176	0.625627
90000	0.990000	0.000000	0.000000	11.173982	0.625452
95000	0.990000	0.000000	0.000000	11.180626	0.625320
100000	0.990000	0.000000	0.000000	11.185641	0.625221

var1: 0.000000	 var2: 3.200000
gen	A2		B2		diseq		zbar		sexrat
0	0.990000	0.000000			3.000000	
5000	0.990000	0.000000	0.000000	6.620323	0.733889
10000	0.990000	0.000000	0.000000	8.139963	0.693162
15000	0.990000	0.000000	0.000000	9.050341	0.671126
20000	0.990000	0.000000	0.000000	9.651756	0.657425
25000	0.990000	0.000000	0.000000	10.068385	0.648303
30000	0.990000	0.000000	0.000000	10.365059	0.641984
35000	0.990000	0.000000	0.000000	10.580038	0.637492
40000	0.990000	0.000000	0.000000	10.737651	0.634245
45000	0.990000	0.000000	0.000000	10.854149	0.631869
50000	0.990000	0.000000	0.000000	10.940755	0.630117
55000	0.990000	0.000000	0.000000	11.005407	0.628815
60000	0.990000	0.000000	0.000000	11.053818	0.627845
65000	0.990000	0.000000	0.000000	11.090149	0.627119
70000	0.990000	0.000000	0.000000	11.117460	0.626575
75000	0.990000	0.000000	0.000000	11.138016	0.626166
80000	0.990000	0.000000	0.000000	11.153502	0.625858
85000	0.990000	0.000000	0.000000	11.165176	0.625627
90000	0.990000	0.000000	0.000000	11.173982	0.625452
95000	0.990000	0.000000	0.000000	11.180626	0.625320
100000	0.990000	0.000000	0.000000	11.185641	0.625221

var1: 0.000000	 var2: 3.300000
gen	A2		B2		diseq		zbar		sexrat
0	0.990000	0.000000			3.000000	
5000	0.990000	0.000000	0.000000	6.620323	0.733889
10000	0.990000	0.000000	0.000000	8.139963	0.693162
15000	0.990000	0.000000	0.000000	9.050341	0.671126
20000	0.990000	0.000000	0.000000	9.651756	0.657425
25000	0.990000	0.000000	0.000000	10.068385	0.648303
30000	0.990000	0.000000	0.000000	10.365059	0.641984
35000	0.990000	0.000000	0.000000	10.580038	0.637492
40000	0.990000	0.000000	0.000000	10.737651	0.634245
45000	0.990000	0.000000	0.000000	10.854149	0.631869
50000	0.990000	0.000000	0.000000	10.940755	0.630117
55000	0.990000	0.000000	0.000000	11.005407	0.628815
60000	0.990000	0.000000	0.000000	11.053818	0.627845
65000	0.990000	0.000000	0.000000	11.090149	0.627119
70000	0.990000	0.000000	0.000000	11.117460	0.626575
75000	0.990000	0.000000	0.000000	11.138016	0.626166
80000	0.990000	0.000000	0.000000	11.153502	0.625858
85000	0.990000	0.000000	0.000000	11.165176	0.625627
90000	0.990000	0.000000	0.000000	11.173982	0.625452
95000	0.990000	0.000000	0.000000	11.180626	0.625320
100000	0.990000	0.000000	0.000000	11.185641	0.625221

var1: 0.000000	 var2: 3.400000
gen	A2		B2		diseq		zbar		sexrat
0	0.990000	0.000000			3.000000	
5000	0.990000	0.000000	0.000000	6.620323	0.733889
10000	0.990000	0.000000	0.000000	8.139963	0.693162
15000	0.990000	0.000000	0.000000	9.050341	0.671126
20000	0.990000	0.000000	0.000000	9.651756	0.657425
25000	0.990000	0.000000	0.000000	10.068385	0.648303
30000	0.990000	0.000000	0.000000	10.365059	0.641984
35000	0.990000	0.000000	0.000000	10.580038	0.637492
40000	0.990000	0.000000	0.000000	10.737651	0.634245
45000	0.990000	0.000000	0.000000	10.854149	0.631869
50000	0.990000	0.000000	0.000000	10.940755	0.630117
55000	0.990000	0.000000	0.000000	11.005407	0.628815
60000	0.990000	0.000000	0.000000	11.053818	0.627845
65000	0.990000	0.000000	0.000000	11.090149	0.627119
70000	0.990000	0.000000	0.000000	11.117460	0.626575
75000	0.990000	0.000000	0.000000	11.138016	0.626166
80000	0.990000	0.000000	0.000000	11.153502	0.625858
85000	0.990000	0.000000	0.000000	11.165176	0.625627
90000	0.990000	0.000000	0.000000	11.173982	0.625452
95000	0.990000	0.000000	0.000000	11.180626	0.625320
100000	0.990000	0.000000	0.000000	11.185641	0.625221

var1: 0.000000	 var2: 3.500000
gen	A2		B2		diseq		zbar		sexrat
0	0.990000	0.000000			3.000000	
5000	0.990000	0.000000	0.000000	6.620323	0.733889
10000	0.990000	0.000000	0.000000	8.139963	0.693162
15000	0.990000	0.000000	0.000000	9.050341	0.671126
20000	0.990000	0.000000	0.000000	9.651756	0.657425
25000	0.990000	0.000000	0.000000	10.068385	0.648303
30000	0.990000	0.000000	0.000000	10.365059	0.641984
35000	0.990000	0.000000	0.000000	10.580038	0.637492
40000	0.990000	0.000000	0.000000	10.737651	0.634245
45000	0.990000	0.000000	0.000000	10.854149	0.631869
50000	0.990000	0.000000	0.000000	10.940755	0.630117
55000	0.990000	0.000000	0.000000	11.005407	0.628815
60000	0.990000	0.000000	0.000000	11.053818	0.627845
65000	0.990000	0.000000	0.000000	11.090149	0.627119
70000	0.990000	0.000000	0.000000	11.117460	0.626575
75000	0.990000	0.000000	0.000000	11.138016	0.626166
80000	0.990000	0.000000	0.000000	11.153502	0.625858
85000	0.990000	0.000000	0.000000	11.165176	0.625627
90000	0.990000	0.000000	0.000000	11.173982	0.625452
95000	0.990000	0.000000	0.000000	11.180626	0.625320
100000	0.990000	0.000000	0.000000	11.185641	0.625221

var1: 0.000000	 var2: 3.600000
gen	A2		B2		diseq		zbar		sexrat
0	0.990000	0.000000			3.000000	
5000	0.990000	0.000000	0.000000	6.620323	0.733889
10000	0.990000	0.000000	0.000000	8.139963	0.693162
15000	0.990000	0.000000	0.000000	9.050341	0.671126
20000	0.990000	0.000000	0.000000	9.651756	0.657425
25000	0.990000	0.000000	0.000000	10.068385	0.648303
30000	0.990000	0.000000	0.000000	10.365059	0.641984
35000	0.990000	0.000000	0.000000	10.580038	0.637492
40000	0.990000	0.000000	0.000000	10.737651	0.634245
45000	0.990000	0.000000	0.000000	10.854149	0.631869
50000	0.990000	0.000000	0.000000	10.940755	0.630117
55000	0.990000	0.000000	0.000000	11.005407	0.628815
60000	0.990000	0.000000	0.000000	11.053818	0.627845
65000	0.990000	0.000000	0.000000	11.090149	0.627119
70000	0.990000	0.000000	0.000000	11.117460	0.626575
75000	0.990000	0.000000	0.000000	11.138016	0.626166
80000	0.990000	0.000000	0.000000	11.153502	0.625858
85000	0.990000	0.000000	0.000000	11.165176	0.625627
90000	0.990000	0.000000	0.000000	11.173982	0.625452
95000	0.990000	0.000000	0.000000	11.180626	0.625320
100000	0.990000	0.000000	0.000000	11.185641	0.625221

var1: 0.000000	 var2: 3.700000
gen	A2		B2		diseq		zbar		sexrat
0	0.990000	0.000000			3.000000	
5000	0.990000	0.000000	0.000000	6.620323	0.733889
10000	0.990000	0.000000	0.000000	8.139963	0.693162
15000	0.990000	0.000000	0.000000	9.050341	0.671126
20000	0.990000	0.000000	0.000000	9.651756	0.657425
25000	0.990000	0.000000	0.000000	10.068385	0.648303
30000	0.990000	0.000000	0.000000	10.365059	0.641984
35000	0.990000	0.000000	0.000000	10.580038	0.637492
40000	0.990000	0.000000	0.000000	10.737651	0.634245
45000	0.990000	0.000000	0.000000	10.854149	0.631869
50000	0.990000	0.000000	0.000000	10.940755	0.630117
55000	0.990000	0.000000	0.000000	11.005407	0.628815
60000	0.990000	0.000000	0.000000	11.053818	0.627845
65000	0.990000	0.000000	0.000000	11.090149	0.627119
70000	0.990000	0.000000	0.000000	11.117460	0.626575
75000	0.990000	0.000000	0.000000	11.138016	0.626166
80000	0.990000	0.000000	0.000000	11.153502	0.625858
85000	0.990000	0.000000	0.000000	11.165176	0.625627
90000	0.990000	0.000000	0.000000	11.173982	0.625452
95000	0.990000	0.000000	0.000000	11.180626	0.625320
100000	0.990000	0.000000	0.000000	11.185641	0.625221

var1: 0.000000	 var2: 3.800000
gen	A2		B2		diseq		zbar		sexrat
0	0.990000	0.000000			3.000000	
5000	0.990000	0.000000	0.000000	6.620323	0.733889
10000	0.990000	0.000000	0.000000	8.139963	0.693162
15000	0.990000	0.000000	0.000000	9.050341	0.671126
20000	0.990000	0.000000	0.000000	9.651756	0.657425
25000	0.990000	0.000000	0.000000	10.068385	0.648303
30000	0.990000	0.000000	0.000000	10.365059	0.641984
35000	0.990000	0.000000	0.000000	10.580038	0.637492
40000	0.990000	0.000000	0.000000	10.737651	0.634245
45000	0.990000	0.000000	0.000000	10.854149	0.631869
50000	0.990000	0.000000	0.000000	10.940755	0.630117
55000	0.990000	0.000000	0.000000	11.005407	0.628815
60000	0.990000	0.000000	0.000000	11.053818	0.627845
65000	0.990000	0.000000	0.000000	11.090149	0.627119
70000	0.990000	0.000000	0.000000	11.117460	0.626575
75000	0.990000	0.000000	0.000000	11.138016	0.626166
80000	0.990000	0.000000	0.000000	11.153502	0.625858
85000	0.990000	0.000000	0.000000	11.165176	0.625627
90000	0.990000	0.000000	0.000000	11.173982	0.625452
95000	0.990000	0.000000	0.000000	11.180626	0.625320
100000	0.990000	0.000000	0.000000	11.185641	0.625221

var1: 0.000000	 var2: 3.900000
gen	A2		B2		diseq		zbar		sexrat
0	0.990000	0.000000			3.000000	
5000	0.990000	0.000000	0.000000	6.620323	0.733889
10000	0.990000	0.000000	0.000000	8.139963	0.693162
15000	0.990000	0.000000	0.000000	9.050341	0.671126
20000	0.990000	0.000000	0.000000	9.651756	0.657425
25000	0.990000	0.000000	0.000000	10.068385	0.648303
30000	0.990000	0.000000	0.000000	10.365059	0.641984
35000	0.990000	0.000000	0.000000	10.580038	0.637492
40000	0.990000	0.000000	0.000000	10.737651	0.634245
45000	0.990000	0.000000	0.000000	10.854149	0.631869
50000	0.990000	0.000000	0.000000	10.940755	0.630117
55000	0.990000	0.000000	0.000000	11.005407	0.628815
60000	0.990000	0.000000	0.000000	11.053818	0.627845
65000	0.990000	0.000000	0.000000	11.090149	0.627119
70000	0.990000	0.000000	0.000000	11.117460	0.626575
75000	0.990000	0.000000	0.000000	11.138016	0.626166
80000	0.990000	0.000000	0.000000	11.153502	0.625858
85000	0.990000	0.000000	0.000000	11.165176	0.625627
90000	0.990000	0.000000	0.000000	11.173982	0.625452
95000	0.990000	0.000000	0.000000	11.180626	0.625320
100000	0.990000	0.000000	0.000000	11.185641	0.625221

var1: 0.000000	 var2: 4.000000
gen	A2		B2		diseq		zbar		sexrat
0	0.990000	0.000000			3.000000	
5000	0.990000	0.000000	0.000000	6.620323	0.733889
10000	0.990000	0.000000	0.000000	8.139963	0.693162
15000	0.990000	0.000000	0.000000	9.050341	0.671126
20000	0.990000	0.000000	0.000000	9.651756	0.657425
25000	0.990000	0.000000	0.000000	10.068385	0.648303
30000	0.990000	0.000000	0.000000	10.365059	0.641984
35000	0.990000	0.000000	0.000000	10.580038	0.637492
40000	0.990000	0.000000	0.000000	10.737651	0.634245
45000	0.990000	0.000000	0.000000	10.854149	0.631869
50000	0.990000	0.000000	0.000000	10.940755	0.630117
55000	0.990000	0.000000	0.000000	11.005407	0.628815
60000	0.990000	0.000000	0.000000	11.053818	0.627845
65000	0.990000	0.000000	0.000000	11.090149	0.627119
70000	0.990000	0.000000	0.000000	11.117460	0.626575
75000	0.990000	0.000000	0.000000	11.138016	0.626166
80000	0.990000	0.000000	0.000000	11.153502	0.625858
85000	0.990000	0.000000	0.000000	11.165176	0.625627
90000	0.990000	0.000000	0.000000	11.173982	0.625452
95000	0.990000	0.000000	0.000000	11.180626	0.625320
100000	0.990000	0.000000	0.000000	11.185641	0.625221

var1: 0.002500	 var2: 0.000000
gen	A2		B2		diseq		zbar		sexrat
0	0.990000	0.000000			3.000000	
5000	0.990000	0.000000	0.000000	6.573856	0.788753
10000	0.990000	0.000000	0.000000	7.983520	0.756119
15000	0.990000	0.000000	0.000000	8.773044	0.739231
20000	0.990000	0.000000	0.000000	9.258364	0.729301
25000	0.990000	0.000000	0.000000	9.569939	0.723096
30000	0.990000	0.000000	0.000000	9.774840	0.719087
35000	0.990000	0.000000	0.000000	9.911549	0.716442
40000	0.990000	0.000000	0.000000	10.003597	0.714675
45000	0.990000	0.000000	0.000000	10.065941	0.713484
50000	0.990000	0.000000	0.000000	10.108332	0.712678
55000	0.990000	0.000000	0.000000	10.137232	0.712129
60000	0.990000	0.000000	0.000000	10.156968	0.711755
65000	0.990000	0.000000	0.000000	10.170463	0.711499
70000	0.990000	0.000000	0.000000	10.179697	0.711324
75000	0.990000	0.000000	0.000000	10.186020	0.711205
80000	0.990000	0.000000	0.000000	10.190351	0.711123
85000	0.990000	0.000000	0.000000	10.193318	0.711067
90000	0.990000	0.000000	0.000000	10.195351	0.711028
95000	0.990000	0.000000	0.000000	10.196744	0.711002
100000	0.990000	0.000000	0.000000	10.197699	0.710984

var1: 0.002500	 var2: 0.100000
gen	A2		B2		diseq		zbar		sexrat
0	0.990000	0.000000			3.000000	
5000	0.990000	0.000000	0.000000	6.573856	0.788753
10000	0.990000	0.000000	0.000000	7.983520	0.756119
15000	0.990000	0.000000	0.000000	8.773044	0.739231
20000	0.990000	0.000000	0.000000	9.258364	0.729301
25000	0.990000	0.000000	0.000000	9.569939	0.723096
30000	0.990000	0.000000	0.000000	9.774840	0.719087
35000	0.990000	0.000000	0.000000	9.911549	0.716442
40000	0.990000	0.000000	0.000000	10.003597	0.714675
45000	0.990000	0.000000	0.000000	10.065941	0.713484
50000	0.990000	0.000000	0.000000	10.108332	0.712678
55000	0.990000	0.000000	0.000000	10.137232	0.712129
60000	0.990000	0.000000	0.000000	10.156968	0.711755
65000	0.990000	0.000000	0.000000	10.170463	0.711499
70000	0.990000	0.000000	0.000000	10.179697	0.711324
75000	0.990000	0.000000	0.000000	10.186020	0.711205
80000	0.990000	0.000000	0.000000	10.190351	0.711123
85000	0.990000	0.000000	0.000000	10.193318	0.711067
90000	0.990000	0.000000	0.000000	10.195351	0.711028
95000	0.990000	0.000000	0.000000	10.196744	0.711002
100000	0.990000	0.000000	0.000000	10.197699	0.710984

var1: 0.002500	 var2: 0.200000
gen	A2		B2		diseq		zbar		sexrat
0	0.990000	0.000000			3.000000	
5000	0.990000	0.000000	0.000000	6.573856	0.788753
10000	0.990000	0.000000	0.000000	7.983520	0.756119
15000	0.990000	0.000000	0.000000	8.773044	0.739231
20000	0.990000	0.000000	0.000000	9.258364	0.729301
25000	0.990000	0.000000	0.000000	9.569939	0.723096
30000	0.990000	0.000000	0.000000	9.774840	0.719087
35000	0.990000	0.000000	0.000000	9.911549	0.716442
40000	0.990000	0.000000	0.000000	10.003597	0.714675
45000	0.990000	0.000000	0.000000	10.065941	0.713484
50000	0.990000	0.000000	0.000000	10.108332	0.712678
55000	0.990000	0.000000	0.000000	10.137232	0.712129
60000	0.990000	0.000000	0.000000	10.156968	0.711755
65000	0.990000	0.000000	0.000000	10.170463	0.711499
70000	0.990000	0.000000	0.000000	10.179697	0.711324
75000	0.990000	0.000000	0.000000	10.186020	0.711205
80000	0.990000	0.000000	0.000000	10.190351	0.711123
85000	0.990000	0.000000	0.000000	10.193318	0.711067
90000	0.990000	0.000000	0.000000	10.195351	0.711028
95000	0.990000	0.000000	0.000000	10.196744	0.711002
100000	0.990000	0.000000	0.000000	10.197699	0.710984

var1: 0.002500	 var2: 0.300000
gen	A2		B2		diseq		zbar		sexrat
0	0.990000	0.000000			3.000000	
5000	0.990000	0.000000	0.000000	6.573856	0.788753
10000	0.990000	0.000000	0.000000	7.983520	0.756119
15000	0.990000	0.000000	0.000000	8.773044	0.739231
20000	0.990000	0.000000	0.000000	9.258364	0.729301
25000	0.990000	0.000000	0.000000	9.569939	0.723096
30000	0.990000	0.000000	0.000000	9.774840	0.719087
35000	0.990000	0.000000	0.000000	9.911549	0.716442
40000	0.990000	0.000000	0.000000	10.003597	0.714675
45000	0.990000	0.000000	0.000000	10.065941	0.713484
50000	0.990000	0.000000	0.000000	10.108332	0.712678
55000	0.990000	0.000000	0.000000	10.137232	0.712129
60000	0.990000	0.000000	0.000000	10.156968	0.711755
65000	0.990000	0.000000	0.000000	10.170463	0.711499
70000	0.990000	0.000000	0.000000	10.179697	0.711324
75000	0.990000	0.000000	0.000000	10.186020	0.711205
80000	0.990000	0.000000	0.000000	10.190351	0.711123
85000	0.990000	0.000000	0.000000	10.193318	0.711067
90000	0.990000	0.000000	0.000000	10.195351	0.711028
95000	0.990000	0.000000	0.000000	10.196744	0.711002
100000	0.990000	0.000000	0.000000	10.197699	0.710984

var1: 0.002500	 var2: 0.400000
gen	A2		B2		diseq		zbar		sexrat
0	0.990000	0.000000			3.000000	
5000	0.990000	0.000000	0.000000	6.573856	0.788753
10000	0.990000	0.000000	0.000000	7.983520	0.756119
15000	0.990000	0.000000	0.000000	8.773044	0.739231
20000	0.990000	0.000000	0.000000	9.258364	0.729301
25000	0.990000	0.000000	0.000000	9.569939	0.723096
30000	0.990000	0.000000	0.000000	9.774840	0.719087
35000	0.990000	0.000000	0.000000	9.911549	0.716442
40000	0.990000	0.000000	0.000000	10.003597	0.714675
45000	0.990000	0.000000	0.000000	10.065941	0.713484
50000	0.990000	0.000000	0.000000	10.108332	0.712678
55000	0.990000	0.000000	0.000000	10.137232	0.712129
60000	0.990000	0.000000	0.000000	10.156968	0.711755
65000	0.990000	0.000000	0.000000	10.170463	0.711499
70000	0.990000	0.000000	0.000000	10.179697	0.711324
75000	0.990000	0.000000	0.000000	10.186020	0.711205
80000	0.990000	0.000000	0.000000	10.190351	0.711123
85000	0.990000	0.000000	0.000000	10.193318	0.711067
90000	0.990000	0.000000	0.000000	10.195351	0.711028
95000	0.990000	0.000000	0.000000	10.196744	0.711002
100000	0.990000	0.000000	0.000000	10.197699	0.710984

var1: 0.002500	 var2: 0.500000
gen	A2		B2		diseq		zbar		sexrat
0	0.990000	0.000000			3.000000	
5000	0.990000	0.000000	0.000000	6.573856	0.788753
10000	0.990000	0.000000	0.000000	7.983520	0.756119
15000	0.990000	0.000000	0.000000	8.773044	0.739231
20000	0.990000	0.000000	0.000000	9.258364	0.729301
25000	0.990000	0.000000	0.000000	9.569939	0.723096
30000	0.990000	0.000000	0.000000	9.774840	0.719087
35000	0.990000	0.000000	0.000000	9.911549	0.716442
40000	0.990000	0.000000	0.000000	10.003597	0.714675
45000	0.990000	0.000000	0.000000	10.065941	0.713484
50000	0.990000	0.000000	0.000000	10.108332	0.712678
55000	0.990000	0.000000	0.000000	10.137232	0.712129
60000	0.990000	0.000000	0.000000	10.156968	0.711755
65000	0.990000	0.000000	0.000000	10.170463	0.711499
70000	0.990000	0.000000	0.000000	10.179697	0.711324
75000	0.990000	0.000000	0.000000	10.186020	0.711205
80000	0.990000	0.000000	0.000000	10.190351	0.711123
85000	0.990000	0.000000	0.000000	10.193318	0.711067
90000	0.990000	0.000000	0.000000	10.195351	0.711028
95000	0.990000	0.000000	0.000000	10.196744	0.711002
100000	0.990000	0.000000	0.000000	10.197699	0.710984

var1: 0.002500	 var2: 0.600000
gen	A2		B2		diseq		zbar		sexrat
0	0.990000	0.000000			3.000000	
5000	0.990000	0.000000	0.000000	6.573856	0.788753
10000	0.990000	0.000000	0.000000	7.983520	0.756119
15000	0.990000	0.000000	0.000000	8.773044	0.739231
20000	0.990000	0.000000	0.000000	9.258364	0.729301
25000	0.990000	0.000000	0.000000	9.569939	0.723096
30000	0.990000	0.000000	0.000000	9.774840	0.719087
35000	0.990000	0.000000	0.000000	9.911549	0.716442
40000	0.990000	0.000000	0.000000	10.003597	0.714675
45000	0.990000	0.000000	0.000000	10.065941	0.713484
50000	0.990000	0.000000	0.000000	10.108332	0.712678
55000	0.990000	0.000000	0.000000	10.137232	0.712129
60000	0.990000	0.000000	0.000000	10.156968	0.711755
65000	0.990000	0.000000	0.000000	10.170463	0.711499
70000	0.990000	0.000000	0.000000	10.179697	0.711324
75000	0.990000	0.000000	0.000000	10.186020	0.711205
80000	0.990000	0.000000	0.000000	10.190351	0.711123
85000	0.990000	0.000000	0.000000	10.193318	0.711067
90000	0.990000	0.000000	0.000000	10.195351	0.711028
95000	0.990000	0.000000	0.000000	10.196744	0.711002
100000	0.990000	0.000000	0.000000	10.197699	0.710984

var1: 0.002500	 var2: 0.700000
gen	A2		B2		diseq		zbar		sexrat
0	0.990000	0.000000			3.000000	
5000	0.990000	0.000000	0.000000	6.573856	0.788753
10000	0.990000	0.000000	0.000000	7.983520	0.756119
15000	0.990000	0.000000	0.000000	8.773044	0.739231
20000	0.990000	0.000000	0.000000	9.258364	0.729301
25000	0.990000	0.000000	0.000000	9.569939	0.723096
30000	0.990000	0.000000	0.000000	9.774840	0.719087
35000	0.990000	0.000000	0.000000	9.911549	0.716442
40000	0.990000	0.000000	0.000000	10.003597	0.714675
45000	0.990000	0.000000	0.000000	10.065941	0.713484
50000	0.990000	0.000000	0.000000	10.108332	0.712678
55000	0.990000	0.000000	0.000000	10.137232	0.712129
60000	0.990000	0.000000	0.000000	10.156968	0.711755
65000	0.990000	0.000000	0.000000	10.170463	0.711499
70000	0.990000	0.000000	0.000000	10.179697	0.711324
75000	0.990000	0.000000	0.000000	10.186020	0.711205
80000	0.990000	0.000000	0.000000	10.190351	0.711123
85000	0.990000	0.000000	0.000000	10.193318	0.711067
90000	0.990000	0.000000	0.000000	10.195351	0.711028
95000	0.990000	0.000000	0.000000	10.196744	0.711002
100000	0.990000	0.000000	0.000000	10.197699	0.710984

var1: 0.002500	 var2: 0.800000
gen	A2		B2		diseq		zbar		sexrat
0	0.990000	0.000000			3.000000	
5000	0.990000	0.000000	0.000000	6.573856	0.788753
10000	0.990000	0.000000	0.000000	7.983520	0.756119
15000	0.990000	0.000000	0.000000	8.773044	0.739231
20000	0.990000	0.000000	0.000000	9.258364	0.729301
25000	0.990000	0.000000	0.000000	9.569939	0.723096
30000	0.990000	0.000000	0.000000	9.774840	0.719087
35000	0.990000	0.000000	0.000000	9.911549	0.716442
40000	0.990000	0.000000	0.000000	10.003597	0.714675
45000	0.990000	0.000000	0.000000	10.065941	0.713484
50000	0.990000	0.000000	0.000000	10.108332	0.712678
55000	0.990000	0.000000	0.000000	10.137232	0.712129
60000	0.990000	0.000000	0.000000	10.156968	0.711755
65000	0.990000	0.000000	0.000000	10.170463	0.711499
70000	0.990000	0.000000	0.000000	10.179697	0.711324
75000	0.990000	0.000000	0.000000	10.186020	0.711205
80000	0.990000	0.000000	0.000000	10.190351	0.711123
85000	0.990000	0.000000	0.000000	10.193318	0.711067
90000	0.990000	0.000000	0.000000	10.195351	0.711028
95000	0.990000	0.000000	0.000000	10.196744	0.711002
100000	0.990000	0.000000	0.000000	10.197699	0.710984

var1: 0.002500	 var2: 0.900000
gen	A2		B2		diseq		zbar		sexrat
0	0.990000	0.000000			3.000000	
5000	0.990000	0.000000	0.000000	6.573856	0.788753
10000	0.990000	0.000000	0.000000	7.983520	0.756119
15000	0.990000	0.000000	0.000000	8.773044	0.739231
20000	0.990000	0.000000	0.000000	9.258364	0.729301
25000	0.990000	0.000000	0.000000	9.569939	0.723096
30000	0.990000	0.000000	0.000000	9.774840	0.719087
35000	0.990000	0.000000	0.000000	9.911549	0.716442
40000	0.990000	0.000000	0.000000	10.003597	0.714675
45000	0.990000	0.000000	0.000000	10.065941	0.713484
50000	0.990000	0.000000	0.000000	10.108332	0.712678
55000	0.990000	0.000000	0.000000	10.137232	0.712129
60000	0.990000	0.000000	0.000000	10.156968	0.711755
65000	0.990000	0.000000	0.000000	10.170463	0.711499
70000	0.990000	0.000000	0.000000	10.179697	0.711324
75000	0.990000	0.000000	0.000000	10.186020	0.711205
80000	0.990000	0.000000	0.000000	10.190351	0.711123
85000	0.990000	0.000000	0.000000	10.193318	0.711067
90000	0.990000	0.000000	0.000000	10.195351	0.711028
95000	0.990000	0.000000	0.000000	10.196744	0.711002
100000	0.990000	0.000000	0.000000	10.197699	0.710984

var1: 0.002500	 var2: 1.000000
gen	A2		B2		diseq		zbar		sexrat
0	0.990000	0.000000			3.000000	
5000	0.990000	0.000000	0.000000	6.573856	0.788753
10000	0.990000	0.000000	0.000000	7.983520	0.756119
15000	0.990000	0.000000	0.000000	8.773044	0.739231
20000	0.990000	0.000000	0.000000	9.258364	0.729301
25000	0.990000	0.000000	0.000000	9.569939	0.723096
30000	0.990000	0.000000	0.000000	9.774840	0.719087
35000	0.990000	0.000000	0.000000	9.911549	0.716442
40000	0.990000	0.000000	0.000000	10.003597	0.714675
45000	0.990000	0.000000	0.000000	10.065941	0.713484
50000	0.990000	0.000000	0.000000	10.108332	0.712678
55000	0.990000	0.000000	0.000000	10.137232	0.712129
60000	0.990000	0.000000	0.000000	10.156968	0.711755
65000	0.990000	0.000000	0.000000	10.170463	0.711499
70000	0.990000	0.000000	0.000000	10.179697	0.711324
75000	0.990000	0.000000	0.000000	10.186020	0.711205
80000	0.990000	0.000000	0.000000	10.190351	0.711123
85000	0.990000	0.000000	0.000000	10.193318	0.711067
90000	0.990000	0.000000	0.000000	10.195351	0.711028
95000	0.990000	0.000000	0.000000	10.196744	0.711002
100000	0.990000	0.000000	0.000000	10.197699	0.710984

var1: 0.002500	 var2: 1.100000
gen	A2		B2		diseq		zbar		sexrat
0	0.990000	0.000000			3.000000	
5000	0.990000	0.000000	0.000000	6.573856	0.788753
10000	0.990000	0.000000	0.000000	7.983520	0.756119
15000	0.990000	0.000000	0.000000	8.773044	0.739231
20000	0.990000	0.000000	0.000000	9.258364	0.729301
25000	0.990000	0.000000	0.000000	9.569939	0.723096
30000	0.990000	0.000000	0.000000	9.774840	0.719087
35000	0.990000	0.000000	0.000000	9.911549	0.716442
40000	0.990000	0.000000	0.000000	10.003597	0.714675
45000	0.990000	0.000000	0.000000	10.065941	0.713484
50000	0.990000	0.000000	0.000000	10.108332	0.712678
55000	0.990000	0.000000	0.000000	10.137232	0.712129
60000	0.990000	0.000000	0.000000	10.156968	0.711755
65000	0.990000	0.000000	0.000000	10.170463	0.711499
70000	0.990000	0.000000	0.000000	10.179697	0.711324
75000	0.990000	0.000000	0.000000	10.186020	0.711205
80000	0.990000	0.000000	0.000000	10.190351	0.711123
85000	0.990000	0.000000	0.000000	10.193318	0.711067
90000	0.990000	0.000000	0.000000	10.195351	0.711028
95000	0.990000	0.000000	0.000000	10.196744	0.711002
100000	0.990000	0.000000	0.000000	10.197699	0.710984

var1: 0.002500	 var2: 1.200000
gen	A2		B2		diseq		zbar		sexrat
0	0.990000	0.000000			3.000000	
5000	0.990000	0.000000	0.000000	6.573856	0.788753
10000	0.990000	0.000000	0.000000	7.983520	0.756119
15000	0.990000	0.000000	0.000000	8.773044	0.739231
20000	0.990000	0.000000	0.000000	9.258364	0.729301
25000	0.990000	0.000000	0.000000	9.569939	0.723096
30000	0.990000	0.000000	0.000000	9.774840	0.719087
35000	0.990000	0.000000	0.000000	9.911549	0.716442
40000	0.990000	0.000000	0.000000	10.003597	0.714675
45000	0.990000	0.000000	0.000000	10.065941	0.713484
50000	0.990000	0.000000	0.000000	10.108332	0.712678
55000	0.990000	0.000000	0.000000	10.137232	0.712129
60000	0.990000	0.000000	0.000000	10.156968	0.711755
65000	0.990000	0.000000	0.000000	10.170463	0.711499
70000	0.990000	0.000000	0.000000	10.179697	0.711324
75000	0.990000	0.000000	0.000000	10.186020	0.711205
80000	0.990000	0.000000	0.000000	10.190351	0.711123
85000	0.990000	0.000000	0.000000	10.193318	0.711067
90000	0.990000	0.000000	0.000000	10.195351	0.711028
95000	0.990000	0.000000	0.000000	10.196744	0.711002
100000	0.990000	0.000000	0.000000	10.197699	0.710984

var1: 0.002500	 var2: 1.300000
gen	A2		B2		diseq		zbar		sexrat
0	0.990000	0.000000			3.000000	
5000	0.990000	0.000000	0.000000	6.573856	0.788753
10000	0.990000	0.000000	0.000000	7.983520	0.756119
15000	0.990000	0.000000	0.000000	8.773044	0.739231
20000	0.990000	0.000000	0.000000	9.258364	0.729301
25000	0.990000	0.000000	0.000000	9.569939	0.723096
30000	0.990000	0.000000	0.000000	9.774840	0.719087
35000	0.990000	0.000000	0.000000	9.911549	0.716442
40000	0.990000	0.000000	0.000000	10.003597	0.714675
45000	0.990000	0.000000	0.000000	10.065941	0.713484
50000	0.990000	0.000000	0.000000	10.108332	0.712678
55000	0.990000	0.000000	0.000000	10.137232	0.712129
60000	0.990000	0.000000	0.000000	10.156968	0.711755
65000	0.990000	0.000000	0.000000	10.170463	0.711499
70000	0.990000	0.000000	0.000000	10.179697	0.711324
75000	0.990000	0.000000	0.000000	10.186020	0.711205
80000	0.990000	0.000000	0.000000	10.190351	0.711123
85000	0.990000	0.000000	0.000000	10.193318	0.711067
90000	0.990000	0.000000	0.000000	10.195351	0.711028
95000	0.990000	0.000000	0.000000	10.196744	0.711002
100000	0.990000	0.000000	0.000000	10.197699	0.710984

var1: 0.002500	 var2: 1.400000
gen	A2		B2		diseq		zbar		sexrat
0	0.990000	0.000000			3.000000	
5000	0.990000	0.000000	0.000000	6.573856	0.788753
10000	0.990000	0.000000	0.000000	7.983520	0.756119
15000	0.990000	0.000000	0.000000	8.773044	0.739231
20000	0.990000	0.000000	0.000000	9.258364	0.729301
25000	0.990000	0.000000	0.000000	9.569939	0.723096
30000	0.990000	0.000000	0.000000	9.774840	0.719087
35000	0.990000	0.000000	0.000000	9.911549	0.716442
40000	0.990000	0.000000	0.000000	10.003597	0.714675
45000	0.990000	0.000000	0.000000	10.065941	0.713484
50000	0.990000	0.000000	0.000000	10.108332	0.712678
55000	0.990000	0.000000	0.000000	10.137232	0.712129
60000	0.990000	0.000000	0.000000	10.156968	0.711755
65000	0.990000	0.000000	0.000000	10.170463	0.711499
70000	0.990000	0.000000	0.000000	10.179697	0.711324
75000	0.990000	0.000000	0.000000	10.186020	0.711205
80000	0.990000	0.000000	0.000000	10.190351	0.711123
85000	0.990000	0.000000	0.000000	10.193318	0.711067
90000	0.990000	0.000000	0.000000	10.195351	0.711028
95000	0.990000	0.000000	0.000000	10.196744	0.711002
100000	0.990000	0.000000	0.000000	10.197699	0.710984

var1: 0.002500	 var2: 1.500000
gen	A2		B2		diseq		zbar		sexrat
0	0.990000	0.000000			3.000000	
5000	0.990000	0.000000	0.000000	6.573856	0.788753
10000	0.990000	0.000000	0.000000	7.983520	0.756119
15000	0.990000	0.000000	0.000000	8.773044	0.739231
20000	0.990000	0.000000	0.000000	9.258364	0.729301
25000	0.990000	0.000000	0.000000	9.569939	0.723096
30000	0.990000	0.000000	0.000000	9.774840	0.719087
35000	0.990000	0.000000	0.000000	9.911549	0.716442
40000	0.990000	0.000000	0.000000	10.003597	0.714675
45000	0.990000	0.000000	0.000000	10.065941	0.713484
50000	0.990000	0.000000	0.000000	10.108332	0.712678
55000	0.990000	0.000000	0.000000	10.137232	0.712129
60000	0.990000	0.000000	0.000000	10.156968	0.711755
65000	0.990000	0.000000	0.000000	10.170463	0.711499
70000	0.990000	0.000000	0.000000	10.179697	0.711324
75000	0.990000	0.000000	0.000000	10.186020	0.711205
80000	0.990000	0.000000	0.000000	10.190351	0.711123
85000	0.990000	0.000000	0.000000	10.193318	0.711067
90000	0.990000	0.000000	0.000000	10.195351	0.711028
95000	0.990000	0.000000	0.000000	10.196744	0.711002
100000	0.990000	0.000000	0.000000	10.197699	0.710984

var1: 0.002500	 var2: 1.600000
gen	A2		B2		diseq		zbar		sexrat
0	0.990000	0.000000			3.000000	
5000	0.990000	0.000000	0.000000	6.573856	0.788753
10000	0.990000	0.000000	0.000000	7.983520	0.756119
15000	0.990000	0.000000	0.000000	8.773044	0.739231
20000	0.990000	0.000000	0.000000	9.258364	0.729301
25000	0.990000	0.000000	0.000000	9.569939	0.723096
30000	0.990000	0.000000	0.000000	9.774840	0.719087
35000	0.990000	0.000000	0.000000	9.911549	0.716442
40000	0.990000	0.000000	0.000000	10.003597	0.714675
45000	0.990000	0.000000	0.000000	10.065941	0.713484
50000	0.990000	0.000000	0.000000	10.108332	0.712678
55000	0.990000	0.000000	0.000000	10.137232	0.712129
60000	0.990000	0.000000	0.000000	10.156968	0.711755
65000	0.990000	0.000000	0.000000	10.170463	0.711499
70000	0.990000	0.000000	0.000000	10.179697	0.711324
75000	0.990000	0.000000	0.000000	10.186020	0.711205
80000	0.990000	0.000000	0.000000	10.190351	0.711123
85000	0.990000	0.000000	0.000000	10.193318	0.711067
90000	0.990000	0.000000	0.00000