
########################### Run 1 ######################
var1: 0.000000	 var2: 0.000000
gen	A2		B2		diseq		zbar		sexrat
0	0.990000	0.000000			3.000000	
5000	0.990000	0.000000	0.000000	7.066629	0.372927
10000	0.990000	0.000000	0.000000	8.639714	0.335223
15000	0.990000	0.000000	0.000000	9.523538	0.318231
20000	0.990000	0.000000	0.000000	10.072532	0.308851
25000	0.990000	0.000000	0.000000	10.430184	0.303160
30000	0.990000	0.000000	0.000000	10.669510	0.299522
35000	0.990000	0.000000	0.000000	10.832302	0.297121
40000	0.990000	0.000000	0.000000	10.944206	0.295504
45000	0.990000	0.000000	0.000000	11.021666	0.294400
50000	0.990000	0.000000	0.000000	11.075536	0.293640
55000	0.990000	0.000000	0.000000	11.113121	0.293113
60000	0.990000	0.000000	0.000000	11.139401	0.292746
65000	0.990000	0.000000	0.000000	11.157805	0.292490
70000	0.990000	0.000000	0.000000	11.170707	0.292311
75000	0.990000	0.000000	0.000000	11.179759	0.292185
80000	0.990000	0.000000	0.000000	11.186112	0.292097
85000	0.990000	0.000000	0.000000	11.190574	0.292036
90000	0.990000	0.000000	0.000000	11.193707	0.291992
95000	0.990000	0.000000	0.000000	11.195909	0.291962
100000	0.990000	0.000000	0.000000	11.197455	0.291941

var1: 0.000000	 var2: 0.100000
gen	A2		B2		diseq		zbar		sexrat
0	0.990000	0.000000			3.000000	
5000	0.990000	0.000000	0.000000	7.066629	0.372927
10000	0.990000	0.000000	0.000000	8.639714	0.335223
15000	0.990000	0.000000	0.000000	9.523538	0.318231
20000	0.990000	0.000000	0.000000	10.072532	0.308851
25000	0.990000	0.000000	0.000000	10.430184	0.303160
30000	0.990000	0.000000	0.000000	10.669510	0.299522
35000	0.990000	0.000000	0.000000	10.832302	0.297121
40000	0.990000	0.000000	0.000000	10.944206	0.295504
45000	0.990000	0.000000	0.000000	11.021666	0.294400
50000	0.990000	0.000000	0.000000	11.075536	0.293640
55000	0.990000	0.000000	0.000000	11.113121	0.293113
60000	0.990000	0.000000	0.000000	11.139401	0.292746
65000	0.990000	0.000000	0.000000	11.157805	0.292490
70000	0.990000	0.000000	0.000000	11.170707	0.292311
75000	0.990000	0.000000	0.000000	11.179759	0.292185
80000	0.990000	0.000000	0.000000	11.186112	0.292097
85000	0.990000	0.000000	0.000000	11.190574	0.292036
90000	0.990000	0.000000	0.000000	11.193707	0.291992
95000	0.990000	0.000000	0.000000	11.195909	0.291962
100000	0.990000	0.000000	0.000000	11.197455	0.291941

var1: 0.000000	 var2: 0.200000
gen	A2		B2		diseq		zbar		sexrat
0	0.990000	0.000000			3.000000	
5000	0.990000	0.000000	0.000000	7.066629	0.372927
10000	0.990000	0.000000	0.000000	8.639714	0.335223
15000	0.990000	0.000000	0.000000	9.523538	0.318231
20000	0.990000	0.000000	0.000000	10.072532	0.308851
25000	0.990000	0.000000	0.000000	10.430184	0.303160
30000	0.990000	0.000000	0.000000	10.669510	0.299522
35000	0.990000	0.000000	0.000000	10.832302	0.297121
40000	0.990000	0.000000	0.000000	10.944206	0.295504
45000	0.990000	0.000000	0.000000	11.021666	0.294400
50000	0.990000	0.000000	0.000000	11.075536	0.293640
55000	0.990000	0.000000	0.000000	11.113121	0.293113
60000	0.990000	0.000000	0.000000	11.139401	0.292746
65000	0.990000	0.000000	0.000000	11.157805	0.292490
70000	0.990000	0.000000	0.000000	11.170707	0.292311
75000	0.990000	0.000000	0.000000	11.179759	0.292185
80000	0.990000	0.000000	0.000000	11.186112	0.292097
85000	0.990000	0.000000	0.000000	11.190574	0.292036
90000	0.990000	0.000000	0.000000	11.193707	0.291992
95000	0.990000	0.000000	0.000000	11.195909	0.291962
100000	0.990000	0.000000	0.000000	11.197455	0.291941

var1: 0.000000	 var2: 0.300000
gen	A2		B2		diseq		zbar		sexrat
0	0.990000	0.000000			3.000000	
5000	0.990000	0.000000	0.000000	7.066629	0.372927
10000	0.990000	0.000000	0.000000	8.639714	0.335223
15000	0.990000	0.000000	0.000000	9.523538	0.318231
20000	0.990000	0.000000	0.000000	10.072532	0.308851
25000	0.990000	0.000000	0.000000	10.430184	0.303160
30000	0.990000	0.000000	0.000000	10.669510	0.299522
35000	0.990000	0.000000	0.000000	10.832302	0.297121
40000	0.990000	0.000000	0.000000	10.944206	0.295504
45000	0.990000	0.000000	0.000000	11.021666	0.294400
50000	0.990000	0.000000	0.000000	11.075536	0.293640
55000	0.990000	0.000000	0.000000	11.113121	0.293113
60000	0.990000	0.000000	0.000000	11.139401	0.292746
65000	0.990000	0.000000	0.000000	11.157805	0.292490
70000	0.990000	0.000000	0.000000	11.170707	0.292311
75000	0.990000	0.000000	0.000000	11.179759	0.292185
80000	0.990000	0.000000	0.000000	11.186112	0.292097
85000	0.990000	0.000000	0.000000	11.190574	0.292036
90000	0.990000	0.000000	0.000000	11.193707	0.291992
95000	0.990000	0.000000	0.000000	11.195909	0.291962
100000	0.990000	0.000000	0.000000	11.197455	0.291941

var1: 0.000000	 var2: 0.400000
gen	A2		B2		diseq		zbar		sexrat
0	0.990000	0.000000			3.000000	
5000	0.990000	0.000000	0.000000	7.066629	0.372927
10000	0.990000	0.000000	0.000000	8.639714	0.335223
15000	0.990000	0.000000	0.000000	9.523538	0.318231
20000	0.990000	0.000000	0.000000	10.072532	0.308851
25000	0.990000	0.000000	0.000000	10.430184	0.303160
30000	0.990000	0.000000	0.000000	10.669510	0.299522
35000	0.990000	0.000000	0.000000	10.832302	0.297121
40000	0.990000	0.000000	0.000000	10.944206	0.295504
45000	0.990000	0.000000	0.000000	11.021666	0.294400
50000	0.990000	0.000000	0.000000	11.075536	0.293640
55000	0.990000	0.000000	0.000000	11.113121	0.293113
60000	0.990000	0.000000	0.000000	11.139401	0.292746
65000	0.990000	0.000000	0.000000	11.157805	0.292490
70000	0.990000	0.000000	0.000000	11.170707	0.292311
75000	0.990000	0.000000	0.000000	11.179759	0.292185
80000	0.990000	0.000000	0.000000	11.186112	0.292097
85000	0.990000	0.000000	0.000000	11.190574	0.292036
90000	0.990000	0.000000	0.000000	11.193707	0.291992
95000	0.990000	0.000000	0.000000	11.195909	0.291962
100000	0.990000	0.000000	0.000000	11.197455	0.291941

var1: 0.000000	 var2: 0.500000
gen	A2		B2		diseq		zbar		sexrat
0	0.990000	0.000000			3.000000	
5000	0.990000	0.000000	0.000000	7.066629	0.372927
10000	0.990000	0.000000	0.000000	8.639714	0.335223
15000	0.990000	0.000000	0.000000	9.523538	0.318231
20000	0.990000	0.000000	0.000000	10.072532	0.308851
25000	0.990000	0.000000	0.000000	10.430184	0.303160
30000	0.990000	0.000000	0.000000	10.669510	0.299522
35000	0.990000	0.000000	0.000000	10.832302	0.297121
40000	0.990000	0.000000	0.000000	10.944206	0.295504
45000	0.990000	0.000000	0.000000	11.021666	0.294400
50000	0.990000	0.000000	0.000000	11.075536	0.293640
55000	0.990000	0.000000	0.000000	11.113121	0.293113
60000	0.990000	0.000000	0.000000	11.139401	0.292746
65000	0.990000	0.000000	0.000000	11.157805	0.292490
70000	0.990000	0.000000	0.000000	11.170707	0.292311
75000	0.990000	0.000000	0.000000	11.179759	0.292185
80000	0.990000	0.000000	0.000000	11.186112	0.292097
85000	0.990000	0.000000	0.000000	11.190574	0.292036
90000	0.990000	0.000000	0.000000	11.193707	0.291992
95000	0.990000	0.000000	0.000000	11.195909	0.291962
100000	0.990000	0.000000	0.000000	11.197455	0.291941

var1: 0.000000	 var2: 0.600000
gen	A2		B2		diseq		zbar		sexrat
0	0.990000	0.000000			3.000000	
5000	0.990000	0.000000	0.000000	7.066629	0.372927
10000	0.990000	0.000000	0.000000	8.639714	0.335223
15000	0.990000	0.000000	0.000000	9.523538	0.318231
20000	0.990000	0.000000	0.000000	10.072532	0.308851
25000	0.990000	0.000000	0.000000	10.430184	0.303160
30000	0.990000	0.000000	0.000000	10.669510	0.299522
35000	0.990000	0.000000	0.000000	10.832302	0.297121
40000	0.990000	0.000000	0.000000	10.944206	0.295504
45000	0.990000	0.000000	0.000000	11.021666	0.294400
50000	0.990000	0.000000	0.000000	11.075536	0.293640
55000	0.990000	0.000000	0.000000	11.113121	0.293113
60000	0.990000	0.000000	0.000000	11.139401	0.292746
65000	0.990000	0.000000	0.000000	11.157805	0.292490
70000	0.990000	0.000000	0.000000	11.170707	0.292311
75000	0.990000	0.000000	0.000000	11.179759	0.292185
80000	0.990000	0.000000	0.000000	11.186112	0.292097
85000	0.990000	0.000000	0.000000	11.190574	0.292036
90000	0.990000	0.000000	0.000000	11.193707	0.291992
95000	0.990000	0.000000	0.000000	11.195909	0.291962
100000	0.990000	0.000000	0.000000	11.197455	0.291941

var1: 0.000000	 var2: 0.700000
gen	A2		B2		diseq		zbar		sexrat
0	0.990000	0.000000			3.000000	
5000	0.990000	0.000000	0.000000	7.066629	0.372927
10000	0.990000	0.000000	0.000000	8.639714	0.335223
15000	0.990000	0.000000	0.000000	9.523538	0.318231
20000	0.990000	0.000000	0.000000	10.072532	0.308851
25000	0.990000	0.000000	0.000000	10.430184	0.303160
30000	0.990000	0.000000	0.000000	10.669510	0.299522
35000	0.990000	0.000000	0.000000	10.832302	0.297121
40000	0.990000	0.000000	0.000000	10.944206	0.295504
45000	0.990000	0.000000	0.000000	11.021666	0.294400
50000	0.990000	0.000000	0.000000	11.075536	0.293640
55000	0.990000	0.000000	0.000000	11.113121	0.293113
60000	0.990000	0.000000	0.000000	11.139401	0.292746
65000	0.990000	0.000000	0.000000	11.157805	0.292490
70000	0.990000	0.000000	0.000000	11.170707	0.292311
75000	0.990000	0.000000	0.000000	11.179759	0.292185
80000	0.990000	0.000000	0.000000	11.186112	0.292097
85000	0.990000	0.000000	0.000000	11.190574	0.292036
90000	0.990000	0.000000	0.000000	11.193707	0.291992
95000	0.990000	0.000000	0.000000	11.195909	0.291962
100000	0.990000	0.000000	0.000000	11.197455	0.291941

var1: 0.000000	 var2: 0.800000
gen	A2		B2		diseq		zbar		sexrat
0	0.990000	0.000000			3.000000	
5000	0.990000	0.000000	0.000000	7.066629	0.372927
10000	0.990000	0.000000	0.000000	8.639714	0.335223
15000	0.990000	0.000000	0.000000	9.523538	0.318231
20000	0.990000	0.000000	0.000000	10.072532	0.308851
25000	0.990000	0.000000	0.000000	10.430184	0.303160
30000	0.990000	0.000000	0.000000	10.669510	0.299522
35000	0.990000	0.000000	0.000000	10.832302	0.297121
40000	0.990000	0.000000	0.000000	10.944206	0.295504
45000	0.990000	0.000000	0.000000	11.021666	0.294400
50000	0.990000	0.000000	0.000000	11.075536	0.293640
55000	0.990000	0.000000	0.000000	11.113121	0.293113
60000	0.990000	0.000000	0.000000	11.139401	0.292746
65000	0.990000	0.000000	0.000000	11.157805	0.292490
70000	0.990000	0.000000	0.000000	11.170707	0.292311
75000	0.990000	0.000000	0.000000	11.179759	0.292185
80000	0.990000	0.000000	0.000000	11.186112	0.292097
85000	0.990000	0.000000	0.000000	11.190574	0.292036
90000	0.990000	0.000000	0.000000	11.193707	0.291992
95000	0.990000	0.000000	0.000000	11.195909	0.291962
100000	0.990000	0.000000	0.000000	11.197455	0.291941

var1: 0.000000	 var2: 0.900000
gen	A2		B2		diseq		zbar		sexrat
0	0.990000	0.000000			3.000000	
5000	0.990000	0.000000	0.000000	7.066629	0.372927
10000	0.990000	0.000000	0.000000	8.639714	0.335223
15000	0.990000	0.000000	0.000000	9.523538	0.318231
20000	0.990000	0.000000	0.000000	10.072532	0.308851
25000	0.990000	0.000000	0.000000	10.430184	0.303160
30000	0.990000	0.000000	0.000000	10.669510	0.299522
35000	0.990000	0.000000	0.000000	10.832302	0.297121
40000	0.990000	0.000000	0.000000	10.944206	0.295504
45000	0.990000	0.000000	0.000000	11.021666	0.294400
50000	0.990000	0.000000	0.000000	11.075536	0.293640
55000	0.990000	0.000000	0.000000	11.113121	0.293113
60000	0.990000	0.000000	0.000000	11.139401	0.292746
65000	0.990000	0.000000	0.000000	11.157805	0.292490
70000	0.990000	0.000000	0.000000	11.170707	0.292311
75000	0.990000	0.000000	0.000000	11.179759	0.292185
80000	0.990000	0.000000	0.000000	11.186112	0.292097
85000	0.990000	0.000000	0.000000	11.190574	0.292036
90000	0.990000	0.000000	0.000000	11.193707	0.291992
95000	0.990000	0.000000	0.000000	11.195909	0.291962
100000	0.990000	0.000000	0.000000	11.197455	0.291941

var1: 0.000000	 var2: 1.000000
gen	A2		B2		diseq		zbar		sexrat
0	0.990000	0.000000			3.000000	
5000	0.990000	0.000000	0.000000	7.066629	0.372927
10000	0.990000	0.000000	0.000000	8.639714	0.335223
15000	0.990000	0.000000	0.000000	9.523538	0.318231
20000	0.990000	0.000000	0.000000	10.072532	0.308851
25000	0.990000	0.000000	0.000000	10.430184	0.303160
30000	0.990000	0.000000	0.000000	10.669510	0.299522
35000	0.990000	0.000000	0.000000	10.832302	0.297121
40000	0.990000	0.000000	0.000000	10.944206	0.295504
45000	0.990000	0.000000	0.000000	11.021666	0.294400
50000	0.990000	0.000000	0.000000	11.075536	0.293640
55000	0.990000	0.000000	0.000000	11.113121	0.293113
60000	0.990000	0.000000	0.000000	11.139401	0.292746
65000	0.990000	0.000000	0.000000	11.157805	0.292490
70000	0.990000	0.000000	0.000000	11.170707	0.292311
75000	0.990000	0.000000	0.000000	11.179759	0.292185
80000	0.990000	0.000000	0.000000	11.186112	0.292097
85000	0.990000	0.000000	0.000000	11.190574	0.292036
90000	0.990000	0.000000	0.000000	11.193707	0.291992
95000	0.990000	0.000000	0.000000	11.195909	0.291962
100000	0.990000	0.000000	0.000000	11.197455	0.291941

var1: 0.000000	 var2: 1.100000
gen	A2		B2		diseq		zbar		sexrat
0	0.990000	0.000000			3.000000	
5000	0.990000	0.000000	0.000000	7.066629	0.372927
10000	0.990000	0.000000	0.000000	8.639714	0.335223
15000	0.990000	0.000000	0.000000	9.523538	0.318231
20000	0.990000	0.000000	0.000000	10.072532	0.308851
25000	0.990000	0.000000	0.000000	10.430184	0.303160
30000	0.990000	0.000000	0.000000	10.669510	0.299522
35000	0.990000	0.000000	0.000000	10.832302	0.297121
40000	0.990000	0.000000	0.000000	10.944206	0.295504
45000	0.990000	0.000000	0.000000	11.021666	0.294400
50000	0.990000	0.000000	0.000000	11.075536	0.293640
55000	0.990000	0.000000	0.000000	11.113121	0.293113
60000	0.990000	0.000000	0.000000	11.139401	0.292746
65000	0.990000	0.000000	0.000000	11.157805	0.292490
70000	0.990000	0.000000	0.000000	11.170707	0.292311
75000	0.990000	0.000000	0.000000	11.179759	0.292185
80000	0.990000	0.000000	0.000000	11.186112	0.292097
85000	0.990000	0.000000	0.000000	11.190574	0.292036
90000	0.990000	0.000000	0.000000	11.193707	0.291992
95000	0.990000	0.000000	0.000000	11.195909	0.291962
100000	0.990000	0.000000	0.000000	11.197455	0.291941

var1: 0.000000	 var2: 1.200000
gen	A2		B2		diseq		zbar		sexrat
0	0.990000	0.000000			3.000000	
5000	0.990000	0.000000	0.000000	7.066629	0.372927
10000	0.990000	0.000000	0.000000	8.639714	0.335223
15000	0.990000	0.000000	0.000000	9.523538	0.318231
20000	0.990000	0.000000	0.000000	10.072532	0.308851
25000	0.990000	0.000000	0.000000	10.430184	0.303160
30000	0.990000	0.000000	0.000000	10.669510	0.299522
35000	0.990000	0.000000	0.000000	10.832302	0.297121
40000	0.990000	0.000000	0.000000	10.944206	0.295504
45000	0.990000	0.000000	0.000000	11.021666	0.294400
50000	0.990000	0.000000	0.000000	11.075536	0.293640
55000	0.990000	0.000000	0.000000	11.113121	0.293113
60000	0.990000	0.000000	0.000000	11.139401	0.292746
65000	0.990000	0.000000	0.000000	11.157805	0.292490
70000	0.990000	0.000000	0.000000	11.170707	0.292311
75000	0.990000	0.000000	0.000000	11.179759	0.292185
80000	0.990000	0.000000	0.000000	11.186112	0.292097
85000	0.990000	0.000000	0.000000	11.190574	0.292036
90000	0.990000	0.000000	0.000000	11.193707	0.291992
95000	0.990000	0.000000	0.000000	11.195909	0.291962
100000	0.990000	0.000000	0.000000	11.197455	0.291941

var1: 0.000000	 var2: 1.300000
gen	A2		B2		diseq		zbar		sexrat
0	0.990000	0.000000			3.000000	
5000	0.990000	0.000000	0.000000	7.066629	0.372927
10000	0.990000	0.000000	0.000000	8.639714	0.335223
15000	0.990000	0.000000	0.000000	9.523538	0.318231
20000	0.990000	0.000000	0.000000	10.072532	0.308851
25000	0.990000	0.000000	0.000000	10.430184	0.303160
30000	0.990000	0.000000	0.000000	10.669510	0.299522
35000	0.990000	0.000000	0.000000	10.832302	0.297121
40000	0.990000	0.000000	0.000000	10.944206	0.295504
45000	0.990000	0.000000	0.000000	11.021666	0.294400
50000	0.990000	0.000000	0.000000	11.075536	0.293640
55000	0.990000	0.000000	0.000000	11.113121	0.293113
60000	0.990000	0.000000	0.000000	11.139401	0.292746
65000	0.990000	0.000000	0.000000	11.157805	0.292490
70000	0.990000	0.000000	0.000000	11.170707	0.292311
75000	0.990000	0.000000	0.000000	11.179759	0.292185
80000	0.990000	0.000000	0.000000	11.186112	0.292097
85000	0.990000	0.000000	0.000000	11.190574	0.292036
90000	0.990000	0.000000	0.000000	11.193707	0.291992
95000	0.990000	0.000000	0.000000	11.195909	0.291962
100000	0.990000	0.000000	0.000000	11.197455	0.291941

var1: 0.000000	 var2: 1.400000
gen	A2		B2		diseq		zbar		sexrat
0	0.990000	0.000000			3.000000	
5000	0.990000	0.000000	0.000000	7.066629	0.372927
10000	0.990000	0.000000	0.000000	8.639714	0.335223
15000	0.990000	0.000000	0.000000	9.523538	0.318231
20000	0.990000	0.000000	0.000000	10.072532	0.308851
25000	0.990000	0.000000	0.000000	10.430184	0.303160
30000	0.990000	0.000000	0.000000	10.669510	0.299522
35000	0.990000	0.000000	0.000000	10.832302	0.297121
40000	0.990000	0.000000	0.000000	10.944206	0.295504
45000	0.990000	0.000000	0.000000	11.021666	0.294400
50000	0.990000	0.000000	0.000000	11.075536	0.293640
55000	0.990000	0.000000	0.000000	11.113121	0.293113
60000	0.990000	0.000000	0.000000	11.139401	0.292746
65000	0.990000	0.000000	0.000000	11.157805	0.292490
70000	0.990000	0.000000	0.000000	11.170707	0.292311
75000	0.990000	0.000000	0.000000	11.179759	0.292185
80000	0.990000	0.000000	0.000000	11.186112	0.292097
85000	0.990000	0.000000	0.000000	11.190574	0.292036
90000	0.990000	0.000000	0.000000	11.193707	0.291992
95000	0.990000	0.000000	0.000000	11.195909	0.291962
100000	0.990000	0.000000	0.000000	11.197455	0.291941

var1: 0.000000	 var2: 1.500000
gen	A2		B2		diseq		zbar		sexrat
0	0.990000	0.000000			3.000000	
5000	0.990000	0.000000	0.000000	7.066629	0.372927
10000	0.990000	0.000000	0.000000	8.639714	0.335223
15000	0.990000	0.000000	0.000000	9.523538	0.318231
20000	0.990000	0.000000	0.000000	10.072532	0.308851
25000	0.990000	0.000000	0.000000	10.430184	0.303160
30000	0.990000	0.000000	0.000000	10.669510	0.299522
35000	0.990000	0.000000	0.000000	10.832302	0.297121
40000	0.990000	0.000000	0.000000	10.944206	0.295504
45000	0.990000	0.000000	0.000000	11.021666	0.294400
50000	0.990000	0.000000	0.000000	11.075536	0.293640
55000	0.990000	0.000000	0.000000	11.113121	0.293113
60000	0.990000	0.000000	0.000000	11.139401	0.292746
65000	0.990000	0.000000	0.000000	11.157805	0.292490
70000	0.990000	0.000000	0.000000	11.170707	0.292311
75000	0.990000	0.000000	0.000000	11.179759	0.292185
80000	0.990000	0.000000	0.000000	11.186112	0.292097
85000	0.990000	0.000000	0.000000	11.190574	0.292036
90000	0.990000	0.000000	0.000000	11.193707	0.291992
95000	0.990000	0.000000	0.000000	11.195909	0.291962
100000	0.990000	0.000000	0.000000	11.197455	0.291941

var1: 0.000000	 var2: 1.600000
gen	A2		B2		diseq		zbar		sexrat
0	0.990000	0.000000			3.000000	
5000	0.990000	0.000000	0.000000	7.066629	0.372927
10000	0.990000	0.000000	0.000000	8.639714	0.335223
15000	0.990000	0.000000	0.000000	9.523538	0.318231
20000	0.990000	0.000000	0.000000	10.072532	0.308851
25000	0.990000	0.000000	0.000000	10.430184	0.303160
30000	0.990000	0.000000	0.000000	10.669510	0.299522
35000	0.990000	0.000000	0.000000	10.832302	0.297121
40000	0.990000	0.000000	0.000000	10.944206	0.295504
45000	0.990000	0.000000	0.000000	11.021666	0.294400
50000	0.990000	0.000000	0.000000	11.075536	0.293640
55000	0.990000	0.000000	0.000000	11.113121	0.293113
60000	0.990000	0.000000	0.000000	11.139401	0.292746
65000	0.990000	0.000000	0.000000	11.157805	0.292490
70000	0.990000	0.000000	0.000000	11.170707	0.292311
75000	0.990000	0.000000	0.000000	11.179759	0.292185
80000	0.990000	0.000000	0.000000	11.186112	0.292097
85000	0.990000	0.000000	0.000000	11.190574	0.292036
90000	0.990000	0.000000	0.000000	11.193707	0.291992
95000	0.990000	0.000000	0.000000	11.195909	0.291962
100000	0.990000	0.000000	0.000000	11.197455	0.291941

var1: 0.000000	 var2: 1.700000
gen	A2		B2		diseq		zbar		sexrat
0	0.990000	0.000000			3.000000	
5000	0.990000	0.000000	0.000000	7.066629	0.372927
10000	0.990000	0.000000	0.000000	8.639714	0.335223
15000	0.990000	0.000000	0.000000	9.523538	0.318231
20000	0.990000	0.000000	0.000000	10.072532	0.308851
25000	0.990000	0.000000	0.000000	10.430184	0.303160
30000	0.990000	0.000000	0.000000	10.669510	0.299522
35000	0.990000	0.000000	0.000000	10.832302	0.297121
40000	0.990000	0.000000	0.000000	10.944206	0.295504
45000	0.990000	0.000000	0.000000	11.021666	0.294400
50000	0.990000	0.000000	0.000000	11.075536	0.293640
55000	0.990000	0.000000	0.000000	11.113121	0.293113
60000	0.990000	0.000000	0.000000	11.139401	0.292746
65000	0.990000	0.000000	0.000000	11.157805	0.292490
70000	0.990000	0.000000	0.000000	11.170707	0.292311
75000	0.990000	0.000000	0.000000	11.179759	0.292185
80000	0.990000	0.000000	0.000000	11.186112	0.292097
85000	0.990000	0.000000	0.000000	11.190574	0.292036
90000	0.990000	0.000000	0.000000	11.193707	0.291992
95000	0.990000	0.000000	0.000000	11.195909	0.291962
100000	0.990000	0.000000	0.000000	11.197455	0.291941

var1: 0.000000	 var2: 1.800000
gen	A2		B2		diseq		zbar		sexrat
0	0.990000	0.000000			3.000000	
5000	0.990000	0.000000	0.000000	7.066629	0.372927
10000	0.990000	0.000000	0.000000	8.639714	0.335223
15000	0.990000	0.000000	0.000000	9.523538	0.318231
20000	0.990000	0.000000	0.000000	10.072532	0.308851
25000	0.990000	0.000000	0.000000	10.430184	0.303160
30000	0.990000	0.000000	0.000000	10.669510	0.299522
35000	0.990000	0.000000	0.000000	10.832302	0.297121
40000	0.990000	0.000000	0.000000	10.944206	0.295504
45000	0.990000	0.000000	0.000000	11.021666	0.294400
50000	0.990000	0.000000	0.000000	11.075536	0.293640
55000	0.990000	0.000000	0.000000	11.113121	0.293113
60000	0.990000	0.000000	0.000000	11.139401	0.292746
65000	0.990000	0.000000	0.000000	11.157805	0.292490
70000	0.990000	0.000000	0.000000	11.170707	0.292311
75000	0.990000	0.000000	0.000000	11.179759	0.292185
80000	0.990000	0.000000	0.000000	11.186112	0.292097
85000	0.990000	0.000000	0.000000	11.190574	0.292036
90000	0.990000	0.000000	0.000000	11.193707	0.291992
95000	0.990000	0.000000	0.000000	11.195909	0.291962
100000	0.990000	0.000000	0.000000	11.197455	0.291941

var1: 0.000000	 var2: 1.900000
gen	A2		B2		diseq		zbar		sexrat
0	0.990000	0.000000			3.000000	
5000	0.990000	0.000000	0.000000	7.066629	0.372927
10000	0.990000	0.000000	0.000000	8.639714	0.335223
15000	0.990000	0.000000	0.000000	9.523538	0.318231
20000	0.990000	0.000000	0.000000	10.072532	0.308851
25000	0.990000	0.000000	0.000000	10.430184	0.303160
30000	0.990000	0.000000	0.000000	10.669510	0.299522
35000	0.990000	0.000000	0.000000	10.832302	0.297121
40000	0.990000	0.000000	0.000000	10.944206	0.295504
45000	0.990000	0.000000	0.000000	11.021666	0.294400
50000	0.990000	0.000000	0.000000	11.075536	0.293640
55000	0.990000	0.000000	0.000000	11.113121	0.293113
60000	0.990000	0.000000	0.000000	11.139401	0.292746
65000	0.990000	0.000000	0.000000	11.157805	0.292490
70000	0.990000	0.000000	0.000000	11.170707	0.292311
75000	0.990000	0.000000	0.000000	11.179759	0.292185
80000	0.990000	0.000000	0.000000	11.186112	0.292097
85000	0.990000	0.000000	0.000000	11.190574	0.292036
90000	0.990000	0.000000	0.000000	11.193707	0.291992
95000	0.990000	0.000000	0.000000	11.195909	0.291962
100000	0.990000	0.000000	0.000000	11.197455	0.291941

var1: 0.000000	 var2: 2.000000
gen	A2		B2		diseq		zbar		sexrat
0	0.990000	0.000000			3.000000	
5000	0.990000	0.000000	0.000000	7.066629	0.372927
10000	0.990000	0.000000	0.000000	8.639714	0.335223
15000	0.990000	0.000000	0.000000	9.523538	0.318231
20000	0.990000	0.000000	0.000000	10.072532	0.308851
25000	0.990000	0.000000	0.000000	10.430184	0.303160
30000	0.990000	0.000000	0.000000	10.669510	0.299522
35000	0.990000	0.000000	0.000000	10.832302	0.297121
40000	0.990000	0.000000	0.000000	10.944206	0.295504
45000	0.990000	0.000000	0.000000	11.021666	0.294400
50000	0.990000	0.000000	0.000000	11.075536	0.293640
55000	0.990000	0.000000	0.000000	11.113121	0.293113
60000	0.990000	0.000000	0.000000	11.139401	0.292746
65000	0.990000	0.000000	0.000000	11.157805	0.292490
70000	0.990000	0.000000	0.000000	11.170707	0.292311
75000	0.990000	0.000000	0.000000	11.179759	0.292185
80000	0.990000	0.000000	0.000000	11.186112	0.292097
85000	0.990000	0.000000	0.000000	11.190574	0.292036
90000	0.990000	0.000000	0.000000	11.193707	0.291992
95000	0.990000	0.000000	0.000000	11.195909	0.291962
100000	0.990000	0.000000	0.000000	11.197455	0.291941

var1: 0.000000	 var2: 2.100000
gen	A2		B2		diseq		zbar		sexrat
0	0.990000	0.000000			3.000000	
5000	0.990000	0.000000	0.000000	7.066629	0.372927
10000	0.990000	0.000000	0.000000	8.639714	0.335223
15000	0.990000	0.000000	0.000000	9.523538	0.318231
20000	0.990000	0.000000	0.000000	10.072532	0.308851
25000	0.990000	0.000000	0.000000	10.430184	0.303160
30000	0.990000	0.000000	0.000000	10.669510	0.299522
35000	0.990000	0.000000	0.000000	10.832302	0.297121
40000	0.990000	0.000000	0.000000	10.944206	0.295504
45000	0.990000	0.000000	0.000000	11.021666	0.294400
50000	0.990000	0.000000	0.000000	11.075536	0.293640
55000	0.990000	0.000000	0.000000	11.113121	0.293113
60000	0.990000	0.000000	0.000000	11.139401	0.292746
65000	0.990000	0.000000	0.000000	11.157805	0.292490
70000	0.990000	0.000000	0.000000	11.170707	0.292311
75000	0.990000	0.000000	0.000000	11.179759	0.292185
80000	0.990000	0.000000	0.000000	11.186112	0.292097
85000	0.990000	0.000000	0.000000	11.190574	0.292036
90000	0.990000	0.000000	0.000000	11.193707	0.291992
95000	0.990000	0.000000	0.000000	11.195909	0.291962
100000	0.990000	0.000000	0.000000	11.197455	0.291941

var1: 0.000000	 var2: 2.200000
gen	A2		B2		diseq		zbar		sexrat
0	0.990000	0.000000			3.000000	
5000	0.990000	0.000000	0.000000	7.066629	0.372927
10000	0.990000	0.000000	0.000000	8.639714	0.335223
15000	0.990000	0.000000	0.000000	9.523538	0.318231
20000	0.990000	0.000000	0.000000	10.072532	0.308851
25000	0.990000	0.000000	0.000000	10.430184	0.303160
30000	0.990000	0.000000	0.000000	10.669510	0.299522
35000	0.990000	0.000000	0.000000	10.832302	0.297121
40000	0.990000	0.000000	0.000000	10.944206	0.295504
45000	0.990000	0.000000	0.000000	11.021666	0.294400
50000	0.990000	0.000000	0.000000	11.075536	0.293640
55000	0.990000	0.000000	0.000000	11.113121	0.293113
60000	0.990000	0.000000	0.000000	11.139401	0.292746
65000	0.990000	0.000000	0.000000	11.157805	0.292490
70000	0.990000	0.000000	0.000000	11.170707	0.292311
75000	0.990000	0.000000	0.000000	11.179759	0.292185
80000	0.990000	0.000000	0.000000	11.186112	0.292097
85000	0.990000	0.000000	0.000000	11.190574	0.292036
90000	0.990000	0.000000	0.000000	11.193707	0.291992
95000	0.990000	0.000000	0.000000	11.195909	0.291962
100000	0.990000	0.000000	0.000000	11.197455	0.291941

var1: 0.000000	 var2: 2.300000
gen	A2		B2		diseq		zbar		sexrat
0	0.990000	0.000000			3.000000	
5000	0.990000	0.000000	0.000000	7.066629	0.372927
10000	0.990000	0.000000	0.000000	8.639714	0.335223
15000	0.990000	0.000000	0.000000	9.523538	0.318231
20000	0.990000	0.000000	0.000000	10.072532	0.308851
25000	0.990000	0.000000	0.000000	10.430184	0.303160
30000	0.990000	0.000000	0.000000	10.669510	0.299522
35000	0.990000	0.000000	0.000000	10.832302	0.297121
40000	0.990000	0.000000	0.000000	10.944206	0.295504
45000	0.990000	0.000000	0.000000	11.021666	0.294400
50000	0.990000	0.000000	0.000000	11.075536	0.293640
55000	0.990000	0.000000	0.000000	11.113121	0.293113
60000	0.990000	0.000000	0.000000	11.139401	0.292746
65000	0.990000	0.000000	0.000000	11.157805	0.292490
70000	0.990000	0.000000	0.000000	11.170707	0.292311
75000	0.990000	0.000000	0.000000	11.179759	0.292185
80000	0.990000	0.000000	0.000000	11.186112	0.292097
85000	0.990000	0.000000	0.000000	11.190574	0.292036
90000	0.990000	0.000000	0.000000	11.193707	0.291992
95000	0.990000	0.000000	0.000000	11.195909	0.291962
100000	0.990000	0.000000	0.000000	11.197455	0.291941

var1: 0.000000	 var2: 2.400000
gen	A2		B2		diseq		zbar		sexrat
0	0.990000	0.000000			3.000000	
5000	0.990000	0.000000	0.000000	7.066629	0.372927
10000	0.990000	0.000000	0.000000	8.639714	0.335223
15000	0.990000	0.000000	0.000000	9.523538	0.318231
20000	0.990000	0.000000	0.000000	10.072532	0.308851
25000	0.990000	0.000000	0.000000	10.430184	0.303160
30000	0.990000	0.000000	0.000000	10.669510	0.299522
35000	0.990000	0.000000	0.000000	10.832302	0.297121
40000	0.990000	0.000000	0.000000	10.944206	0.295504
45000	0.990000	0.000000	0.000000	11.021666	0.294400
50000	0.990000	0.000000	0.000000	11.075536	0.293640
55000	0.990000	0.000000	0.000000	11.113121	0.293113
60000	0.990000	0.000000	0.000000	11.139401	0.292746
65000	0.990000	0.000000	0.000000	11.157805	0.292490
70000	0.990000	0.000000	0.000000	11.170707	0.292311
75000	0.990000	0.000000	0.000000	11.179759	0.292185
80000	0.990000	0.000000	0.000000	11.186112	0.292097
85000	0.990000	0.000000	0.000000	11.190574	0.292036
90000	0.990000	0.000000	0.000000	11.193707	0.291992
95000	0.990000	0.000000	0.000000	11.195909	0.291962
100000	0.990000	0.000000	0.000000	11.197455	0.291941

var1: 0.000000	 var2: 2.500000
gen	A2		B2		diseq		zbar		sexrat
0	0.990000	0.000000			3.000000	
5000	0.990000	0.000000	0.000000	7.066629	0.372927
10000	0.990000	0.000000	0.000000	8.639714	0.335223
15000	0.990000	0.000000	0.000000	9.523538	0.318231
20000	0.990000	0.000000	0.000000	10.072532	0.308851
25000	0.990000	0.000000	0.000000	10.430184	0.303160
30000	0.990000	0.000000	0.000000	10.669510	0.299522
35000	0.990000	0.000000	0.000000	10.832302	0.297121
40000	0.990000	0.000000	0.000000	10.944206	0.295504
45000	0.990000	0.000000	0.000000	11.021666	0.294400
50000	0.990000	0.000000	0.000000	11.075536	0.293640
55000	0.990000	0.000000	0.000000	11.113121	0.293113
60000	0.990000	0.000000	0.000000	11.139401	0.292746
65000	0.990000	0.000000	0.000000	11.157805	0.292490
70000	0.990000	0.000000	0.000000	11.170707	0.292311
75000	0.990000	0.000000	0.000000	11.179759	0.292185
80000	0.990000	0.000000	0.000000	11.186112	0.292097
85000	0.990000	0.000000	0.000000	11.190574	0.292036
90000	0.990000	0.000000	0.000000	11.193707	0.291992
95000	0.990000	0.000000	0.000000	11.195909	0.291962
100000	0.990000	0.000000	0.000000	11.197455	0.291941

var1: 0.000000	 var2: 2.600000
gen	A2		B2		diseq		zbar		sexrat
0	0.990000	0.000000			3.000000	
5000	0.990000	0.000000	0.000000	7.066629	0.372927
10000	0.990000	0.000000	0.000000	8.639714	0.335223
15000	0.990000	0.000000	0.000000	9.523538	0.318231
20000	0.990000	0.000000	0.000000	10.072532	0.308851
25000	0.990000	0.000000	0.000000	10.430184	0.303160
30000	0.990000	0.000000	0.000000	10.669510	0.299522
35000	0.990000	0.000000	0.000000	10.832302	0.297121
40000	0.990000	0.000000	0.000000	10.944206	0.295504
45000	0.990000	0.000000	0.000000	11.021666	0.294400
50000	0.990000	0.000000	0.000000	11.075536	0.293640
55000	0.990000	0.000000	0.000000	11.113121	0.293113
60000	0.990000	0.000000	0.000000	11.139401	0.292746
65000	0.990000	0.000000	0.000000	11.157805	0.292490
70000	0.990000	0.000000	0.000000	11.170707	0.292311
75000	0.990000	0.000000	0.000000	11.179759	0.292185
80000	0.990000	0.000000	0.000000	11.186112	0.292097
85000	0.990000	0.000000	0.000000	11.190574	0.292036
90000	0.990000	0.000000	0.000000	11.193707	0.291992
95000	0.990000	0.000000	0.000000	11.195909	0.291962
100000	0.990000	0.000000	0.000000	11.197455	0.291941

var1: 0.000000	 var2: 2.700000
gen	A2		B2		diseq		zbar		sexrat
0	0.990000	0.000000			3.000000	
5000	0.990000	0.000000	0.000000	7.066629	0.372927
10000	0.990000	0.000000	0.000000	8.639714	0.335223
15000	0.990000	0.000000	0.000000	9.523538	0.318231
20000	0.990000	0.000000	0.000000	10.072532	0.308851
25000	0.990000	0.000000	0.000000	10.430184	0.303160
30000	0.990000	0.000000	0.000000	10.669510	0.299522
35000	0.990000	0.000000	0.000000	10.832302	0.297121
40000	0.990000	0.000000	0.000000	10.944206	0.295504
45000	0.990000	0.000000	0.000000	11.021666	0.294400
50000	0.990000	0.000000	0.000000	11.075536	0.293640
55000	0.990000	0.000000	0.000000	11.113121	0.293113
60000	0.990000	0.000000	0.000000	11.139401	0.292746
65000	0.990000	0.000000	0.000000	11.157805	0.292490
70000	0.990000	0.000000	0.000000	11.170707	0.292311
75000	0.990000	0.000000	0.000000	11.179759	0.292185
80000	0.990000	0.000000	0.000000	11.186112	0.292097
85000	0.990000	0.000000	0.000000	11.190574	0.292036
90000	0.990000	0.000000	0.000000	11.193707	0.291992
95000	0.990000	0.000000	0.000000	11.195909	0.291962
100000	0.990000	0.000000	0.000000	11.197455	0.291941

var1: 0.000000	 var2: 2.800000
gen	A2		B2		diseq		zbar		sexrat
0	0.990000	0.000000			3.000000	
5000	0.990000	0.000000	0.000000	7.066629	0.372927
10000	0.990000	0.000000	0.000000	8.639714	0.335223
15000	0.990000	0.000000	0.000000	9.523538	0.318231
20000	0.990000	0.000000	0.000000	10.072532	0.308851
25000	0.990000	0.000000	0.000000	10.430184	0.303160
30000	0.990000	0.000000	0.000000	10.669510	0.299522
35000	0.990000	0.000000	0.000000	10.832302	0.297121
40000	0.990000	0.000000	0.000000	10.944206	0.295504
45000	0.990000	0.000000	0.000000	11.021666	0.294400
50000	0.990000	0.000000	0.000000	11.075536	0.293640
55000	0.990000	0.000000	0.000000	11.113121	0.293113
60000	0.990000	0.000000	0.000000	11.139401	0.292746
65000	0.990000	0.000000	0.000000	11.157805	0.292490
70000	0.990000	0.000000	0.000000	11.170707	0.292311
75000	0.990000	0.000000	0.000000	11.179759	0.292185
80000	0.990000	0.000000	0.000000	11.186112	0.292097
85000	0.990000	0.000000	0.000000	11.190574	0.292036
90000	0.990000	0.000000	0.000000	11.193707	0.291992
95000	0.990000	0.000000	0.000000	11.195909	0.291962
100000	0.990000	0.000000	0.000000	11.197455	0.291941

var1: 0.000000	 var2: 2.900000
gen	A2		B2		diseq		zbar		sexrat
0	0.990000	0.000000			3.000000	
5000	0.990000	0.000000	0.000000	7.066629	0.372927
10000	0.990000	0.000000	0.000000	8.639714	0.335223
15000	0.990000	0.000000	0.000000	9.523538	0.318231
20000	0.990000	0.000000	0.000000	10.072532	0.308851
25000	0.990000	0.000000	0.000000	10.430184	0.303160
30000	0.990000	0.000000	0.000000	10.669510	0.299522
35000	0.990000	0.000000	0.000000	10.832302	0.297121
40000	0.990000	0.000000	0.000000	10.944206	0.295504
45000	0.990000	0.000000	0.000000	11.021666	0.294400
50000	0.990000	0.000000	0.000000	11.075536	0.293640
55000	0.990000	0.000000	0.000000	11.113121	0.293113
60000	0.990000	0.000000	0.000000	11.139401	0.292746
65000	0.990000	0.000000	0.000000	11.157805	0.292490
70000	0.990000	0.000000	0.000000	11.170707	0.292311
75000	0.990000	0.000000	0.000000	11.179759	0.292185
80000	0.990000	0.000000	0.000000	11.186112	0.292097
85000	0.990000	0.000000	0.000000	11.190574	0.292036
90000	0.990000	0.000000	0.000000	11.193707	0.291992
95000	0.990000	0.000000	0.000000	11.195909	0.291962
100000	0.990000	0.000000	0.000000	11.197455	0.291941

var1: 0.000000	 var2: 3.000000
gen	A2		B2		diseq		zbar		sexrat
0	0.990000	0.000000			3.000000	
5000	0.990000	0.000000	0.000000	7.066629	0.372927
10000	0.990000	0.000000	0.000000	8.639714	0.335223
15000	0.990000	0.000000	0.000000	9.523538	0.318231
20000	0.990000	0.000000	0.000000	10.072532	0.308851
25000	0.990000	0.000000	0.000000	10.430184	0.303160
30000	0.990000	0.000000	0.000000	10.669510	0.299522
35000	0.990000	0.000000	0.000000	10.832302	0.297121
40000	0.990000	0.000000	0.000000	10.944206	0.295504
45000	0.990000	0.000000	0.000000	11.021666	0.294400
50000	0.990000	0.000000	0.000000	11.075536	0.293640
55000	0.990000	0.000000	0.000000	11.113121	0.293113
60000	0.990000	0.000000	0.000000	11.139401	0.292746
65000	0.990000	0.000000	0.000000	11.157805	0.292490
70000	0.990000	0.000000	0.000000	11.170707	0.292311
75000	0.990000	0.000000	0.000000	11.179759	0.292185
80000	0.990000	0.000000	0.000000	11.186112	0.292097
85000	0.990000	0.000000	0.000000	11.190574	0.292036
90000	0.990000	0.000000	0.000000	11.193707	0.291992
95000	0.990000	0.000000	0.000000	11.195909	0.291962
100000	0.990000	0.000000	0.000000	11.197455	0.291941

var1: 0.000000	 var2: 3.100000
gen	A2		B2		diseq		zbar		sexrat
0	0.990000	0.000000			3.000000	
5000	0.990000	0.000000	0.000000	7.066629	0.372927
10000	0.990000	0.000000	0.000000	8.639714	0.335223
15000	0.990000	0.000000	0.000000	9.523538	0.318231
20000	0.990000	0.000000	0.000000	10.072532	0.308851
25000	0.990000	0.000000	0.000000	10.430184	0.303160
30000	0.990000	0.000000	0.000000	10.669510	0.299522
35000	0.990000	0.000000	0.000000	10.832302	0.297121
40000	0.990000	0.000000	0.000000	10.944206	0.295504
45000	0.990000	0.000000	0.000000	11.021666	0.294400
50000	0.990000	0.000000	0.000000	11.075536	0.293640
55000	0.990000	0.000000	0.000000	11.113121	0.293113
60000	0.990000	0.000000	0.000000	11.139401	0.292746
65000	0.990000	0.000000	0.000000	11.157805	0.292490
70000	0.990000	0.000000	0.000000	11.170707	0.292311
75000	0.990000	0.000000	0.000000	11.179759	0.292185
80000	0.990000	0.000000	0.000000	11.186112	0.292097
85000	0.990000	0.000000	0.000000	11.190574	0.292036
90000	0.990000	0.000000	0.000000	11.193707	0.291992
95000	0.990000	0.000000	0.000000	11.195909	0.291962
100000	0.990000	0.000000	0.000000	11.197455	0.291941

var1: 0.000000	 var2: 3.200000
gen	A2		B2		diseq		zbar		sexrat
0	0.990000	0.000000			3.000000	
5000	0.990000	0.000000	0.000000	7.066629	0.372927
10000	0.990000	0.000000	0.000000	8.639714	0.335223
15000	0.990000	0.000000	0.000000	9.523538	0.318231
20000	0.990000	0.000000	0.000000	10.072532	0.308851
25000	0.990000	0.000000	0.000000	10.430184	0.303160
30000	0.990000	0.000000	0.000000	10.669510	0.299522
35000	0.990000	0.000000	0.000000	10.832302	0.297121
40000	0.990000	0.000000	0.000000	10.944206	0.295504
45000	0.990000	0.000000	0.000000	11.021666	0.294400
50000	0.990000	0.000000	0.000000	11.075536	0.293640
55000	0.990000	0.000000	0.000000	11.113121	0.293113
60000	0.990000	0.000000	0.000000	11.139401	0.292746
65000	0.990000	0.000000	0.000000	11.157805	0.292490
70000	0.990000	0.000000	0.000000	11.170707	0.292311
75000	0.990000	0.000000	0.000000	11.179759	0.292185
80000	0.990000	0.000000	0.000000	11.186112	0.292097
85000	0.990000	0.000000	0.000000	11.190574	0.292036
90000	0.990000	0.000000	0.000000	11.193707	0.291992
95000	0.990000	0.000000	0.000000	11.195909	0.291962
100000	0.990000	0.000000	0.000000	11.197455	0.291941

var1: 0.000000	 var2: 3.300000
gen	A2		B2		diseq		zbar		sexrat
0	0.990000	0.000000			3.000000	
5000	0.990000	0.000000	0.000000	7.066629	0.372927
10000	0.990000	0.000000	0.000000	8.639714	0.335223
15000	0.990000	0.000000	0.000000	9.523538	0.318231
20000	0.990000	0.000000	0.000000	10.072532	0.308851
25000	0.990000	0.000000	0.000000	10.430184	0.303160
30000	0.990000	0.000000	0.000000	10.669510	0.299522
35000	0.990000	0.000000	0.000000	10.832302	0.297121
40000	0.990000	0.000000	0.000000	10.944206	0.295504
45000	0.990000	0.000000	0.000000	11.021666	0.294400
50000	0.990000	0.000000	0.000000	11.075536	0.293640
55000	0.990000	0.000000	0.000000	11.113121	0.293113
60000	0.990000	0.000000	0.000000	11.139401	0.292746
65000	0.990000	0.000000	0.000000	11.157805	0.292490
70000	0.990000	0.000000	0.000000	11.170707	0.292311
75000	0.990000	0.000000	0.000000	11.179759	0.292185
80000	0.990000	0.000000	0.000000	11.186112	0.292097
85000	0.990000	0.000000	0.000000	11.190574	0.292036
90000	0.990000	0.000000	0.000000	11.193707	0.291992
95000	0.990000	0.000000	0.000000	11.195909	0.291962
100000	0.990000	0.000000	0.000000	11.197455	0.291941

var1: 0.000000	 var2: 3.400000
gen	A2		B2		diseq		zbar		sexrat
0	0.990000	0.000000			3.000000	
5000	0.990000	0.000000	0.000000	7.066629	0.372927
10000	0.990000	0.000000	0.000000	8.639714	0.335223
15000	0.990000	0.000000	0.000000	9.523538	0.318231
20000	0.990000	0.000000	0.000000	10.072532	0.308851
25000	0.990000	0.000000	0.000000	10.430184	0.303160
30000	0.990000	0.000000	0.000000	10.669510	0.299522
35000	0.990000	0.000000	0.000000	10.832302	0.297121
40000	0.990000	0.000000	0.000000	10.944206	0.295504
45000	0.990000	0.000000	0.000000	11.021666	0.294400
50000	0.990000	0.000000	0.000000	11.075536	0.293640
55000	0.990000	0.000000	0.000000	11.113121	0.293113
60000	0.990000	0.000000	0.000000	11.139401	0.292746
65000	0.990000	0.000000	0.000000	11.157805	0.292490
70000	0.990000	0.000000	0.000000	11.170707	0.292311
75000	0.990000	0.000000	0.000000	11.179759	0.292185
80000	0.990000	0.000000	0.000000	11.186112	0.292097
85000	0.990000	0.000000	0.000000	11.190574	0.292036
90000	0.990000	0.000000	0.000000	11.193707	0.291992
95000	0.990000	0.000000	0.000000	11.195909	0.291962
100000	0.990000	0.000000	0.000000	11.197455	0.291941

var1: 0.000000	 var2: 3.500000
gen	A2		B2		diseq		zbar		sexrat
0	0.990000	0.000000			3.000000	
5000	0.990000	0.000000	0.000000	7.066629	0.372927
10000	0.990000	0.000000	0.000000	8.639714	0.335223
15000	0.990000	0.000000	0.000000	9.523538	0.318231
20000	0.990000	0.000000	0.000000	10.072532	0.308851
25000	0.990000	0.000000	0.000000	10.430184	0.303160
30000	0.990000	0.000000	0.000000	10.669510	0.299522
35000	0.990000	0.000000	0.000000	10.832302	0.297121
40000	0.990000	0.000000	0.000000	10.944206	0.295504
45000	0.990000	0.000000	0.000000	11.021666	0.294400
50000	0.990000	0.000000	0.000000	11.075536	0.293640
55000	0.990000	0.000000	0.000000	11.113121	0.293113
60000	0.990000	0.000000	0.000000	11.139401	0.292746
65000	0.990000	0.000000	0.000000	11.157805	0.292490
70000	0.990000	0.000000	0.000000	11.170707	0.292311
75000	0.990000	0.000000	0.000000	11.179759	0.292185
80000	0.990000	0.000000	0.000000	11.186112	0.292097
85000	0.990000	0.000000	0.000000	11.190574	0.292036
90000	0.990000	0.000000	0.000000	11.193707	0.291992
95000	0.990000	0.000000	0.000000	11.195909	0.291962
100000	0.990000	0.000000	0.000000	11.197455	0.291941

var1: 0.000000	 var2: 3.600000
gen	A2		B2		diseq		zbar		sexrat
0	0.990000	0.000000			3.000000	
5000	0.990000	0.000000	0.000000	7.066629	0.372927
10000	0.990000	0.000000	0.000000	8.639714	0.335223
15000	0.990000	0.000000	0.000000	9.523538	0.318231
20000	0.990000	0.000000	0.000000	10.072532	0.308851
25000	0.990000	0.000000	0.000000	10.430184	0.303160
30000	0.990000	0.000000	0.000000	10.669510	0.299522
35000	0.990000	0.000000	0.000000	10.832302	0.297121
40000	0.990000	0.000000	0.000000	10.944206	0.295504
45000	0.990000	0.000000	0.000000	11.021666	0.294400
50000	0.990000	0.000000	0.000000	11.075536	0.293640
55000	0.990000	0.000000	0.000000	11.113121	0.293113
60000	0.990000	0.000000	0.000000	11.139401	0.292746
65000	0.990000	0.000000	0.000000	11.157805	0.292490
70000	0.990000	0.000000	0.000000	11.170707	0.292311
75000	0.990000	0.000000	0.000000	11.179759	0.292185
80000	0.990000	0.000000	0.000000	11.186112	0.292097
85000	0.990000	0.000000	0.000000	11.190574	0.292036
90000	0.990000	0.000000	0.000000	11.193707	0.291992
95000	0.990000	0.000000	0.000000	11.195909	0.291962
100000	0.990000	0.000000	0.000000	11.197455	0.291941

var1: 0.000000	 var2: 3.700000
gen	A2		B2		diseq		zbar		sexrat
0	0.990000	0.000000			3.000000	
5000	0.990000	0.000000	0.000000	7.066629	0.372927
10000	0.990000	0.000000	0.000000	8.639714	0.335223
15000	0.990000	0.000000	0.000000	9.523538	0.318231
20000	0.990000	0.000000	0.000000	10.072532	0.308851
25000	0.990000	0.000000	0.000000	10.430184	0.303160
30000	0.990000	0.000000	0.000000	10.669510	0.299522
35000	0.990000	0.000000	0.000000	10.832302	0.297121
40000	0.990000	0.000000	0.000000	10.944206	0.295504
45000	0.990000	0.000000	0.000000	11.021666	0.294400
50000	0.990000	0.000000	0.000000	11.075536	0.293640
55000	0.990000	0.000000	0.000000	11.113121	0.293113
60000	0.990000	0.000000	0.000000	11.139401	0.292746
65000	0.990000	0.000000	0.000000	11.157805	0.292490
70000	0.990000	0.000000	0.000000	11.170707	0.292311
75000	0.990000	0.000000	0.000000	11.179759	0.292185
80000	0.990000	0.000000	0.000000	11.186112	0.292097
85000	0.990000	0.000000	0.000000	11.190574	0.292036
90000	0.990000	0.000000	0.000000	11.193707	0.291992
95000	0.990000	0.000000	0.000000	11.195909	0.291962
100000	0.990000	0.000000	0.000000	11.197455	0.291941

var1: 0.000000	 var2: 3.800000
gen	A2		B2		diseq		zbar		sexrat
0	0.990000	0.000000			3.000000	
5000	0.990000	0.000000	0.000000	7.066629	0.372927
10000	0.990000	0.000000	0.000000	8.639714	0.335223
15000	0.990000	0.000000	0.000000	9.523538	0.318231
20000	0.990000	0.000000	0.000000	10.072532	0.308851
25000	0.990000	0.000000	0.000000	10.430184	0.303160
30000	0.990000	0.000000	0.000000	10.669510	0.299522
35000	0.990000	0.000000	0.000000	10.832302	0.297121
40000	0.990000	0.000000	0.000000	10.944206	0.295504
45000	0.990000	0.000000	0.000000	11.021666	0.294400
50000	0.990000	0.000000	0.000000	11.075536	0.293640
55000	0.990000	0.000000	0.000000	11.113121	0.293113
60000	0.990000	0.000000	0.000000	11.139401	0.292746
65000	0.990000	0.000000	0.000000	11.157805	0.292490
70000	0.990000	0.000000	0.000000	11.170707	0.292311
75000	0.990000	0.000000	0.000000	11.179759	0.292185
80000	0.990000	0.000000	0.000000	11.186112	0.292097
85000	0.990000	0.000000	0.000000	11.190574	0.292036
90000	0.990000	0.000000	0.000000	11.193707	0.291992
95000	0.990000	0.000000	0.000000	11.195909	0.291962
100000	0.990000	0.000000	0.000000	11.197455	0.291941

var1: 0.000000	 var2: 3.900000
gen	A2		B2		diseq		zbar		sexrat
0	0.990000	0.000000			3.000000	
5000	0.990000	0.000000	0.000000	7.066629	0.372927
10000	0.990000	0.000000	0.000000	8.639714	0.335223
15000	0.990000	0.000000	0.000000	9.523538	0.318231
20000	0.990000	0.000000	0.000000	10.072532	0.308851
25000	0.990000	0.000000	0.000000	10.430184	0.303160
30000	0.990000	0.000000	0.000000	10.669510	0.299522
35000	0.990000	0.000000	0.000000	10.832302	0.297121
40000	0.990000	0.000000	0.000000	10.944206	0.295504
45000	0.990000	0.000000	0.000000	11.021666	0.294400
50000	0.990000	0.000000	0.000000	11.075536	0.293640
55000	0.990000	0.000000	0.000000	11.113121	0.293113
60000	0.990000	0.000000	0.000000	11.139401	0.292746
65000	0.990000	0.000000	0.000000	11.157805	0.292490
70000	0.990000	0.000000	0.000000	11.170707	0.292311
75000	0.990000	0.000000	0.000000	11.179759	0.292185
80000	0.990000	0.000000	0.000000	11.186112	0.292097
85000	0.990000	0.000000	0.000000	11.190574	0.292036
90000	0.990000	0.000000	0.000000	11.193707	0.291992
95000	0.990000	0.000000	0.000000	11.195909	0.291962
100000	0.990000	0.000000	0.000000	11.197455	0.291941

var1: 0.000000	 var2: 4.000000
gen	A2		B2		diseq		zbar		sexrat
0	0.990000	0.000000			3.000000	
5000	0.990000	0.000000	0.000000	7.066629	0.372927
10000	0.990000	0.000000	0.000000	8.639714	0.335223
15000	0.990000	0.000000	0.000000	9.523538	0.318231
20000	0.990000	0.000000	0.000000	10.072532	0.308851
25000	0.990000	0.000000	0.000000	10.430184	0.303160
30000	0.990000	0.000000	0.000000	10.669510	0.299522
35000	0.990000	0.000000	0.000000	10.832302	0.297121
40000	0.990000	0.000000	0.000000	10.944206	0.295504
45000	0.990000	0.000000	0.000000	11.021666	0.294400
50000	0.990000	0.000000	0.000000	11.075536	0.293640
55000	0.990000	0.000000	0.000000	11.113121	0.293113
60000	0.990000	0.000000	0.000000	11.139401	0.292746
65000	0.990000	0.000000	0.000000	11.157805	0.292490
70000	0.990000	0.000000	0.000000	11.170707	0.292311
75000	0.990000	0.000000	0.000000	11.179759	0.292185
80000	0.990000	0.000000	0.000000	11.186112	0.292097
85000	0.990000	0.000000	0.000000	11.190574	0.292036
90000	0.990000	0.000000	0.000000	11.193707	0.291992
95000	0.990000	0.000000	0.000000	11.195909	0.291962
100000	0.990000	0.000000	0.000000	11.197455	0.291941

var1: 0.002500	 var2: 0.000000
gen	A2		B2		diseq		zbar		sexrat
0	0.990000	0.000000			3.000000	
5000	0.990000	0.000000	0.000000	7.041732	0.387947
10000	0.990000	0.000000	0.000000	8.547557	0.351334
15000	0.990000	0.000000	0.000000	9.361725	0.335270
20000	0.990000	0.000000	0.000000	9.847314	0.326670
25000	0.990000	0.000000	0.000000	10.150410	0.321629
30000	0.990000	0.000000	0.000000	10.344361	0.318527
35000	0.990000	0.000000	0.000000	10.470310	0.316561
40000	0.990000	0.000000	0.000000	10.552847	0.315293
45000	0.990000	0.000000	0.000000	10.607250	0.314465
50000	0.990000	0.000000	0.000000	10.643243	0.313922
55000	0.990000	0.000000	0.000000	10.667114	0.313563
60000	0.990000	0.000000	0.000000	10.682971	0.313325
65000	0.990000	0.000000	0.000000	10.693516	0.313168
70000	0.990000	0.000000	0.000000	10.700533	0.313063
75000	0.990000	0.000000	0.000000	10.705204	0.312993
80000	0.990000	0.000000	0.000000	10.708316	0.312947
85000	0.990000	0.000000	0.000000	10.710388	0.312916
90000	0.990000	0.000000	0.000000	10.711769	0.312895
95000	0.990000	0.000000	0.000000	10.712688	0.312881
100000	0.990000	0.000000	0.000000	10.713301	0.312872

var1: 0.002500	 var2: 0.100000
gen	A2		B2		diseq		zbar		sexrat
0	0.990000	0.000000			3.000000	
5000	0.990000	0.000000	0.000000	7.041732	0.387947
10000	0.990000	0.000000	0.000000	8.547557	0.351334
15000	0.990000	0.000000	0.000000	9.361725	0.335270
20000	0.990000	0.000000	0.000000	9.847314	0.326670
25000	0.990000	0.000000	0.000000	10.150410	0.321629
30000	0.990000	0.000000	0.000000	10.344361	0.318527
35000	0.990000	0.000000	0.000000	10.470310	0.316561
40000	0.990000	0.000000	0.000000	10.552847	0.315293
45000	0.990000	0.000000	0.000000	10.607250	0.314465
50000	0.990000	0.000000	0.000000	10.643243	0.313922
55000	0.990000	0.000000	0.000000	10.667114	0.313563
60000	0.990000	0.000000	0.000000	10.682971	0.313325
65000	0.990000	0.000000	0.000000	10.693516	0.313168
70000	0.990000	0.000000	0.000000	10.700533	0.313063
75000	0.990000	0.000000	0.000000	10.705204	0.312993
80000	0.990000	0.000000	0.000000	10.708316	0.312947
85000	0.990000	0.000000	0.000000	10.710388	0.312916
90000	0.990000	0.000000	0.000000	10.711769	0.312895
95000	0.990000	0.000000	0.000000	10.712688	0.312881
100000	0.990000	0.000000	0.000000	10.713301	0.312872

var1: 0.002500	 var2: 0.200000
gen	A2		B2		diseq		zbar		sexrat
0	0.990000	0.000000			3.000000	
5000	0.990000	0.000000	0.000000	7.041732	0.387947
10000	0.990000	0.000000	0.000000	8.547557	0.351334
15000	0.990000	0.000000	0.000000	9.361725	0.335270
20000	0.990000	0.000000	0.000000	9.847314	0.326670
25000	0.990000	0.000000	0.000000	10.150410	0.321629
30000	0.990000	0.000000	0.000000	10.344361	0.318527
35000	0.990000	0.000000	0.000000	10.470310	0.316561
40000	0.990000	0.000000	0.000000	10.552847	0.315293
45000	0.990000	0.000000	0.000000	10.607250	0.314465
50000	0.990000	0.000000	0.000000	10.643243	0.313922
55000	0.990000	0.000000	0.000000	10.667114	0.313563
60000	0.990000	0.000000	0.000000	10.682971	0.313325
65000	0.990000	0.000000	0.000000	10.693516	0.313168
70000	0.990000	0.000000	0.000000	10.700533	0.313063
75000	0.990000	0.000000	0.000000	10.705204	0.312993
80000	0.990000	0.000000	0.000000	10.708316	0.312947
85000	0.990000	0.000000	0.000000	10.710388	0.312916
90000	0.990000	0.000000	0.000000	10.711769	0.312895
95000	0.990000	0.000000	0.000000	10.712688	0.312881
100000	0.990000	0.000000	0.000000	10.713301	0.312872

var1: 0.002500	 var2: 0.300000
gen	A2		B2		diseq		zbar		sexrat
0	0.990000	0.000000			3.000000	
5000	0.990000	0.000000	0.000000	7.041732	0.387947
10000	0.990000	0.000000	0.000000	8.547557	0.351334
15000	0.990000	0.000000	0.000000	9.361725	0.335270
20000	0.990000	0.000000	0.000000	9.847314	0.326670
25000	0.990000	0.000000	0.000000	10.150410	0.321629
30000	0.990000	0.000000	0.000000	10.344361	0.318527
35000	0.990000	0.000000	0.000000	10.470310	0.316561
40000	0.990000	0.000000	0.000000	10.552847	0.315293
45000	0.990000	0.000000	0.000000	10.607250	0.314465
50000	0.990000	0.000000	0.000000	10.643243	0.313922
55000	0.990000	0.000000	0.000000	10.667114	0.313563
60000	0.990000	0.000000	0.000000	10.682971	0.313325
65000	0.990000	0.000000	0.000000	10.693516	0.313168
70000	0.990000	0.000000	0.000000	10.700533	0.313063
75000	0.990000	0.000000	0.000000	10.705204	0.312993
80000	0.990000	0.000000	0.000000	10.708316	0.312947
85000	0.990000	0.000000	0.000000	10.710388	0.312916
90000	0.990000	0.000000	0.000000	10.711769	0.312895
95000	0.990000	0.000000	0.000000	10.712688	0.312881
100000	0.990000	0.000000	0.000000	10.713301	0.312872

var1: 0.002500	 var2: 0.400000
gen	A2		B2		diseq		zbar		sexrat
0	0.990000	0.000000			3.000000	
5000	0.990000	0.000000	0.000000	7.041732	0.387947
10000	0.990000	0.000000	0.000000	8.547557	0.351334
15000	0.990000	0.000000	0.000000	9.361725	0.335270
20000	0.990000	0.000000	0.000000	9.847314	0.326670
25000	0.990000	0.000000	0.000000	10.150410	0.321629
30000	0.990000	0.000000	0.000000	10.344361	0.318527
35000	0.990000	0.000000	0.000000	10.470310	0.316561
40000	0.990000	0.000000	0.000000	10.552847	0.315293
45000	0.990000	0.000000	0.000000	10.607250	0.314465
50000	0.990000	0.000000	0.000000	10.643243	0.313922
55000	0.990000	0.000000	0.000000	10.667114	0.313563
60000	0.990000	0.000000	0.000000	10.682971	0.313325
65000	0.990000	0.000000	0.000000	10.693516	0.313168
70000	0.990000	0.000000	0.000000	10.700533	0.313063
75000	0.990000	0.000000	0.000000	10.705204	0.312993
80000	0.990000	0.000000	0.000000	10.708316	0.312947
85000	0.990000	0.000000	0.000000	10.710388	0.312916
90000	0.990000	0.000000	0.000000	10.711769	0.312895
95000	0.990000	0.000000	0.000000	10.712688	0.312881
100000	0.990000	0.000000	0.000000	10.713301	0.312872

var1: 0.002500	 var2: 0.500000
gen	A2		B2		diseq		zbar		sexrat
0	0.990000	0.000000			3.000000	
5000	0.990000	0.000000	0.000000	7.041732	0.387947
10000	0.990000	0.000000	0.000000	8.547557	0.351334
15000	0.990000	0.000000	0.000000	9.361725	0.335270
20000	0.990000	0.000000	0.000000	9.847314	0.326670
25000	0.990000	0.000000	0.000000	10.150410	0.321629
30000	0.990000	0.000000	0.000000	10.344361	0.318527
35000	0.990000	0.000000	0.000000	10.470310	0.316561
40000	0.990000	0.000000	0.000000	10.552847	0.315293
45000	0.990000	0.000000	0.000000	10.607250	0.314465
50000	0.990000	0.000000	0.000000	10.643243	0.313922
55000	0.990000	0.000000	0.000000	10.667114	0.313563
60000	0.990000	0.000000	0.000000	10.682971	0.313325
65000	0.990000	0.000000	0.000000	10.693516	0.313168
70000	0.990000	0.000000	0.000000	10.700533	0.313063
75000	0.990000	0.000000	0.000000	10.705204	0.312993
80000	0.990000	0.000000	0.000000	10.708316	0.312947
85000	0.990000	0.000000	0.000000	10.710388	0.312916
90000	0.990000	0.000000	0.000000	10.711769	0.312895
95000	0.990000	0.000000	0.000000	10.712688	0.312881
100000	0.990000	0.000000	0.000000	10.713301	0.312872

var1: 0.002500	 var2: 0.600000
gen	A2		B2		diseq		zbar		sexrat
0	0.990000	0.000000			3.000000	
5000	0.990000	0.000000	0.000000	7.041732	0.387947
10000	0.990000	0.000000	0.000000	8.547557	0.351334
15000	0.990000	0.000000	0.000000	9.361725	0.335270
20000	0.990000	0.000000	0.000000	9.847314	0.326670
25000	0.990000	0.000000	0.000000	10.150410	0.321629
30000	0.990000	0.000000	0.000000	10.344361	0.318527
35000	0.990000	0.000000	0.000000	10.470310	0.316561
40000	0.990000	0.000000	0.000000	10.552847	0.315293
45000	0.990000	0.000000	0.000000	10.607250	0.314465
50000	0.990000	0.000000	0.000000	10.643243	0.313922
55000	0.990000	0.000000	0.000000	10.667114	0.313563
60000	0.990000	0.000000	0.000000	10.682971	0.313325
65000	0.990000	0.000000	0.000000	10.693516	0.313168
70000	0.990000	0.000000	0.000000	10.700533	0.313063
75000	0.990000	0.000000	0.000000	10.705204	0.312993
80000	0.990000	0.000000	0.000000	10.708316	0.312947
85000	0.990000	0.000000	0.000000	10.710388	0.312916
90000	0.990000	0.000000	0.000000	10.711769	0.312895
95000	0.990000	0.000000	0.000000	10.712688	0.312881
100000	0.990000	0.000000	0.000000	10.713301	0.312872

var1: 0.002500	 var2: 0.700000
gen	A2		B2		diseq		zbar		sexrat
0	0.990000	0.000000			3.000000	
5000	0.990000	0.000000	0.000000	7.041732	0.387947
10000	0.990000	0.000000	0.000000	8.547557	0.351334
15000	0.990000	0.000000	0.000000	9.361725	0.335270
20000	0.990000	0.000000	0.000000	9.847314	0.326670
25000	0.990000	0.000000	0.000000	10.150410	0.321629
30000	0.990000	0.000000	0.000000	10.344361	0.318527
35000	0.990000	0.000000	0.000000	10.470310	0.316561
40000	0.990000	0.000000	0.000000	10.552847	0.315293
45000	0.990000	0.000000	0.000000	10.607250	0.314465
50000	0.990000	0.000000	0.000000	10.643243	0.313922
55000	0.990000	0.000000	0.000000	10.667114	0.313563
60000	0.990000	0.000000	0.000000	10.682971	0.313325
65000	0.990000	0.000000	0.000000	10.693516	0.313168
70000	0.990000	0.000000	0.000000	10.700533	0.313063
75000	0.990000	0.000000	0.000000	10.705204	0.312993
80000	0.990000	0.000000	0.000000	10.708316	0.312947
85000	0.990000	0.000000	0.000000	10.710388	0.312916
90000	0.990000	0.000000	0.000000	10.711769	0.312895
95000	0.990000	0.000000	0.000000	10.712688	0.312881
100000	0.990000	0.000000	0.000000	10.713301	0.312872

var1: 0.002500	 var2: 0.800000
gen	A2		B2		diseq		zbar		sexrat
0	0.990000	0.000000			3.000000	
5000	0.990000	0.000000	0.000000	7.041732	0.387947
10000	0.990000	0.000000	0.000000	8.547557	0.351334
15000	0.990000	0.000000	0.000000	9.361725	0.335270
20000	0.990000	0.000000	0.000000	9.847314	0.326670
25000	0.990000	0.000000	0.000000	10.150410	0.321629
30000	0.990000	0.000000	0.000000	10.344361	0.318527
35000	0.990000	0.000000	0.000000	10.470310	0.316561
40000	0.990000	0.000000	0.000000	10.552847	0.315293
45000	0.990000	0.000000	0.000000	10.607250	0.314465
50000	0.990000	0.000000	0.000000	10.643243	0.313922
55000	0.990000	0.000000	0.000000	10.667114	0.313563
60000	0.990000	0.000000	0.000000	10.682971	0.313325
65000	0.990000	0.000000	0.000000	10.693516	0.313168
70000	0.990000	0.000000	0.000000	10.700533	0.313063
75000	0.990000	0.000000	0.000000	10.705204	0.312993
80000	0.990000	0.000000	0.000000	10.708316	0.312947
85000	0.990000	0.000000	0.000000	10.710388	0.312916
90000	0.990000	0.000000	0.000000	10.711769	0.312895
95000	0.990000	0.000000	0.000000	10.712688	0.312881
100000	0.990000	0.000000	0.000000	10.713301	0.312872

var1: 0.002500	 var2: 0.900000
gen	A2		B2		diseq		zbar		sexrat
0	0.990000	0.000000			3.000000	
5000	0.990000	0.000000	0.000000	7.041732	0.387947
10000	0.990000	0.000000	0.000000	8.547557	0.351334
15000	0.990000	0.000000	0.000000	9.361725	0.335270
20000	0.990000	0.000000	0.000000	9.847314	0.326670
25000	0.990000	0.000000	0.000000	10.150410	0.321629
30000	0.990000	0.000000	0.000000	10.344361	0.318527
35000	0.990000	0.000000	0.000000	10.470310	0.316561
40000	0.990000	0.000000	0.000000	10.552847	0.315293
45000	0.990000	0.000000	0.000000	10.607250	0.314465
50000	0.990000	0.000000	0.000000	10.643243	0.313922
55000	0.990000	0.000000	0.000000	10.667114	0.313563
60000	0.990000	0.000000	0.000000	10.682971	0.313325
65000	0.990000	0.000000	0.000000	10.693516	0.313168
70000	0.990000	0.000000	0.000000	10.700533	0.313063
75000	0.990000	0.000000	0.000000	10.705204	0.312993
80000	0.990000	0.000000	0.000000	10.708316	0.312947
85000	0.990000	0.000000	0.000000	10.710388	0.312916
90000	0.990000	0.000000	0.000000	10.711769	0.312895
95000	0.990000	0.000000	0.000000	10.712688	0.312881
100000	0.990000	0.000000	0.000000	10.713301	0.312872

var1: 0.002500	 var2: 1.000000
gen	A2		B2		diseq		zbar		sexrat
0	0.990000	0.000000			3.000000	
5000	0.990000	0.000000	0.000000	7.041732	0.387947
10000	0.990000	0.000000	0.000000	8.547557	0.351334
15000	0.990000	0.000000	0.000000	9.361725	0.335270
20000	0.990000	0.000000	0.000000	9.847314	0.326670
25000	0.990000	0.000000	0.000000	10.150410	0.321629
30000	0.990000	0.000000	0.000000	10.344361	0.318527
35000	0.990000	0.000000	0.000000	10.470310	0.316561
40000	0.990000	0.000000	0.000000	10.552847	0.315293
45000	0.990000	0.000000	0.000000	10.607250	0.314465
50000	0.990000	0.000000	0.000000	10.643243	0.313922
55000	0.990000	0.000000	0.000000	10.667114	0.313563
60000	0.990000	0.000000	0.000000	10.682971	0.313325
65000	0.990000	0.000000	0.000000	10.693516	0.313168
70000	0.990000	0.000000	0.000000	10.700533	0.313063
75000	0.990000	0.000000	0.000000	10.705204	0.312993
80000	0.990000	0.000000	0.000000	10.708316	0.312947
85000	0.990000	0.000000	0.000000	10.710388	0.312916
90000	0.990000	0.000000	0.000000	10.711769	0.312895
95000	0.990000	0.000000	0.000000	10.712688	0.312881
100000	0.990000	0.000000	0.000000	10.713301	0.312872

var1: 0.002500	 var2: 1.100000
gen	A2		B2		diseq		zbar		sexrat
0	0.990000	0.000000			3.000000	
5000	0.990000	0.000000	0.000000	7.041732	0.387947
10000	0.990000	0.000000	0.000000	8.547557	0.351334
15000	0.990000	0.000000	0.000000	9.361725	0.335270
20000	0.990000	0.000000	0.000000	9.847314	0.326670
25000	0.990000	0.000000	0.000000	10.150410	0.321629
30000	0.990000	0.000000	0.000000	10.344361	0.318527
35000	0.990000	0.000000	0.000000	10.470310	0.316561
40000	0.990000	0.000000	0.000000	10.552847	0.315293
45000	0.990000	0.000000	0.000000	10.607250	0.314465
50000	0.990000	0.000000	0.000000	10.643243	0.313922
55000	0.990000	0.000000	0.000000	10.667114	0.313563
60000	0.990000	0.000000	0.000000	10.682971	0.313325
65000	0.990000	0.000000	0.000000	10.693516	0.313168
70000	0.990000	0.000000	0.000000	10.700533	0.313063
75000	0.990000	0.000000	0.000000	10.705204	0.312993
80000	0.990000	0.000000	0.000000	10.708316	0.312947
85000	0.990000	0.000000	0.000000	10.710388	0.312916
90000	0.990000	0.000000	0.000000	10.711769	0.312895
95000	0.990000	0.000000	0.000000	10.712688	0.312881
100000	0.990000	0.000000	0.000000	10.713301	0.312872

var1: 0.002500	 var2: 1.200000
gen	A2		B2		diseq		zbar		sexrat
0	0.990000	0.000000			3.000000	
5000	0.990000	0.000000	0.000000	7.041732	0.387947
10000	0.990000	0.000000	0.000000	8.547557	0.351334
15000	0.990000	0.000000	0.000000	9.361725	0.335270
20000	0.990000	0.000000	0.000000	9.847314	0.326670
25000	0.990000	0.000000	0.000000	10.150410	0.321629
30000	0.990000	0.000000	0.000000	10.344361	0.318527
35000	0.990000	0.000000	0.000000	10.470310	0.316561
40000	0.990000	0.000000	0.000000	10.552847	0.315293
45000	0.990000	0.000000	0.000000	10.607250	0.314465
50000	0.990000	0.000000	0.000000	10.643243	0.313922
55000	0.990000	0.000000	0.000000	10.667114	0.313563
60000	0.990000	0.000000	0.000000	10.682971	0.313325
65000	0.990000	0.000000	0.000000	10.693516	0.313168
70000	0.990000	0.000000	0.000000	10.700533	0.313063
75000	0.990000	0.000000	0.000000	10.705204	0.312993
80000	0.990000	0.000000	0.000000	10.708316	0.312947
85000	0.990000	0.000000	0.000000	10.710388	0.312916
90000	0.990000	0.000000	0.000000	10.711769	0.312895
95000	0.990000	0.000000	0.000000	10.712688	0.312881
100000	0.990000	0.000000	0.000000	10.713301	0.312872

var1: 0.002500	 var2: 1.300000
gen	A2		B2		diseq		zbar		sexrat
0	0.990000	0.000000			3.000000	
5000	0.990000	0.000000	0.000000	7.041732	0.387947
10000	0.990000	0.000000	0.000000	8.547557	0.351334
15000	0.990000	0.000000	0.000000	9.361725	0.335270
20000	0.990000	0.000000	0.000000	9.847314	0.326670
25000	0.990000	0.000000	0.000000	10.150410	0.321629
30000	0.990000	0.000000	0.000000	10.344361	0.318527
35000	0.990000	0.000000	0.000000	10.470310	0.316561
40000	0.990000	0.000000	0.000000	10.552847	0.315293
45000	0.990000	0.000000	0.000000	10.607250	0.314465
50000	0.990000	0.000000	0.000000	10.643243	0.313922
55000	0.990000	0.000000	0.000000	10.667114	0.313563
60000	0.990000	0.000000	0.000000	10.682971	0.313325
65000	0.990000	0.000000	0.000000	10.693516	0.313168
70000	0.990000	0.000000	0.000000	10.700533	0.313063
75000	0.990000	0.000000	0.000000	10.705204	0.312993
80000	0.990000	0.000000	0.000000	10.708316	0.312947
85000	0.990000	0.000000	0.000000	10.710388	0.312916
90000	0.990000	0.000000	0.000000	10.711769	0.312895
95000	0.990000	0.000000	0.000000	10.712688	0.312881
100000	0.990000	0.000000	0.000000	10.713301	0.312872

var1: 0.002500	 var2: 1.400000
gen	A2		B2		diseq		zbar		sexrat
0	0.990000	0.000000			3.000000	
5000	0.990000	0.000000	0.000000	7.041732	0.387947
10000	0.990000	0.000000	0.000000	8.547557	0.351334
15000	0.990000	0.000000	0.000000	9.361725	0.335270
20000	0.990000	0.000000	0.000000	9.847314	0.326670
25000	0.990000	0.000000	0.000000	10.150410	0.321629
30000	0.990000	0.000000	0.000000	10.344361	0.318527
35000	0.990000	0.000000	0.000000	10.470310	0.316561
40000	0.990000	0.000000	0.000000	10.552847	0.315293
45000	0.990000	0.000000	0.000000	10.607250	0.314465
50000	0.990000	0.000000	0.000000	10.643243	0.313922
55000	0.990000	0.000000	0.000000	10.667114	0.313563
60000	0.990000	0.000000	0.000000	10.682971	0.313325
65000	0.990000	0.000000	0.000000	10.693516	0.313168
70000	0.990000	0.000000	0.000000	10.700533	0.313063
75000	0.990000	0.000000	0.000000	10.705204	0.312993
80000	0.990000	0.000000	0.000000	10.708316	0.312947
85000	0.990000	0.000000	0.000000	10.710388	0.312916
90000	0.990000	0.000000	0.000000	10.711769	0.312895
95000	0.990000	0.000000	0.000000	10.712688	0.312881
100000	0.990000	0.000000	0.000000	10.713301	0.312872

var1: 0.002500	 var2: 1.500000
gen	A2		B2		diseq		zbar		sexrat
0	0.990000	0.000000			3.000000	
5000	0.990000	0.000000	0.000000	7.041732	0.387947
10000	0.990000	0.000000	0.000000	8.547557	0.351334
15000	0.990000	0.000000	0.000000	9.361725	0.335270
20000	0.990000	0.000000	0.000000	9.847314	0.326670
25000	0.990000	0.000000	0.000000	10.150410	0.321629
30000	0.990000	0.000000	0.000000	10.344361	0.318527
35000	0.990000	0.000000	0.000000	10.470310	0.316561
40000	0.990000	0.000000	0.000000	10.552847	0.315293
45000	0.990000	0.000000	0.000000	10.607250	0.314465
50000	0.990000	0.000000	0.000000	10.643243	0.313922
55000	0.990000	0.000000	0.000000	10.667114	0.313563
60000	0.990000	0.000000	0.000000	10.682971	0.313325
65000	0.990000	0.000000	0.000000	10.693516	0.313168
70000	0.990000	0.000000	0.000000	10.700533	0.313063
75000	0.990000	0.000000	0.000000	10.705204	0.312993
80000	0.990000	0.000000	0.000000	10.708316	0.312947
85000	0.990000	0.000000	0.000000	10.710388	0.312916
90000	0.990000	0.000000	0.000000	10.711769	0.312895
95000	0.990000	0.000000	0.000000	10.712688	0.312881
100000	0.990000	0.000000	0.000000	10.713301	0.312872

var1: 0.002500	 var2: 1.600000
gen	A2		B2		diseq		zbar		sexrat
0	0.990000	0.000000			3.000000	
5000	0.990000	0.000000	0.000000	7.041732	0.387947
10000	0.990000	0.000000	0.000000	8.547557	0.351334
15000	0.990000	0.000000	0.000000	9.361725	0.335270
20000	0.990000	0.000000	0.000000	9.847314	0.326670
25000	0.990000	0.000000	0.000000	10.150410	0.321629
30000	0.990000	0.000000	0.000000	10.344361	0.318527
35000	0.990000	0.000000	0.000000	10.470310	0.316561
40000	0.990000	0.000000	0.000000	10.552847	0.315293
45000	0.990000	0.000000	0.000000	10.607250	0.314465
50000	0.990000	0.000000	0.000000	10.643243	0.313922
55000	0.990000	0.000000	0.000000	10.667114	0.313563
60000	0.990000	0.000000	0.000000	10.682971	0.313325
65000	0.990000	0.000000	0.000000	10.693516	0.313168
70000	0.990000	0.000000	0.000000	10.700533	0.313063
75000	0.990000	0.000000	0.000000	10.705204	0.312993
80000	0.990000	0.000000	0.000000	10.708316	