
########################### Run 1 ######################
var1: 0.000000	 var2: 0.000000
gen	A2		B2		diseq		zbar		sexrat
0	0.990000	0.000000			3.000000	
5000	0.990000	0.000000	0.000000	6.830631	0.379618
10000	0.990000	0.000000	0.000000	8.218858	0.344261
15000	0.990000	0.000000	0.000000	8.952761	0.328909
20000	0.990000	0.000000	0.000000	9.381215	0.320799
25000	0.990000	0.000000	0.000000	9.643005	0.316117
30000	0.990000	0.000000	0.000000	9.806940	0.313285
35000	0.990000	0.000000	0.000000	9.911080	0.311524
40000	0.990000	0.000000	0.000000	9.977814	0.310410
45000	0.990000	0.000000	0.000000	10.020810	0.309699
50000	0.990000	0.000000	0.000000	10.048608	0.309242
55000	0.990000	0.000000	0.000000	10.066619	0.308947
60000	0.990000	0.000000	0.000000	10.078306	0.308756
65000	0.990000	0.000000	0.000000	10.085896	0.308632
70000	0.990000	0.000000	0.000000	10.090829	0.308551
75000	0.990000	0.000000	0.000000	10.094035	0.308499
80000	0.990000	0.000000	0.000000	10.096120	0.308465
85000	0.990000	0.000000	0.000000	10.097476	0.308443
90000	0.990000	0.000000	0.000000	10.098358	0.308428
95000	0.990000	0.000000	0.000000	10.098932	0.308419
100000	0.990000	0.000000	0.000000	10.099305	0.308413

var1: 0.000000	 var2: 0.100000
gen	A2		B2		diseq		zbar		sexrat
0	0.990000	0.000000			3.000000	
5000	0.990000	0.000000	0.000000	6.830631	0.379618
10000	0.990000	0.000000	0.000000	8.218858	0.344261
15000	0.990000	0.000000	0.000000	8.952761	0.328909
20000	0.990000	0.000000	0.000000	9.381215	0.320799
25000	0.990000	0.000000	0.000000	9.643005	0.316117
30000	0.990000	0.000000	0.000000	9.806940	0.313285
35000	0.990000	0.000000	0.000000	9.911080	0.311524
40000	0.990000	0.000000	0.000000	9.977814	0.310410
45000	0.990000	0.000000	0.000000	10.020810	0.309699
50000	0.990000	0.000000	0.000000	10.048608	0.309242
55000	0.990000	0.000000	0.000000	10.066619	0.308947
60000	0.990000	0.000000	0.000000	10.078306	0.308756
65000	0.990000	0.000000	0.000000	10.085896	0.308632
70000	0.990000	0.000000	0.000000	10.090829	0.308551
75000	0.990000	0.000000	0.000000	10.094035	0.308499
80000	0.990000	0.000000	0.000000	10.096120	0.308465
85000	0.990000	0.000000	0.000000	10.097476	0.308443
90000	0.990000	0.000000	0.000000	10.098358	0.308428
95000	0.990000	0.000000	0.000000	10.098932	0.308419
100000	0.990000	0.000000	0.000000	10.099305	0.308413

var1: 0.000000	 var2: 0.200000
gen	A2		B2		diseq		zbar		sexrat
0	0.990000	0.000000			3.000000	
5000	0.990000	0.000000	0.000000	6.830631	0.379618
10000	0.990000	0.000000	0.000000	8.218858	0.344261
15000	0.990000	0.000000	0.000000	8.952761	0.328909
20000	0.990000	0.000000	0.000000	9.381215	0.320799
25000	0.990000	0.000000	0.000000	9.643005	0.316117
30000	0.990000	0.000000	0.000000	9.806940	0.313285
35000	0.990000	0.000000	0.000000	9.911080	0.311524
40000	0.990000	0.000000	0.000000	9.977814	0.310410
45000	0.990000	0.000000	0.000000	10.020810	0.309699
50000	0.990000	0.000000	0.000000	10.048608	0.309242
55000	0.990000	0.000000	0.000000	10.066619	0.308947
60000	0.990000	0.000000	0.000000	10.078306	0.308756
65000	0.990000	0.000000	0.000000	10.085896	0.308632
70000	0.990000	0.000000	0.000000	10.090829	0.308551
75000	0.990000	0.000000	0.000000	10.094035	0.308499
80000	0.990000	0.000000	0.000000	10.096120	0.308465
85000	0.990000	0.000000	0.000000	10.097476	0.308443
90000	0.990000	0.000000	0.000000	10.098358	0.308428
95000	0.990000	0.000000	0.000000	10.098932	0.308419
100000	0.990000	0.000000	0.000000	10.099305	0.308413

var1: 0.000000	 var2: 0.300000
gen	A2		B2		diseq		zbar		sexrat
0	0.990000	0.000000			3.000000	
5000	0.990000	0.000000	0.000000	6.830631	0.379618
10000	0.990000	0.000000	0.000000	8.218858	0.344261
15000	0.990000	0.000000	0.000000	8.952761	0.328909
20000	0.990000	0.000000	0.000000	9.381215	0.320799
25000	0.990000	0.000000	0.000000	9.643005	0.316117
30000	0.990000	0.000000	0.000000	9.806940	0.313285
35000	0.990000	0.000000	0.000000	9.911080	0.311524
40000	0.990000	0.000000	0.000000	9.977814	0.310410
45000	0.990000	0.000000	0.000000	10.020810	0.309699
50000	0.990000	0.000000	0.000000	10.048608	0.309242
55000	0.990000	0.000000	0.000000	10.066619	0.308947
60000	0.990000	0.000000	0.000000	10.078306	0.308756
65000	0.990000	0.000000	0.000000	10.085896	0.308632
70000	0.990000	0.000000	0.000000	10.090829	0.308551
75000	0.990000	0.000000	0.000000	10.094035	0.308499
80000	0.990000	0.000000	0.000000	10.096120	0.308465
85000	0.990000	0.000000	0.000000	10.097476	0.308443
90000	0.990000	0.000000	0.000000	10.098358	0.308428
95000	0.990000	0.000000	0.000000	10.098932	0.308419
100000	0.990000	0.000000	0.000000	10.099305	0.308413

var1: 0.000000	 var2: 0.400000
gen	A2		B2		diseq		zbar		sexrat
0	0.990000	0.000000			3.000000	
5000	0.990000	0.000000	0.000000	6.830631	0.379618
10000	0.990000	0.000000	0.000000	8.218858	0.344261
15000	0.990000	0.000000	0.000000	8.952761	0.328909
20000	0.990000	0.000000	0.000000	9.381215	0.320799
25000	0.990000	0.000000	0.000000	9.643005	0.316117
30000	0.990000	0.000000	0.000000	9.806940	0.313285
35000	0.990000	0.000000	0.000000	9.911080	0.311524
40000	0.990000	0.000000	0.000000	9.977814	0.310410
45000	0.990000	0.000000	0.000000	10.020810	0.309699
50000	0.990000	0.000000	0.000000	10.048608	0.309242
55000	0.990000	0.000000	0.000000	10.066619	0.308947
60000	0.990000	0.000000	0.000000	10.078306	0.308756
65000	0.990000	0.000000	0.000000	10.085896	0.308632
70000	0.990000	0.000000	0.000000	10.090829	0.308551
75000	0.990000	0.000000	0.000000	10.094035	0.308499
80000	0.990000	0.000000	0.000000	10.096120	0.308465
85000	0.990000	0.000000	0.000000	10.097476	0.308443
90000	0.990000	0.000000	0.000000	10.098358	0.308428
95000	0.990000	0.000000	0.000000	10.098932	0.308419
100000	0.990000	0.000000	0.000000	10.099305	0.308413

var1: 0.000000	 var2: 0.500000
gen	A2		B2		diseq		zbar		sexrat
0	0.990000	0.000000			3.000000	
5000	0.990000	0.000000	0.000000	6.830631	0.379618
10000	0.990000	0.000000	0.000000	8.218858	0.344261
15000	0.990000	0.000000	0.000000	8.952761	0.328909
20000	0.990000	0.000000	0.000000	9.381215	0.320799
25000	0.990000	0.000000	0.000000	9.643005	0.316117
30000	0.990000	0.000000	0.000000	9.806940	0.313285
35000	0.990000	0.000000	0.000000	9.911080	0.311524
40000	0.990000	0.000000	0.000000	9.977814	0.310410
45000	0.990000	0.000000	0.000000	10.020810	0.309699
50000	0.990000	0.000000	0.000000	10.048608	0.309242
55000	0.990000	0.000000	0.000000	10.066619	0.308947
60000	0.990000	0.000000	0.000000	10.078306	0.308756
65000	0.990000	0.000000	0.000000	10.085896	0.308632
70000	0.990000	0.000000	0.000000	10.090829	0.308551
75000	0.990000	0.000000	0.000000	10.094035	0.308499
80000	0.990000	0.000000	0.000000	10.096120	0.308465
85000	0.990000	0.000000	0.000000	10.097476	0.308443
90000	0.990000	0.000000	0.000000	10.098358	0.308428
95000	0.990000	0.000000	0.000000	10.098932	0.308419
100000	0.990000	0.000000	0.000000	10.099305	0.308413

var1: 0.000000	 var2: 0.600000
gen	A2		B2		diseq		zbar		sexrat
0	0.990000	0.000000			3.000000	
5000	0.990000	0.000000	0.000000	6.830631	0.379618
10000	0.990000	0.000000	0.000000	8.218858	0.344261
15000	0.990000	0.000000	0.000000	8.952761	0.328909
20000	0.990000	0.000000	0.000000	9.381215	0.320799
25000	0.990000	0.000000	0.000000	9.643005	0.316117
30000	0.990000	0.000000	0.000000	9.806940	0.313285
35000	0.990000	0.000000	0.000000	9.911080	0.311524
40000	0.990000	0.000000	0.000000	9.977814	0.310410
45000	0.990000	0.000000	0.000000	10.020810	0.309699
50000	0.990000	0.000000	0.000000	10.048608	0.309242
55000	0.990000	0.000000	0.000000	10.066619	0.308947
60000	0.990000	0.000000	0.000000	10.078306	0.308756
65000	0.990000	0.000000	0.000000	10.085896	0.308632
70000	0.990000	0.000000	0.000000	10.090829	0.308551
75000	0.990000	0.000000	0.000000	10.094035	0.308499
80000	0.990000	0.000000	0.000000	10.096120	0.308465
85000	0.990000	0.000000	0.000000	10.097476	0.308443
90000	0.990000	0.000000	0.000000	10.098358	0.308428
95000	0.990000	0.000000	0.000000	10.098932	0.308419
100000	0.990000	0.000000	0.000000	10.099305	0.308413

var1: 0.000000	 var2: 0.700000
gen	A2		B2		diseq		zbar		sexrat
0	0.990000	0.000000			3.000000	
5000	0.990000	0.000000	0.000000	6.830631	0.379618
10000	0.990000	0.000000	0.000000	8.218858	0.344261
15000	0.990000	0.000000	0.000000	8.952761	0.328909
20000	0.990000	0.000000	0.000000	9.381215	0.320799
25000	0.990000	0.000000	0.000000	9.643005	0.316117
30000	0.990000	0.000000	0.000000	9.806940	0.313285
35000	0.990000	0.000000	0.000000	9.911080	0.311524
40000	0.990000	0.000000	0.000000	9.977814	0.310410
45000	0.990000	0.000000	0.000000	10.020810	0.309699
50000	0.990000	0.000000	0.000000	10.048608	0.309242
55000	0.990000	0.000000	0.000000	10.066619	0.308947
60000	0.990000	0.000000	0.000000	10.078306	0.308756
65000	0.990000	0.000000	0.000000	10.085896	0.308632
70000	0.990000	0.000000	0.000000	10.090829	0.308551
75000	0.990000	0.000000	0.000000	10.094035	0.308499
80000	0.990000	0.000000	0.000000	10.096120	0.308465
85000	0.990000	0.000000	0.000000	10.097476	0.308443
90000	0.990000	0.000000	0.000000	10.098358	0.308428
95000	0.990000	0.000000	0.000000	10.098932	0.308419
100000	0.990000	0.000000	0.000000	10.099305	0.308413

var1: 0.000000	 var2: 0.800000
gen	A2		B2		diseq		zbar		sexrat
0	0.990000	0.000000			3.000000	
5000	0.990000	0.000000	0.000000	6.830631	0.379618
10000	0.990000	0.000000	0.000000	8.218858	0.344261
15000	0.990000	0.000000	0.000000	8.952761	0.328909
20000	0.990000	0.000000	0.000000	9.381215	0.320799
25000	0.990000	0.000000	0.000000	9.643005	0.316117
30000	0.990000	0.000000	0.000000	9.806940	0.313285
35000	0.990000	0.000000	0.000000	9.911080	0.311524
40000	0.990000	0.000000	0.000000	9.977814	0.310410
45000	0.990000	0.000000	0.000000	10.020810	0.309699
50000	0.990000	0.000000	0.000000	10.048608	0.309242
55000	0.990000	0.000000	0.000000	10.066619	0.308947
60000	0.990000	0.000000	0.000000	10.078306	0.308756
65000	0.990000	0.000000	0.000000	10.085896	0.308632
70000	0.990000	0.000000	0.000000	10.090829	0.308551
75000	0.990000	0.000000	0.000000	10.094035	0.308499
80000	0.990000	0.000000	0.000000	10.096120	0.308465
85000	0.990000	0.000000	0.000000	10.097476	0.308443
90000	0.990000	0.000000	0.000000	10.098358	0.308428
95000	0.990000	0.000000	0.000000	10.098932	0.308419
100000	0.990000	0.000000	0.000000	10.099305	0.308413

var1: 0.000000	 var2: 0.900000
gen	A2		B2		diseq		zbar		sexrat
0	0.990000	0.000000			3.000000	
5000	0.990000	0.000000	0.000000	6.830631	0.379618
10000	0.990000	0.000000	0.000000	8.218858	0.344261
15000	0.990000	0.000000	0.000000	8.952761	0.328909
20000	0.990000	0.000000	0.000000	9.381215	0.320799
25000	0.990000	0.000000	0.000000	9.643005	0.316117
30000	0.990000	0.000000	0.000000	9.806940	0.313285
35000	0.990000	0.000000	0.000000	9.911080	0.311524
40000	0.990000	0.000000	0.000000	9.977814	0.310410
45000	0.990000	0.000000	0.000000	10.020810	0.309699
50000	0.990000	0.000000	0.000000	10.048608	0.309242
55000	0.990000	0.000000	0.000000	10.066619	0.308947
60000	0.990000	0.000000	0.000000	10.078306	0.308756
65000	0.990000	0.000000	0.000000	10.085896	0.308632
70000	0.990000	0.000000	0.000000	10.090829	0.308551
75000	0.990000	0.000000	0.000000	10.094035	0.308499
80000	0.990000	0.000000	0.000000	10.096120	0.308465
85000	0.990000	0.000000	0.000000	10.097476	0.308443
90000	0.990000	0.000000	0.000000	10.098358	0.308428
95000	0.990000	0.000000	0.000000	10.098932	0.308419
100000	0.990000	0.000000	0.000000	10.099305	0.308413

var1: 0.000000	 var2: 1.000000
gen	A2		B2		diseq		zbar		sexrat
0	0.990000	0.000000			3.000000	
5000	0.990000	0.000000	0.000000	6.830631	0.379618
10000	0.990000	0.000000	0.000000	8.218858	0.344261
15000	0.990000	0.000000	0.000000	8.952761	0.328909
20000	0.990000	0.000000	0.000000	9.381215	0.320799
25000	0.990000	0.000000	0.000000	9.643005	0.316117
30000	0.990000	0.000000	0.000000	9.806940	0.313285
35000	0.990000	0.000000	0.000000	9.911080	0.311524
40000	0.990000	0.000000	0.000000	9.977814	0.310410
45000	0.990000	0.000000	0.000000	10.020810	0.309699
50000	0.990000	0.000000	0.000000	10.048608	0.309242
55000	0.990000	0.000000	0.000000	10.066619	0.308947
60000	0.990000	0.000000	0.000000	10.078306	0.308756
65000	0.990000	0.000000	0.000000	10.085896	0.308632
70000	0.990000	0.000000	0.000000	10.090829	0.308551
75000	0.990000	0.000000	0.000000	10.094035	0.308499
80000	0.990000	0.000000	0.000000	10.096120	0.308465
85000	0.990000	0.000000	0.000000	10.097476	0.308443
90000	0.990000	0.000000	0.000000	10.098358	0.308428
95000	0.990000	0.000000	0.000000	10.098932	0.308419
100000	0.990000	0.000000	0.000000	10.099305	0.308413

var1: 0.000000	 var2: 1.100000
gen	A2		B2		diseq		zbar		sexrat
0	0.990000	0.000000			3.000000	
5000	0.990000	0.000000	0.000000	6.830631	0.379618
10000	0.990000	0.000000	0.000000	8.218858	0.344261
15000	0.990000	0.000000	0.000000	8.952761	0.328909
20000	0.990000	0.000000	0.000000	9.381215	0.320799
25000	0.990000	0.000000	0.000000	9.643005	0.316117
30000	0.990000	0.000000	0.000000	9.806940	0.313285
35000	0.990000	0.000000	0.000000	9.911080	0.311524
40000	0.990000	0.000000	0.000000	9.977814	0.310410
45000	0.990000	0.000000	0.000000	10.020810	0.309699
50000	0.990000	0.000000	0.000000	10.048608	0.309242
55000	0.990000	0.000000	0.000000	10.066619	0.308947
60000	0.990000	0.000000	0.000000	10.078306	0.308756
65000	0.990000	0.000000	0.000000	10.085896	0.308632
70000	0.990000	0.000000	0.000000	10.090829	0.308551
75000	0.990000	0.000000	0.000000	10.094035	0.308499
80000	0.990000	0.000000	0.000000	10.096120	0.308465
85000	0.990000	0.000000	0.000000	10.097476	0.308443
90000	0.990000	0.000000	0.000000	10.098358	0.308428
95000	0.990000	0.000000	0.000000	10.098932	0.308419
100000	0.990000	0.000000	0.000000	10.099305	0.308413

var1: 0.000000	 var2: 1.200000
gen	A2		B2		diseq		zbar		sexrat
0	0.990000	0.000000			3.000000	
5000	0.990000	0.000000	0.000000	6.830631	0.379618
10000	0.990000	0.000000	0.000000	8.218858	0.344261
15000	0.990000	0.000000	0.000000	8.952761	0.328909
20000	0.990000	0.000000	0.000000	9.381215	0.320799
25000	0.990000	0.000000	0.000000	9.643005	0.316117
30000	0.990000	0.000000	0.000000	9.806940	0.313285
35000	0.990000	0.000000	0.000000	9.911080	0.311524
40000	0.990000	0.000000	0.000000	9.977814	0.310410
45000	0.990000	0.000000	0.000000	10.020810	0.309699
50000	0.990000	0.000000	0.000000	10.048608	0.309242
55000	0.990000	0.000000	0.000000	10.066619	0.308947
60000	0.990000	0.000000	0.000000	10.078306	0.308756
65000	0.990000	0.000000	0.000000	10.085896	0.308632
70000	0.990000	0.000000	0.000000	10.090829	0.308551
75000	0.990000	0.000000	0.000000	10.094035	0.308499
80000	0.990000	0.000000	0.000000	10.096120	0.308465
85000	0.990000	0.000000	0.000000	10.097476	0.308443
90000	0.990000	0.000000	0.000000	10.098358	0.308428
95000	0.990000	0.000000	0.000000	10.098932	0.308419
100000	0.990000	0.000000	0.000000	10.099305	0.308413

var1: 0.000000	 var2: 1.300000
gen	A2		B2		diseq		zbar		sexrat
0	0.990000	0.000000			3.000000	
5000	0.990000	0.000000	0.000000	6.830631	0.379618
10000	0.990000	0.000000	0.000000	8.218858	0.344261
15000	0.990000	0.000000	0.000000	8.952761	0.328909
20000	0.990000	0.000000	0.000000	9.381215	0.320799
25000	0.990000	0.000000	0.000000	9.643005	0.316117
30000	0.990000	0.000000	0.000000	9.806940	0.313285
35000	0.990000	0.000000	0.000000	9.911080	0.311524
40000	0.990000	0.000000	0.000000	9.977814	0.310410
45000	0.990000	0.000000	0.000000	10.020810	0.309699
50000	0.990000	0.000000	0.000000	10.048608	0.309242
55000	0.990000	0.000000	0.000000	10.066619	0.308947
60000	0.990000	0.000000	0.000000	10.078306	0.308756
65000	0.990000	0.000000	0.000000	10.085896	0.308632
70000	0.990000	0.000000	0.000000	10.090829	0.308551
75000	0.990000	0.000000	0.000000	10.094035	0.308499
80000	0.990000	0.000000	0.000000	10.096120	0.308465
85000	0.990000	0.000000	0.000000	10.097476	0.308443
90000	0.990000	0.000000	0.000000	10.098358	0.308428
95000	0.990000	0.000000	0.000000	10.098932	0.308419
100000	0.990000	0.000000	0.000000	10.099305	0.308413

var1: 0.000000	 var2: 1.400000
gen	A2		B2		diseq		zbar		sexrat
0	0.990000	0.000000			3.000000	
5000	0.990000	0.000000	0.000000	6.830631	0.379618
10000	0.990000	0.000000	0.000000	8.218858	0.344261
15000	0.990000	0.000000	0.000000	8.952761	0.328909
20000	0.990000	0.000000	0.000000	9.381215	0.320799
25000	0.990000	0.000000	0.000000	9.643005	0.316117
30000	0.990000	0.000000	0.000000	9.806940	0.313285
35000	0.990000	0.000000	0.000000	9.911080	0.311524
40000	0.990000	0.000000	0.000000	9.977814	0.310410
45000	0.990000	0.000000	0.000000	10.020810	0.309699
50000	0.990000	0.000000	0.000000	10.048608	0.309242
55000	0.990000	0.000000	0.000000	10.066619	0.308947
60000	0.990000	0.000000	0.000000	10.078306	0.308756
65000	0.990000	0.000000	0.000000	10.085896	0.308632
70000	0.990000	0.000000	0.000000	10.090829	0.308551
75000	0.990000	0.000000	0.000000	10.094035	0.308499
80000	0.990000	0.000000	0.000000	10.096120	0.308465
85000	0.990000	0.000000	0.000000	10.097476	0.308443
90000	0.990000	0.000000	0.000000	10.098358	0.308428
95000	0.990000	0.000000	0.000000	10.098932	0.308419
100000	0.990000	0.000000	0.000000	10.099305	0.308413

var1: 0.000000	 var2: 1.500000
gen	A2		B2		diseq		zbar		sexrat
0	0.990000	0.000000			3.000000	
5000	0.990000	0.000000	0.000000	6.830631	0.379618
10000	0.990000	0.000000	0.000000	8.218858	0.344261
15000	0.990000	0.000000	0.000000	8.952761	0.328909
20000	0.990000	0.000000	0.000000	9.381215	0.320799
25000	0.990000	0.000000	0.000000	9.643005	0.316117
30000	0.990000	0.000000	0.000000	9.806940	0.313285
35000	0.990000	0.000000	0.000000	9.911080	0.311524
40000	0.990000	0.000000	0.000000	9.977814	0.310410
45000	0.990000	0.000000	0.000000	10.020810	0.309699
50000	0.990000	0.000000	0.000000	10.048608	0.309242
55000	0.990000	0.000000	0.000000	10.066619	0.308947
60000	0.990000	0.000000	0.000000	10.078306	0.308756
65000	0.990000	0.000000	0.000000	10.085896	0.308632
70000	0.990000	0.000000	0.000000	10.090829	0.308551
75000	0.990000	0.000000	0.000000	10.094035	0.308499
80000	0.990000	0.000000	0.000000	10.096120	0.308465
85000	0.990000	0.000000	0.000000	10.097476	0.308443
90000	0.990000	0.000000	0.000000	10.098358	0.308428
95000	0.990000	0.000000	0.000000	10.098932	0.308419
100000	0.990000	0.000000	0.000000	10.099305	0.308413

var1: 0.000000	 var2: 1.600000
gen	A2		B2		diseq		zbar		sexrat
0	0.990000	0.000000			3.000000	
5000	0.990000	0.000000	0.000000	6.830631	0.379618
10000	0.990000	0.000000	0.000000	8.218858	0.344261
15000	0.990000	0.000000	0.000000	8.952761	0.328909
20000	0.990000	0.000000	0.000000	9.381215	0.320799
25000	0.990000	0.000000	0.000000	9.643005	0.316117
30000	0.990000	0.000000	0.000000	9.806940	0.313285
35000	0.990000	0.000000	0.000000	9.911080	0.311524
40000	0.990000	0.000000	0.000000	9.977814	0.310410
45000	0.990000	0.000000	0.000000	10.020810	0.309699
50000	0.990000	0.000000	0.000000	10.048608	0.309242
55000	0.990000	0.000000	0.000000	10.066619	0.308947
60000	0.990000	0.000000	0.000000	10.078306	0.308756
65000	0.990000	0.000000	0.000000	10.085896	0.308632
70000	0.990000	0.000000	0.000000	10.090829	0.308551
75000	0.990000	0.000000	0.000000	10.094035	0.308499
80000	0.990000	0.000000	0.000000	10.096120	0.308465
85000	0.990000	0.000000	0.000000	10.097476	0.308443
90000	0.990000	0.000000	0.000000	10.098358	0.308428
95000	0.990000	0.000000	0.000000	10.098932	0.308419
100000	0.990000	0.000000	0.000000	10.099305	0.308413

var1: 0.000000	 var2: 1.700000
gen	A2		B2		diseq		zbar		sexrat
0	0.990000	0.000000			3.000000	
5000	0.990000	0.000000	0.000000	6.830631	0.379618
10000	0.990000	0.000000	0.000000	8.218858	0.344261
15000	0.990000	0.000000	0.000000	8.952761	0.328909
20000	0.990000	0.000000	0.000000	9.381215	0.320799
25000	0.990000	0.000000	0.000000	9.643005	0.316117
30000	0.990000	0.000000	0.000000	9.806940	0.313285
35000	0.990000	0.000000	0.000000	9.911080	0.311524
40000	0.990000	0.000000	0.000000	9.977814	0.310410
45000	0.990000	0.000000	0.000000	10.020810	0.309699
50000	0.990000	0.000000	0.000000	10.048608	0.309242
55000	0.990000	0.000000	0.000000	10.066619	0.308947
60000	0.990000	0.000000	0.000000	10.078306	0.308756
65000	0.990000	0.000000	0.000000	10.085896	0.308632
70000	0.990000	0.000000	0.000000	10.090829	0.308551
75000	0.990000	0.000000	0.000000	10.094035	0.308499
80000	0.990000	0.000000	0.000000	10.096120	0.308465
85000	0.990000	0.000000	0.000000	10.097476	0.308443
90000	0.990000	0.000000	0.000000	10.098358	0.308428
95000	0.990000	0.000000	0.000000	10.098932	0.308419
100000	0.990000	0.000000	0.000000	10.099305	0.308413

var1: 0.000000	 var2: 1.800000
gen	A2		B2		diseq		zbar		sexrat
0	0.990000	0.000000			3.000000	
5000	0.990000	0.000000	0.000000	6.830631	0.379618
10000	0.990000	0.000000	0.000000	8.218858	0.344261
15000	0.990000	0.000000	0.000000	8.952761	0.328909
20000	0.990000	0.000000	0.000000	9.381215	0.320799
25000	0.990000	0.000000	0.000000	9.643005	0.316117
30000	0.990000	0.000000	0.000000	9.806940	0.313285
35000	0.990000	0.000000	0.000000	9.911080	0.311524
40000	0.990000	0.000000	0.000000	9.977814	0.310410
45000	0.990000	0.000000	0.000000	10.020810	0.309699
50000	0.990000	0.000000	0.000000	10.048608	0.309242
55000	0.990000	0.000000	0.000000	10.066619	0.308947
60000	0.990000	0.000000	0.000000	10.078306	0.308756
65000	0.990000	0.000000	0.000000	10.085896	0.308632
70000	0.990000	0.000000	0.000000	10.090829	0.308551
75000	0.990000	0.000000	0.000000	10.094035	0.308499
80000	0.990000	0.000000	0.000000	10.096120	0.308465
85000	0.990000	0.000000	0.000000	10.097476	0.308443
90000	0.990000	0.000000	0.000000	10.098358	0.308428
95000	0.990000	0.000000	0.000000	10.098932	0.308419
100000	0.990000	0.000000	0.000000	10.099305	0.308413

var1: 0.000000	 var2: 1.900000
gen	A2		B2		diseq		zbar		sexrat
0	0.990000	0.000000			3.000000	
5000	0.990000	0.000000	0.000000	6.830631	0.379618
10000	0.990000	0.000000	0.000000	8.218858	0.344261
15000	0.990000	0.000000	0.000000	8.952761	0.328909
20000	0.990000	0.000000	0.000000	9.381215	0.320799
25000	0.990000	0.000000	0.000000	9.643005	0.316117
30000	0.990000	0.000000	0.000000	9.806940	0.313285
35000	0.990000	0.000000	0.000000	9.911080	0.311524
40000	0.990000	0.000000	0.000000	9.977814	0.310410
45000	0.990000	0.000000	0.000000	10.020810	0.309699
50000	0.990000	0.000000	0.000000	10.048608	0.309242
55000	0.990000	0.000000	0.000000	10.066619	0.308947
60000	0.990000	0.000000	0.000000	10.078306	0.308756
65000	0.990000	0.000000	0.000000	10.085896	0.308632
70000	0.990000	0.000000	0.000000	10.090829	0.308551
75000	0.990000	0.000000	0.000000	10.094035	0.308499
80000	0.990000	0.000000	0.000000	10.096120	0.308465
85000	0.990000	0.000000	0.000000	10.097476	0.308443
90000	0.990000	0.000000	0.000000	10.098358	0.308428
95000	0.990000	0.000000	0.000000	10.098932	0.308419
100000	0.990000	0.000000	0.000000	10.099305	0.308413

var1: 0.000000	 var2: 2.000000
gen	A2		B2		diseq		zbar		sexrat
0	0.990000	0.000000			3.000000	
5000	0.990000	0.000000	0.000000	6.830631	0.379618
10000	0.990000	0.000000	0.000000	8.218858	0.344261
15000	0.990000	0.000000	0.000000	8.952761	0.328909
20000	0.990000	0.000000	0.000000	9.381215	0.320799
25000	0.990000	0.000000	0.000000	9.643005	0.316117
30000	0.990000	0.000000	0.000000	9.806940	0.313285
35000	0.990000	0.000000	0.000000	9.911080	0.311524
40000	0.990000	0.000000	0.000000	9.977814	0.310410
45000	0.990000	0.000000	0.000000	10.020810	0.309699
50000	0.990000	0.000000	0.000000	10.048608	0.309242
55000	0.990000	0.000000	0.000000	10.066619	0.308947
60000	0.990000	0.000000	0.000000	10.078306	0.308756
65000	0.990000	0.000000	0.000000	10.085896	0.308632
70000	0.990000	0.000000	0.000000	10.090829	0.308551
75000	0.990000	0.000000	0.000000	10.094035	0.308499
80000	0.990000	0.000000	0.000000	10.096120	0.308465
85000	0.990000	0.000000	0.000000	10.097476	0.308443
90000	0.990000	0.000000	0.000000	10.098358	0.308428
95000	0.990000	0.000000	0.000000	10.098932	0.308419
100000	0.990000	0.000000	0.000000	10.099305	0.308413

var1: 0.000000	 var2: 2.100000
gen	A2		B2		diseq		zbar		sexrat
0	0.990000	0.000000			3.000000	
5000	0.990000	0.000000	0.000000	6.830631	0.379618
10000	0.990000	0.000000	0.000000	8.218858	0.344261
15000	0.990000	0.000000	0.000000	8.952761	0.328909
20000	0.990000	0.000000	0.000000	9.381215	0.320799
25000	0.990000	0.000000	0.000000	9.643005	0.316117
30000	0.990000	0.000000	0.000000	9.806940	0.313285
35000	0.990000	0.000000	0.000000	9.911080	0.311524
40000	0.990000	0.000000	0.000000	9.977814	0.310410
45000	0.990000	0.000000	0.000000	10.020810	0.309699
50000	0.990000	0.000000	0.000000	10.048608	0.309242
55000	0.990000	0.000000	0.000000	10.066619	0.308947
60000	0.990000	0.000000	0.000000	10.078306	0.308756
65000	0.990000	0.000000	0.000000	10.085896	0.308632
70000	0.990000	0.000000	0.000000	10.090829	0.308551
75000	0.990000	0.000000	0.000000	10.094035	0.308499
80000	0.990000	0.000000	0.000000	10.096120	0.308465
85000	0.990000	0.000000	0.000000	10.097476	0.308443
90000	0.990000	0.000000	0.000000	10.098358	0.308428
95000	0.990000	0.000000	0.000000	10.098932	0.308419
100000	0.990000	0.000000	0.000000	10.099305	0.308413

var1: 0.000000	 var2: 2.200000
gen	A2		B2		diseq		zbar		sexrat
0	0.990000	0.000000			3.000000	
5000	0.990000	0.000000	0.000000	6.830631	0.379618
10000	0.990000	0.000000	0.000000	8.218858	0.344261
15000	0.990000	0.000000	0.000000	8.952761	0.328909
20000	0.990000	0.000000	0.000000	9.381215	0.320799
25000	0.990000	0.000000	0.000000	9.643005	0.316117
30000	0.990000	0.000000	0.000000	9.806940	0.313285
35000	0.990000	0.000000	0.000000	9.911080	0.311524
40000	0.990000	0.000000	0.000000	9.977814	0.310410
45000	0.990000	0.000000	0.000000	10.020810	0.309699
50000	0.990000	0.000000	0.000000	10.048608	0.309242
55000	0.990000	0.000000	0.000000	10.066619	0.308947
60000	0.990000	0.000000	0.000000	10.078306	0.308756
65000	0.990000	0.000000	0.000000	10.085896	0.308632
70000	0.990000	0.000000	0.000000	10.090829	0.308551
75000	0.990000	0.000000	0.000000	10.094035	0.308499
80000	0.990000	0.000000	0.000000	10.096120	0.308465
85000	0.990000	0.000000	0.000000	10.097476	0.308443
90000	0.990000	0.000000	0.000000	10.098358	0.308428
95000	0.990000	0.000000	0.000000	10.098932	0.308419
100000	0.990000	0.000000	0.000000	10.099305	0.308413

var1: 0.000000	 var2: 2.300000
gen	A2		B2		diseq		zbar		sexrat
0	0.990000	0.000000			3.000000	
5000	0.990000	0.000000	0.000000	6.830631	0.379618
10000	0.990000	0.000000	0.000000	8.218858	0.344261
15000	0.990000	0.000000	0.000000	8.952761	0.328909
20000	0.990000	0.000000	0.000000	9.381215	0.320799
25000	0.990000	0.000000	0.000000	9.643005	0.316117
30000	0.990000	0.000000	0.000000	9.806940	0.313285
35000	0.990000	0.000000	0.000000	9.911080	0.311524
40000	0.990000	0.000000	0.000000	9.977814	0.310410
45000	0.990000	0.000000	0.000000	10.020810	0.309699
50000	0.990000	0.000000	0.000000	10.048608	0.309242
55000	0.990000	0.000000	0.000000	10.066619	0.308947
60000	0.990000	0.000000	0.000000	10.078306	0.308756
65000	0.990000	0.000000	0.000000	10.085896	0.308632
70000	0.990000	0.000000	0.000000	10.090829	0.308551
75000	0.990000	0.000000	0.000000	10.094035	0.308499
80000	0.990000	0.000000	0.000000	10.096120	0.308465
85000	0.990000	0.000000	0.000000	10.097476	0.308443
90000	0.990000	0.000000	0.000000	10.098358	0.308428
95000	0.990000	0.000000	0.000000	10.098932	0.308419
100000	0.990000	0.000000	0.000000	10.099305	0.308413

var1: 0.000000	 var2: 2.400000
gen	A2		B2		diseq		zbar		sexrat
0	0.990000	0.000000			3.000000	
5000	0.990000	0.000000	0.000000	6.830631	0.379618
10000	0.990000	0.000000	0.000000	8.218858	0.344261
15000	0.990000	0.000000	0.000000	8.952761	0.328909
20000	0.990000	0.000000	0.000000	9.381215	0.320799
25000	0.990000	0.000000	0.000000	9.643005	0.316117
30000	0.990000	0.000000	0.000000	9.806940	0.313285
35000	0.990000	0.000000	0.000000	9.911080	0.311524
40000	0.990000	0.000000	0.000000	9.977814	0.310410
45000	0.990000	0.000000	0.000000	10.020810	0.309699
50000	0.990000	0.000000	0.000000	10.048608	0.309242
55000	0.990000	0.000000	0.000000	10.066619	0.308947
60000	0.990000	0.000000	0.000000	10.078306	0.308756
65000	0.990000	0.000000	0.000000	10.085896	0.308632
70000	0.990000	0.000000	0.000000	10.090829	0.308551
75000	0.990000	0.000000	0.000000	10.094035	0.308499
80000	0.990000	0.000000	0.000000	10.096120	0.308465
85000	0.990000	0.000000	0.000000	10.097476	0.308443
90000	0.990000	0.000000	0.000000	10.098358	0.308428
95000	0.990000	0.000000	0.000000	10.098932	0.308419
100000	0.990000	0.000000	0.000000	10.099305	0.308413

var1: 0.000000	 var2: 2.500000
gen	A2		B2		diseq		zbar		sexrat
0	0.990000	0.000000			3.000000	
5000	0.990000	0.000000	0.000000	6.830631	0.379618
10000	0.990000	0.000000	0.000000	8.218858	0.344261
15000	0.990000	0.000000	0.000000	8.952761	0.328909
20000	0.990000	0.000000	0.000000	9.381215	0.320799
25000	0.990000	0.000000	0.000000	9.643005	0.316117
30000	0.990000	0.000000	0.000000	9.806940	0.313285
35000	0.990000	0.000000	0.000000	9.911080	0.311524
40000	0.990000	0.000000	0.000000	9.977814	0.310410
45000	0.990000	0.000000	0.000000	10.020810	0.309699
50000	0.990000	0.000000	0.000000	10.048608	0.309242
55000	0.990000	0.000000	0.000000	10.066619	0.308947
60000	0.990000	0.000000	0.000000	10.078306	0.308756
65000	0.990000	0.000000	0.000000	10.085896	0.308632
70000	0.990000	0.000000	0.000000	10.090829	0.308551
75000	0.990000	0.000000	0.000000	10.094035	0.308499
80000	0.990000	0.000000	0.000000	10.096120	0.308465
85000	0.990000	0.000000	0.000000	10.097476	0.308443
90000	0.990000	0.000000	0.000000	10.098358	0.308428
95000	0.990000	0.000000	0.000000	10.098932	0.308419
100000	0.990000	0.000000	0.000000	10.099305	0.308413

var1: 0.000000	 var2: 2.600000
gen	A2		B2		diseq		zbar		sexrat
0	0.990000	0.000000			3.000000	
5000	0.990000	0.000000	0.000000	6.830631	0.379618
10000	0.990000	0.000000	0.000000	8.218858	0.344261
15000	0.990000	0.000000	0.000000	8.952761	0.328909
20000	0.990000	0.000000	0.000000	9.381215	0.320799
25000	0.990000	0.000000	0.000000	9.643005	0.316117
30000	0.990000	0.000000	0.000000	9.806940	0.313285
35000	0.990000	0.000000	0.000000	9.911080	0.311524
40000	0.990000	0.000000	0.000000	9.977814	0.310410
45000	0.990000	0.000000	0.000000	10.020810	0.309699
50000	0.990000	0.000000	0.000000	10.048608	0.309242
55000	0.990000	0.000000	0.000000	10.066619	0.308947
60000	0.990000	0.000000	0.000000	10.078306	0.308756
65000	0.990000	0.000000	0.000000	10.085896	0.308632
70000	0.990000	0.000000	0.000000	10.090829	0.308551
75000	0.990000	0.000000	0.000000	10.094035	0.308499
80000	0.990000	0.000000	0.000000	10.096120	0.308465
85000	0.990000	0.000000	0.000000	10.097476	0.308443
90000	0.990000	0.000000	0.000000	10.098358	0.308428
95000	0.990000	0.000000	0.000000	10.098932	0.308419
100000	0.990000	0.000000	0.000000	10.099305	0.308413

var1: 0.000000	 var2: 2.700000
gen	A2		B2		diseq		zbar		sexrat
0	0.990000	0.000000			3.000000	
5000	0.990000	0.000000	0.000000	6.830631	0.379618
10000	0.990000	0.000000	0.000000	8.218858	0.344261
15000	0.990000	0.000000	0.000000	8.952761	0.328909
20000	0.990000	0.000000	0.000000	9.381215	0.320799
25000	0.990000	0.000000	0.000000	9.643005	0.316117
30000	0.990000	0.000000	0.000000	9.806940	0.313285
35000	0.990000	0.000000	0.000000	9.911080	0.311524
40000	0.990000	0.000000	0.000000	9.977814	0.310410
45000	0.990000	0.000000	0.000000	10.020810	0.309699
50000	0.990000	0.000000	0.000000	10.048608	0.309242
55000	0.990000	0.000000	0.000000	10.066619	0.308947
60000	0.990000	0.000000	0.000000	10.078306	0.308756
65000	0.990000	0.000000	0.000000	10.085896	0.308632
70000	0.990000	0.000000	0.000000	10.090829	0.308551
75000	0.990000	0.000000	0.000000	10.094035	0.308499
80000	0.990000	0.000000	0.000000	10.096120	0.308465
85000	0.990000	0.000000	0.000000	10.097476	0.308443
90000	0.990000	0.000000	0.000000	10.098358	0.308428
95000	0.990000	0.000000	0.000000	10.098932	0.308419
100000	0.990000	0.000000	0.000000	10.099305	0.308413

var1: 0.000000	 var2: 2.800000
gen	A2		B2		diseq		zbar		sexrat
0	0.990000	0.000000			3.000000	
5000	0.990000	0.000000	0.000000	6.830631	0.379618
10000	0.990000	0.000000	0.000000	8.218858	0.344261
15000	0.990000	0.000000	0.000000	8.952761	0.328909
20000	0.990000	0.000000	0.000000	9.381215	0.320799
25000	0.990000	0.000000	0.000000	9.643005	0.316117
30000	0.990000	0.000000	0.000000	9.806940	0.313285
35000	0.990000	0.000000	0.000000	9.911080	0.311524
40000	0.990000	0.000000	0.000000	9.977814	0.310410
45000	0.990000	0.000000	0.000000	10.020810	0.309699
50000	0.990000	0.000000	0.000000	10.048608	0.309242
55000	0.990000	0.000000	0.000000	10.066619	0.308947
60000	0.990000	0.000000	0.000000	10.078306	0.308756
65000	0.990000	0.000000	0.000000	10.085896	0.308632
70000	0.990000	0.000000	0.000000	10.090829	0.308551
75000	0.990000	0.000000	0.000000	10.094035	0.308499
80000	0.990000	0.000000	0.000000	10.096120	0.308465
85000	0.990000	0.000000	0.000000	10.097476	0.308443
90000	0.990000	0.000000	0.000000	10.098358	0.308428
95000	0.990000	0.000000	0.000000	10.098932	0.308419
100000	0.990000	0.000000	0.000000	10.099305	0.308413

var1: 0.000000	 var2: 2.900000
gen	A2		B2		diseq		zbar		sexrat
0	0.990000	0.000000			3.000000	
5000	0.990000	0.000000	0.000000	6.830631	0.379618
10000	0.990000	0.000000	0.000000	8.218858	0.344261
15000	0.990000	0.000000	0.000000	8.952761	0.328909
20000	0.990000	0.000000	0.000000	9.381215	0.320799
25000	0.990000	0.000000	0.000000	9.643005	0.316117
30000	0.990000	0.000000	0.000000	9.806940	0.313285
35000	0.990000	0.000000	0.000000	9.911080	0.311524
40000	0.990000	0.000000	0.000000	9.977814	0.310410
45000	0.990000	0.000000	0.000000	10.020810	0.309699
50000	0.990000	0.000000	0.000000	10.048608	0.309242
55000	0.990000	0.000000	0.000000	10.066619	0.308947
60000	0.990000	0.000000	0.000000	10.078306	0.308756
65000	0.990000	0.000000	0.000000	10.085896	0.308632
70000	0.990000	0.000000	0.000000	10.090829	0.308551
75000	0.990000	0.000000	0.000000	10.094035	0.308499
80000	0.990000	0.000000	0.000000	10.096120	0.308465
85000	0.990000	0.000000	0.000000	10.097476	0.308443
90000	0.990000	0.000000	0.000000	10.098358	0.308428
95000	0.990000	0.000000	0.000000	10.098932	0.308419
100000	0.990000	0.000000	0.000000	10.099305	0.308413

var1: 0.000000	 var2: 3.000000
gen	A2		B2		diseq		zbar		sexrat
0	0.990000	0.000000			3.000000	
5000	0.990000	0.000000	0.000000	6.830631	0.379618
10000	0.990000	0.000000	0.000000	8.218858	0.344261
15000	0.990000	0.000000	0.000000	8.952761	0.328909
20000	0.990000	0.000000	0.000000	9.381215	0.320799
25000	0.990000	0.000000	0.000000	9.643005	0.316117
30000	0.990000	0.000000	0.000000	9.806940	0.313285
35000	0.990000	0.000000	0.000000	9.911080	0.311524
40000	0.990000	0.000000	0.000000	9.977814	0.310410
45000	0.990000	0.000000	0.000000	10.020810	0.309699
50000	0.990000	0.000000	0.000000	10.048608	0.309242
55000	0.990000	0.000000	0.000000	10.066619	0.308947
60000	0.990000	0.000000	0.000000	10.078306	0.308756
65000	0.990000	0.000000	0.000000	10.085896	0.308632
70000	0.990000	0.000000	0.000000	10.090829	0.308551
75000	0.990000	0.000000	0.000000	10.094035	0.308499
80000	0.990000	0.000000	0.000000	10.096120	0.308465
85000	0.990000	0.000000	0.000000	10.097476	0.308443
90000	0.990000	0.000000	0.000000	10.098358	0.308428
95000	0.990000	0.000000	0.000000	10.098932	0.308419
100000	0.990000	0.000000	0.000000	10.099305	0.308413

var1: 0.000000	 var2: 3.100000
gen	A2		B2		diseq		zbar		sexrat
0	0.990000	0.000000			3.000000	
5000	0.990000	0.000000	0.000000	6.830631	0.379618
10000	0.990000	0.000000	0.000000	8.218858	0.344261
15000	0.990000	0.000000	0.000000	8.952761	0.328909
20000	0.990000	0.000000	0.000000	9.381215	0.320799
25000	0.990000	0.000000	0.000000	9.643005	0.316117
30000	0.990000	0.000000	0.000000	9.806940	0.313285
35000	0.990000	0.000000	0.000000	9.911080	0.311524
40000	0.990000	0.000000	0.000000	9.977814	0.310410
45000	0.990000	0.000000	0.000000	10.020810	0.309699
50000	0.990000	0.000000	0.000000	10.048608	0.309242
55000	0.990000	0.000000	0.000000	10.066619	0.308947
60000	0.990000	0.000000	0.000000	10.078306	0.308756
65000	0.990000	0.000000	0.000000	10.085896	0.308632
70000	0.990000	0.000000	0.000000	10.090829	0.308551
75000	0.990000	0.000000	0.000000	10.094035	0.308499
80000	0.990000	0.000000	0.000000	10.096120	0.308465
85000	0.990000	0.000000	0.000000	10.097476	0.308443
90000	0.990000	0.000000	0.000000	10.098358	0.308428
95000	0.990000	0.000000	0.000000	10.098932	0.308419
100000	0.990000	0.000000	0.000000	10.099305	0.308413

var1: 0.000000	 var2: 3.200000
gen	A2		B2		diseq		zbar		sexrat
0	0.990000	0.000000			3.000000	
5000	0.990000	0.000000	0.000000	6.830631	0.379618
10000	0.990000	0.000000	0.000000	8.218858	0.344261
15000	0.990000	0.000000	0.000000	8.952761	0.328909
20000	0.990000	0.000000	0.000000	9.381215	0.320799
25000	0.990000	0.000000	0.000000	9.643005	0.316117
30000	0.990000	0.000000	0.000000	9.806940	0.313285
35000	0.990000	0.000000	0.000000	9.911080	0.311524
40000	0.990000	0.000000	0.000000	9.977814	0.310410
45000	0.990000	0.000000	0.000000	10.020810	0.309699
50000	0.990000	0.000000	0.000000	10.048608	0.309242
55000	0.990000	0.000000	0.000000	10.066619	0.308947
60000	0.990000	0.000000	0.000000	10.078306	0.308756
65000	0.990000	0.000000	0.000000	10.085896	0.308632
70000	0.990000	0.000000	0.000000	10.090829	0.308551
75000	0.990000	0.000000	0.000000	10.094035	0.308499
80000	0.990000	0.000000	0.000000	10.096120	0.308465
85000	0.990000	0.000000	0.000000	10.097476	0.308443
90000	0.990000	0.000000	0.000000	10.098358	0.308428
95000	0.990000	0.000000	0.000000	10.098932	0.308419
100000	0.990000	0.000000	0.000000	10.099305	0.308413

var1: 0.000000	 var2: 3.300000
gen	A2		B2		diseq		zbar		sexrat
0	0.990000	0.000000			3.000000	
5000	0.990000	0.000000	0.000000	6.830631	0.379618
10000	0.990000	0.000000	0.000000	8.218858	0.344261
15000	0.990000	0.000000	0.000000	8.952761	0.328909
20000	0.990000	0.000000	0.000000	9.381215	0.320799
25000	0.990000	0.000000	0.000000	9.643005	0.316117
30000	0.990000	0.000000	0.000000	9.806940	0.313285
35000	0.990000	0.000000	0.000000	9.911080	0.311524
40000	0.990000	0.000000	0.000000	9.977814	0.310410
45000	0.990000	0.000000	0.000000	10.020810	0.309699
50000	0.990000	0.000000	0.000000	10.048608	0.309242
55000	0.990000	0.000000	0.000000	10.066619	0.308947
60000	0.990000	0.000000	0.000000	10.078306	0.308756
65000	0.990000	0.000000	0.000000	10.085896	0.308632
70000	0.990000	0.000000	0.000000	10.090829	0.308551
75000	0.990000	0.000000	0.000000	10.094035	0.308499
80000	0.990000	0.000000	0.000000	10.096120	0.308465
85000	0.990000	0.000000	0.000000	10.097476	0.308443
90000	0.990000	0.000000	0.000000	10.098358	0.308428
95000	0.990000	0.000000	0.000000	10.098932	0.308419
100000	0.990000	0.000000	0.000000	10.099305	0.308413

var1: 0.000000	 var2: 3.400000
gen	A2		B2		diseq		zbar		sexrat
0	0.990000	0.000000			3.000000	
5000	0.990000	0.000000	0.000000	6.830631	0.379618
10000	0.990000	0.000000	0.000000	8.218858	0.344261
15000	0.990000	0.000000	0.000000	8.952761	0.328909
20000	0.990000	0.000000	0.000000	9.381215	0.320799
25000	0.990000	0.000000	0.000000	9.643005	0.316117
30000	0.990000	0.000000	0.000000	9.806940	0.313285
35000	0.990000	0.000000	0.000000	9.911080	0.311524
40000	0.990000	0.000000	0.000000	9.977814	0.310410
45000	0.990000	0.000000	0.000000	10.020810	0.309699
50000	0.990000	0.000000	0.000000	10.048608	0.309242
55000	0.990000	0.000000	0.000000	10.066619	0.308947
60000	0.990000	0.000000	0.000000	10.078306	0.308756
65000	0.990000	0.000000	0.000000	10.085896	0.308632
70000	0.990000	0.000000	0.000000	10.090829	0.308551
75000	0.990000	0.000000	0.000000	10.094035	0.308499
80000	0.990000	0.000000	0.000000	10.096120	0.308465
85000	0.990000	0.000000	0.000000	10.097476	0.308443
90000	0.990000	0.000000	0.000000	10.098358	0.308428
95000	0.990000	0.000000	0.000000	10.098932	0.308419
100000	0.990000	0.000000	0.000000	10.099305	0.308413

var1: 0.000000	 var2: 3.500000
gen	A2		B2		diseq		zbar		sexrat
0	0.990000	0.000000			3.000000	
5000	0.990000	0.000000	0.000000	6.830631	0.379618
10000	0.990000	0.000000	0.000000	8.218858	0.344261
15000	0.990000	0.000000	0.000000	8.952761	0.328909
20000	0.990000	0.000000	0.000000	9.381215	0.320799
25000	0.990000	0.000000	0.000000	9.643005	0.316117
30000	0.990000	0.000000	0.000000	9.806940	0.313285
35000	0.990000	0.000000	0.000000	9.911080	0.311524
40000	0.990000	0.000000	0.000000	9.977814	0.310410
45000	0.990000	0.000000	0.000000	10.020810	0.309699
50000	0.990000	0.000000	0.000000	10.048608	0.309242
55000	0.990000	0.000000	0.000000	10.066619	0.308947
60000	0.990000	0.000000	0.000000	10.078306	0.308756
65000	0.990000	0.000000	0.000000	10.085896	0.308632
70000	0.990000	0.000000	0.000000	10.090829	0.308551
75000	0.990000	0.000000	0.000000	10.094035	0.308499
80000	0.990000	0.000000	0.000000	10.096120	0.308465
85000	0.990000	0.000000	0.000000	10.097476	0.308443
90000	0.990000	0.000000	0.000000	10.098358	0.308428
95000	0.990000	0.000000	0.000000	10.098932	0.308419
100000	0.990000	0.000000	0.000000	10.099305	0.308413

var1: 0.000000	 var2: 3.600000
gen	A2		B2		diseq		zbar		sexrat
0	0.990000	0.000000			3.000000	
5000	0.990000	0.000000	0.000000	6.830631	0.379618
10000	0.990000	0.000000	0.000000	8.218858	0.344261
15000	0.990000	0.000000	0.000000	8.952761	0.328909
20000	0.990000	0.000000	0.000000	9.381215	0.320799
25000	0.990000	0.000000	0.000000	9.643005	0.316117
30000	0.990000	0.000000	0.000000	9.806940	0.313285
35000	0.990000	0.000000	0.000000	9.911080	0.311524
40000	0.990000	0.000000	0.000000	9.977814	0.310410
45000	0.990000	0.000000	0.000000	10.020810	0.309699
50000	0.990000	0.000000	0.000000	10.048608	0.309242
55000	0.990000	0.000000	0.000000	10.066619	0.308947
60000	0.990000	0.000000	0.000000	10.078306	0.308756
65000	0.990000	0.000000	0.000000	10.085896	0.308632
70000	0.990000	0.000000	0.000000	10.090829	0.308551
75000	0.990000	0.000000	0.000000	10.094035	0.308499
80000	0.990000	0.000000	0.000000	10.096120	0.308465
85000	0.990000	0.000000	0.000000	10.097476	0.308443
90000	0.990000	0.000000	0.000000	10.098358	0.308428
95000	0.990000	0.000000	0.000000	10.098932	0.308419
100000	0.990000	0.000000	0.000000	10.099305	0.308413

var1: 0.000000	 var2: 3.700000
gen	A2		B2		diseq		zbar		sexrat
0	0.990000	0.000000			3.000000	
5000	0.990000	0.000000	0.000000	6.830631	0.379618
10000	0.990000	0.000000	0.000000	8.218858	0.344261
15000	0.990000	0.000000	0.000000	8.952761	0.328909
20000	0.990000	0.000000	0.000000	9.381215	0.320799
25000	0.990000	0.000000	0.000000	9.643005	0.316117
30000	0.990000	0.000000	0.000000	9.806940	0.313285
35000	0.990000	0.000000	0.000000	9.911080	0.311524
40000	0.990000	0.000000	0.000000	9.977814	0.310410
45000	0.990000	0.000000	0.000000	10.020810	0.309699
50000	0.990000	0.000000	0.000000	10.048608	0.309242
55000	0.990000	0.000000	0.000000	10.066619	0.308947
60000	0.990000	0.000000	0.000000	10.078306	0.308756
65000	0.990000	0.000000	0.000000	10.085896	0.308632
70000	0.990000	0.000000	0.000000	10.090829	0.308551
75000	0.990000	0.000000	0.000000	10.094035	0.308499
80000	0.990000	0.000000	0.000000	10.096120	0.308465
85000	0.990000	0.000000	0.000000	10.097476	0.308443
90000	0.990000	0.000000	0.000000	10.098358	0.308428
95000	0.990000	0.000000	0.000000	10.098932	0.308419
100000	0.990000	0.000000	0.000000	10.099305	0.308413

var1: 0.000000	 var2: 3.800000
gen	A2		B2		diseq		zbar		sexrat
0	0.990000	0.000000			3.000000	
5000	0.990000	0.000000	0.000000	6.830631	0.379618
10000	0.990000	0.000000	0.000000	8.218858	0.344261
15000	0.990000	0.000000	0.000000	8.952761	0.328909
20000	0.990000	0.000000	0.000000	9.381215	0.320799
25000	0.990000	0.000000	0.000000	9.643005	0.316117
30000	0.990000	0.000000	0.000000	9.806940	0.313285
35000	0.990000	0.000000	0.000000	9.911080	0.311524
40000	0.990000	0.000000	0.000000	9.977814	0.310410
45000	0.990000	0.000000	0.000000	10.020810	0.309699
50000	0.990000	0.000000	0.000000	10.048608	0.309242
55000	0.990000	0.000000	0.000000	10.066619	0.308947
60000	0.990000	0.000000	0.000000	10.078306	0.308756
65000	0.990000	0.000000	0.000000	10.085896	0.308632
70000	0.990000	0.000000	0.000000	10.090829	0.308551
75000	0.990000	0.000000	0.000000	10.094035	0.308499
80000	0.990000	0.000000	0.000000	10.096120	0.308465
85000	0.990000	0.000000	0.000000	10.097476	0.308443
90000	0.990000	0.000000	0.000000	10.098358	0.308428
95000	0.990000	0.000000	0.000000	10.098932	0.308419
100000	0.990000	0.000000	0.000000	10.099305	0.308413

var1: 0.000000	 var2: 3.900000
gen	A2		B2		diseq		zbar		sexrat
0	0.990000	0.000000			3.000000	
5000	0.990000	0.000000	0.000000	6.830631	0.379618
10000	0.990000	0.000000	0.000000	8.218858	0.344261
15000	0.990000	0.000000	0.000000	8.952761	0.328909
20000	0.990000	0.000000	0.000000	9.381215	0.320799
25000	0.990000	0.000000	0.000000	9.643005	0.316117
30000	0.990000	0.000000	0.000000	9.806940	0.313285
35000	0.990000	0.000000	0.000000	9.911080	0.311524
40000	0.990000	0.000000	0.000000	9.977814	0.310410
45000	0.990000	0.000000	0.000000	10.020810	0.309699
50000	0.990000	0.000000	0.000000	10.048608	0.309242
55000	0.990000	0.000000	0.000000	10.066619	0.308947
60000	0.990000	0.000000	0.000000	10.078306	0.308756
65000	0.990000	0.000000	0.000000	10.085896	0.308632
70000	0.990000	0.000000	0.000000	10.090829	0.308551
75000	0.990000	0.000000	0.000000	10.094035	0.308499
80000	0.990000	0.000000	0.000000	10.096120	0.308465
85000	0.990000	0.000000	0.000000	10.097476	0.308443
90000	0.990000	0.000000	0.000000	10.098358	0.308428
95000	0.990000	0.000000	0.000000	10.098932	0.308419
100000	0.990000	0.000000	0.000000	10.099305	0.308413

var1: 0.000000	 var2: 4.000000
gen	A2		B2		diseq		zbar		sexrat
0	0.990000	0.000000			3.000000	
5000	0.990000	0.000000	0.000000	6.830631	0.379618
10000	0.990000	0.000000	0.000000	8.218858	0.344261
15000	0.990000	0.000000	0.000000	8.952761	0.328909
20000	0.990000	0.000000	0.000000	9.381215	0.320799
25000	0.990000	0.000000	0.000000	9.643005	0.316117
30000	0.990000	0.000000	0.000000	9.806940	0.313285
35000	0.990000	0.000000	0.000000	9.911080	0.311524
40000	0.990000	0.000000	0.000000	9.977814	0.310410
45000	0.990000	0.000000	0.000000	10.020810	0.309699
50000	0.990000	0.000000	0.000000	10.048608	0.309242
55000	0.990000	0.000000	0.000000	10.066619	0.308947
60000	0.990000	0.000000	0.000000	10.078306	0.308756
65000	0.990000	0.000000	0.000000	10.085896	0.308632
70000	0.990000	0.000000	0.000000	10.090829	0.308551
75000	0.990000	0.000000	0.000000	10.094035	0.308499
80000	0.990000	0.000000	0.000000	10.096120	0.308465
85000	0.990000	0.000000	0.000000	10.097476	0.308443
90000	0.990000	0.000000	0.000000	10.098358	0.308428
95000	0.990000	0.000000	0.000000	10.098932	0.308419
100000	0.990000	0.000000	0.000000	10.099305	0.308413

var1: 0.002500	 var2: 0.000000
gen	A2		B2		diseq		zbar		sexrat
0	0.990000	0.000000			3.000000	
5000	0.990000	0.000000	0.000000	6.795254	0.394997
10000	0.990000	0.000000	0.000000	8.111127	0.360916
15000	0.990000	0.000000	0.000000	8.775703	0.346602
20000	0.990000	0.000000	0.000000	9.145254	0.339325
25000	0.990000	0.000000	0.000000	9.359743	0.335304
30000	0.990000	0.000000	0.000000	9.487038	0.332983
35000	0.990000	0.000000	0.000000	9.563530	0.331612
40000	0.990000	0.000000	0.000000	9.609827	0.330790
45000	0.990000	0.000000	0.000000	9.637969	0.330293
50000	0.990000	0.000000	0.000000	9.655119	0.329992
55000	0.990000	0.000000	0.000000	9.665587	0.329808
60000	0.990000	0.000000	0.000000	9.671982	0.329696
65000	0.990000	0.000000	0.000000	9.675891	0.329628
70000	0.990000	0.000000	0.000000	9.678282	0.329586
75000	0.990000	0.000000	0.000000	9.679744	0.329560
80000	0.990000	0.000000	0.000000	9.680638	0.329545
85000	0.990000	0.000000	0.000000	9.681185	0.329535
90000	0.990000	0.000000	0.000000	9.681520	0.329529
95000	0.990000	0.000000	0.000000	9.681725	0.329526
100000	0.990000	0.000000	0.000000	9.681850	0.329524

var1: 0.002500	 var2: 0.100000
gen	A2		B2		diseq		zbar		sexrat
0	0.990000	0.000000			3.000000	
5000	0.990000	0.000000	0.000000	6.795254	0.394997
10000	0.990000	0.000000	0.000000	8.111127	0.360916
15000	0.990000	0.000000	0.000000	8.775703	0.346602
20000	0.990000	0.000000	0.000000	9.145254	0.339325
25000	0.990000	0.000000	0.000000	9.359743	0.335304
30000	0.990000	0.000000	0.000000	9.487038	0.332983
35000	0.990000	0.000000	0.000000	9.563530	0.331612
40000	0.990000	0.000000	0.000000	9.609827	0.330790
45000	0.990000	0.000000	0.000000	9.637969	0.330293
50000	0.990000	0.000000	0.000000	9.655119	0.329992
55000	0.990000	0.000000	0.000000	9.665587	0.329808
60000	0.990000	0.000000	0.000000	9.671982	0.329696
65000	0.990000	0.000000	0.000000	9.675891	0.329628
70000	0.990000	0.000000	0.000000	9.678282	0.329586
75000	0.990000	0.000000	0.000000	9.679744	0.329560
80000	0.990000	0.000000	0.000000	9.680638	0.329545
85000	0.990000	0.000000	0.000000	9.681185	0.329535
90000	0.990000	0.000000	0.000000	9.681520	0.329529
95000	0.990000	0.000000	0.000000	9.681725	0.329526
100000	0.990000	0.000000	0.000000	9.681850	0.329524

var1: 0.002500	 var2: 0.200000
gen	A2		B2		diseq		zbar		sexrat
0	0.990000	0.000000			3.000000	
5000	0.990000	0.000000	0.000000	6.795254	0.394997
10000	0.990000	0.000000	0.000000	8.111127	0.360916
15000	0.990000	0.000000	0.000000	8.775703	0.346602
20000	0.990000	0.000000	0.000000	9.145254	0.339325
25000	0.990000	0.000000	0.000000	9.359743	0.335304
30000	0.990000	0.000000	0.000000	9.487038	0.332983
35000	0.990000	0.000000	0.000000	9.563530	0.331612
40000	0.990000	0.000000	0.000000	9.609827	0.330790
45000	0.990000	0.000000	0.000000	9.637969	0.330293
50000	0.990000	0.000000	0.000000	9.655119	0.329992
55000	0.990000	0.000000	0.000000	9.665587	0.329808
60000	0.990000	0.000000	0.000000	9.671982	0.329696
65000	0.990000	0.000000	0.000000	9.675891	0.329628
70000	0.990000	0.000000	0.000000	9.678282	0.329586
75000	0.990000	0.000000	0.000000	9.679744	0.329560
80000	0.990000	0.000000	0.000000	9.680638	0.329545
85000	0.990000	0.000000	0.000000	9.681185	0.329535
90000	0.990000	0.000000	0.000000	9.681520	0.329529
95000	0.990000	0.000000	0.000000	9.681725	0.329526
100000	0.990000	0.000000	0.000000	9.681850	0.329524

var1: 0.002500	 var2: 0.300000
gen	A2		B2		diseq		zbar		sexrat
0	0.990000	0.000000			3.000000	
5000	0.990000	0.000000	0.000000	6.795254	0.394997
10000	0.990000	0.000000	0.000000	8.111127	0.360916
15000	0.990000	0.000000	0.000000	8.775703	0.346602
20000	0.990000	0.000000	0.000000	9.145254	0.339325
25000	0.990000	0.000000	0.000000	9.359743	0.335304
30000	0.990000	0.000000	0.000000	9.487038	0.332983
35000	0.990000	0.000000	0.000000	9.563530	0.331612
40000	0.990000	0.000000	0.000000	9.609827	0.330790
45000	0.990000	0.000000	0.000000	9.637969	0.330293
50000	0.990000	0.000000	0.000000	9.655119	0.329992
55000	0.990000	0.000000	0.000000	9.665587	0.329808
60000	0.990000	0.000000	0.000000	9.671982	0.329696
65000	0.990000	0.000000	0.000000	9.675891	0.329628
70000	0.990000	0.000000	0.000000	9.678282	0.329586
75000	0.990000	0.000000	0.000000	9.679744	0.329560
80000	0.990000	0.000000	0.000000	9.680638	0.329545
85000	0.990000	0.000000	0.000000	9.681185	0.329535
90000	0.990000	0.000000	0.000000	9.681520	0.329529
95000	0.990000	0.000000	0.000000	9.681725	0.329526
100000	0.990000	0.000000	0.000000	9.681850	0.329524

var1: 0.002500	 var2: 0.400000
gen	A2		B2		diseq		zbar		sexrat
0	0.990000	0.000000			3.000000	
5000	0.990000	0.000000	0.000000	6.795254	0.394997
10000	0.990000	0.000000	0.000000	8.111127	0.360916
15000	0.990000	0.000000	0.000000	8.775703	0.346602
20000	0.990000	0.000000	0.000000	9.145254	0.339325
25000	0.990000	0.000000	0.000000	9.359743	0.335304
30000	0.990000	0.000000	0.000000	9.487038	0.332983
35000	0.990000	0.000000	0.000000	9.563530	0.331612
40000	0.990000	0.000000	0.000000	9.609827	0.330790
45000	0.990000	0.000000	0.000000	9.637969	0.330293
50000	0.990000	0.000000	0.000000	9.655119	0.329992
55000	0.990000	0.000000	0.000000	9.665587	0.329808
60000	0.990000	0.000000	0.000000	9.671982	0.329696
65000	0.990000	0.000000	0.000000	9.675891	0.329628
70000	0.990000	0.000000	0.000000	9.678282	0.329586
75000	0.990000	0.000000	0.000000	9.679744	0.329560
80000	0.990000	0.000000	0.000000	9.680638	0.329545
85000	0.990000	0.000000	0.000000	9.681185	0.329535
90000	0.990000	0.000000	0.000000	9.681520	0.329529
95000	0.990000	0.000000	0.000000	9.681725	0.329526
100000	0.990000	0.000000	0.000000	9.681850	0.329524

var1: 0.002500	 var2: 0.500000
gen	A2		B2		diseq		zbar		sexrat
0	0.990000	0.000000			3.000000	
5000	0.990000	0.000000	0.000000	6.795254	0.394997
10000	0.990000	0.000000	0.000000	8.111127	0.360916
15000	0.990000	0.000000	0.000000	8.775703	0.346602
20000	0.990000	0.000000	0.000000	9.145254	0.339325
25000	0.990000	0.000000	0.000000	9.359743	0.335304
30000	0.990000	0.000000	0.000000	9.487038	0.332983
35000	0.990000	0.000000	0.000000	9.563530	0.331612
40000	0.990000	0.000000	0.000000	9.609827	0.330790
45000	0.990000	0.000000	0.000000	9.637969	0.330293
50000	0.990000	0.000000	0.000000	9.655119	0.329992
55000	0.990000	0.000000	0.000000	9.665587	0.329808
60000	0.990000	0.000000	0.000000	9.671982	0.329696
65000	0.990000	0.000000	0.000000	9.675891	0.329628
70000	0.990000	0.000000	0.000000	9.678282	0.329586
75000	0.990000	0.000000	0.000000	9.679744	0.329560
80000	0.990000	0.000000	0.000000	9.680638	0.329545
85000	0.990000	0.000000	0.000000	9.681185	0.329535
90000	0.990000	0.000000	0.000000	9.681520	0.329529
95000	0.990000	0.000000	0.000000	9.681725	0.329526
100000	0.990000	0.000000	0.000000	9.681850	0.329524

var1: 0.002500	 var2: 0.600000
gen	A2		B2		diseq		zbar		sexrat
0	0.990000	0.000000			3.000000	
5000	0.990000	0.000000	0.000000	6.795254	0.394997
10000	0.990000	0.000000	0.000000	8.111127	0.360916
15000	0.990000	0.000000	0.000000	8.775703	0.346602
20000	0.990000	0.000000	0.000000	9.145254	0.339325
25000	0.990000	0.000000	0.000000	9.359743	0.335304
30000	0.990000	0.000000	0.000000	9.487038	0.332983
35000	0.990000	0.000000	0.000000	9.563530	0.331612
40000	0.990000	0.000000	0.000000	9.609827	0.330790
45000	0.990000	0.000000	0.000000	9.637969	0.330293
50000	0.990000	0.000000	0.000000	9.655119	0.329992
55000	0.990000	0.000000	0.000000	9.665587	0.329808
60000	0.990000	0.000000	0.000000	9.671982	0.329696
65000	0.990000	0.000000	0.000000	9.675891	0.329628
70000	0.990000	0.000000	0.000000	9.678282	0.329586
75000	0.990000	0.000000	0.000000	9.679744	0.329560
80000	0.990000	0.000000	0.000000	9.680638	0.329545
85000	0.990000	0.000000	0.000000	9.681185	0.329535
90000	0.990000	0.000000	0.000000	9.681520	0.329529
95000	0.990000	0.000000	0.000000	9.681725	0.329526
100000	0.990000	0.000000	0.000000	9.681850	0.329524

var1: 0.002500	 var2: 0.700000
gen	A2		B2		diseq		zbar		sexrat
0	0.990000	0.000000			3.000000	
5000	0.990000	0.000000	0.000000	6.795254	0.394997
10000	0.990000	0.000000	0.000000	8.111127	0.360916
15000	0.990000	0.000000	0.000000	8.775703	0.346602
20000	0.990000	0.000000	0.000000	9.145254	0.339325
25000	0.990000	0.000000	0.000000	9.359743	0.335304
30000	0.990000	0.000000	0.000000	9.487038	0.332983
35000	0.990000	0.000000	0.000000	9.563530	0.331612
40000	0.990000	0.000000	0.000000	9.609827	0.330790
45000	0.990000	0.000000	0.000000	9.637969	0.330293
50000	0.990000	0.000000	0.000000	9.655119	0.329992
55000	0.990000	0.000000	0.000000	9.665587	0.329808
60000	0.990000	0.000000	0.000000	9.671982	0.329696
65000	0.990000	0.000000	0.000000	9.675891	0.329628
70000	0.990000	0.000000	0.000000	9.678282	0.329586
75000	0.990000	0.000000	0.000000	9.679744	0.329560
80000	0.990000	0.000000	0.000000	9.680638	0.329545
85000	0.990000	0.000000	0.000000	9.681185	0.329535
90000	0.990000	0.000000	0.000000	9.681520	0.329529
95000	0.990000	0.000000	0.000000	9.681725	0.329526
100000	0.990000	0.000000	0.000000	9.681850	0.329524

var1: 0.002500	 var2: 0.800000
gen	A2		B2		diseq		zbar		sexrat
0	0.990000	0.000000			3.000000	
5000	0.990000	0.000000	0.000000	6.795254	0.394997
10000	0.990000	0.000000	0.000000	8.111127	0.360916
15000	0.990000	0.000000	0.000000	8.775703	0.346602
20000	0.990000	0.000000	0.000000	9.145254	0.339325
25000	0.990000	0.000000	0.000000	9.359743	0.335304
30000	0.990000	0.000000	0.000000	9.487038	0.332983
35000	0.990000	0.000000	0.000000	9.563530	0.331612
40000	0.990000	0.000000	0.000000	9.609827	0.330790
45000	0.990000	0.000000	0.000000	9.637969	0.330293
50000	0.990000	0.000000	0.000000	9.655119	0.329992
55000	0.990000	0.000000	0.000000	9.665587	0.329808
60000	0.990000	0.000000	0.000000	9.671982	0.329696
65000	0.990000	0.000000	0.000000	9.675891	0.329628
70000	0.990000	0.000000	0.000000	9.678282	0.329586
75000	0.990000	0.000000	0.000000	9.679744	0.329560
80000	0.990000	0.000000	0.000000	9.680638	0.329545
85000	0.990000	0.000000	0.000000	9.681185	0.329535
90000	0.990000	0.000000	0.000000	9.681520	0.329529
95000	0.990000	0.000000	0.000000	9.681725	0.329526
100000	0.990000	0.000000	0.000000	9.681850	0.329524

var1: 0.002500	 var2: 0.900000
gen	A2		B2		diseq		zbar		sexrat
0	0.990000	0.000000			3.000000	
5000	0.990000	0.000000	0.000000	6.795254	0.394997
10000	0.990000	0.000000	0.000000	8.111127	0.360916
15000	0.990000	0.000000	0.000000	8.775703	0.346602
20000	0.990000	0.000000	0.000000	9.145254	0.339325
25000	0.990000	0.000000	0.000000	9.359743	0.335304
30000	0.990000	0.000000	0.000000	9.487038	0.332983
35000	0.990000	0.000000	0.000000	9.563530	0.331612
40000	0.990000	0.000000	0.000000	9.609827	0.330790
45000	0.990000	0.000000	0.000000	9.637969	0.330293
50000	0.990000	0.000000	0.000000	9.655119	0.329992
55000	0.990000	0.000000	0.000000	9.665587	0.329808
60000	0.990000	0.000000	0.000000	9.671982	0.329696
65000	0.990000	0.000000	0.000000	9.675891	0.329628
70000	0.990000	0.000000	0.000000	9.678282	0.329586
75000	0.990000	0.000000	0.000000	9.679744	0.329560
80000	0.990000	0.000000	0.000000	9.680638	0.329545
85000	0.990000	0.000000	0.000000	9.681185	0.329535
90000	0.990000	0.000000	0.000000	9.681520	0.329529
95000	0.990000	0.000000	0.000000	9.681725	0.329526
100000	0.990000	0.000000	0.000000	9.681850	0.329524

var1: 0.002500	 var2: 1.000000
gen	A2		B2		diseq		zbar		sexrat
0	0.990000	0.000000			3.000000	
5000	0.990000	0.000000	0.000000	6.795254	0.394997
10000	0.990000	0.000000	0.000000	8.111127	0.360916
15000	0.990000	0.000000	0.000000	8.775703	0.346602
20000	0.990000	0.000000	0.000000	9.145254	0.339325
25000	0.990000	0.000000	0.000000	9.359743	0.335304
30000	0.990000	0.000000	0.000000	9.487038	0.332983
35000	0.990000	0.000000	0.000000	9.563530	0.331612
40000	0.990000	0.000000	0.000000	9.609827	0.330790
45000	0.990000	0.000000	0.000000	9.637969	0.330293
50000	0.990000	0.000000	0.000000	9.655119	0.329992
55000	0.990000	0.000000	0.000000	9.665587	0.329808
60000	0.990000	0.000000	0.000000	9.671982	0.329696
65000	0.990000	0.000000	0.000000	9.675891	0.329628
70000	0.990000	0.000000	0.000000	9.678282	0.329586
75000	0.990000	0.000000	0.000000	9.679744	0.329560
80000	0.990000	0.000000	0.000000	9.680638	0.329545
85000	0.990000	0.000000	0.000000	9.681185	0.329535
90000	0.990000	0.000000	0.000000	9.681520	0.329529
95000	0.990000	0.000000	0.000000	9.681725	0.329526
100000	0.990000	0.000000	0.000000	9.681850	0.329524

var1: 0.002500	 var2: 1.100000
gen	A2		B2		diseq		zbar		sexrat
0	0.990000	0.000000			3.000000	
5000	0.990000	0.000000	0.000000	6.795254	0.394997
10000	0.990000	0.000000	0.000000	8.111127	0.360916
15000	0.990000	0.000000	0.000000	8.775703	0.346602
20000	0.990000	0.000000	0.000000	9.145254	0.339325
25000	0.990000	0.000000	0.000000	9.359743	0.335304
30000	0.990000	0.000000	0.000000	9.487038	0.332983
35000	0.990000	0.000000	0.000000	9.563530	0.331612
40000	0.990000	0.000000	0.000000	9.609827	0.330790
45000	0.990000	0.000000	0.000000	9.637969	0.330293
50000	0.990000	0.000000	0.000000	9.655119	0.329992
55000	0.990000	0.000000	0.000000	9.665587	0.329808
60000	0.990000	0.000000	0.000000	9.671982	0.329696
65000	0.990000	0.000000	0.000000	9.675891	0.329628
70000	0.990000	0.000000	0.000000	9.678282	0.329586
75000	0.990000	0.000000	0.000000	9.679744	0.329560
80000	0.990000	0.000000	0.000000	9.680638	0.329545
85000	0.990000	0.000000	0.000000	9.681185	0.329535
90000	0.990000	0.000000	0.000000	9.681520	0.329529
95000	0.990000	0.000000	0.000000	9.681725	0.329526
100000	0.990000	0.000000	0.000000	9.681850	0.329524

var1: 0.002500	 var2: 1.200000
gen	A2		B2		diseq		zbar		sexrat
0	0.990000	0.000000			3.000000	
5000	0.990000	0.000000	0.000000	6.795254	0.394997
10000	0.990000	0.000000	0.000000	8.111127	0.360916
15000	0.990000	0.000000	0.000000	8.775703	0.346602
20000	0.990000	0.000000	0.000000	9.145254	0.339325
25000	0.990000	0.000000	0.000000	9.359743	0.335304
30000	0.990000	0.000000	0.000000	9.487038	0.332983
35000	0.990000	0.000000	0.000000	9.563530	0.331612
40000	0.990000	0.000000	0.000000	9.609827	0.330790
45000	0.990000	0.000000	0.000000	9.637969	0.330293
50000	0.990000	0.000000	0.000000	9.655119	0.329992
55000	0.990000	0.000000	0.000000	9.665587	0.329808
60000	0.990000	0.000000	0.000000	9.671982	0.329696
65000	0.990000	0.000000	0.000000	9.675891	0.329628
70000	0.990000	0.000000	0.000000	9.678282	0.329586
75000	0.990000	0.000000	0.000000	9.679744	0.329560
80000	0.990000	0.000000	0.000000	9.680638	0.329545
85000	0.990000	0.000000	0.000000	9.681185	0.329535
90000	0.990000	0.000000	0.000000	9.681520	0.329529
95000	0.990000	0.000000	0.000000	9.681725	0.329526
100000	0.990000	0.000000	0.000000	9.681850	0.329524

var1: 0.002500	 var2: 1.300000
gen	A2		B2		diseq		zbar		sexrat
0	0.990000	0.000000			3.000000	
5000	0.990000	0.000000	0.000000	6.795254	0.394997
10000	0.990000	0.000000	0.000000	8.111127	0.360916
15000	0.990000	0.000000	0.000000	8.775703	0.346602
20000	0.990000	0.000000	0.000000	9.145254	0.339325
25000	0.990000	0.000000	0.000000	9.359743	0.335304
30000	0.990000	0.000000	0.000000	9.487038	0.332983
35000	0.990000	0.000000	0.000000	9.563530	0.331612
40000	0.990000	0.000000	0.000000	9.609827	0.330790
45000	0.990000	0.000000	0.000000	9.637969	0.330293
50000	0.990000	0.000000	0.000000	9.655119	0.329992
55000	0.990000	0.000000	0.000000	9.665587	0.329808
60000	0.990000	0.000000	0.000000	9.671982	0.329696
65000	0.990000	0.000000	0.000000	9.675891	0.329628
70000	0.990000	0.000000	0.000000	9.678282	0.329586
75000	0.990000	0.000000	0.000000	9.679744	0.329560
80000	0.990000	0.000000	0.000000	9.680638	0.329545
85000	0.990000	0.000000	0.000000	9.681185	0.329535
90000	0.990000	0.000000	0.000000	9.681520	0.329529
95000	0.990000	0.000000	0.000000	9.681725	0.329526
100000	0.990000	0.000000	0.000000	9.681850	0.329524

var1: 0.002500	 var2: 1.400000
gen	A2		B2		diseq		zbar		sexrat
0	0.990000	0.000000			3.000000	
5000	0.990000	0.000000	0.000000	6.795254	0.394997
10000	0.990000	0.000000	0.000000	8.111127	0.360916
15000	0.990000	0.000000	0.000000	8.775703	0.346602
20000	0.990000	0.000000	0.000000	9.145254	0.339325
25000	0.990000	0.000000	0.000000	9.359743	0.335304
30000	0.990000	0.000000	0.000000	9.487038	0.332983
35000	0.990000	0.000000	0.000000	9.563530	0.331612
40000	0.990000	0.000000	0.000000	9.609827	0.330790
45000	0.990000	0.000000	0.000000	9.637969	0.330293
50000	0.990000	0.000000	0.000000	9.655119	0.329992
55000	0.990000	0.000000	0.000000	9.665587	0.329808
60000	0.990000	0.000000	0.000000	9.671982	0.329696
65000	0.990000	0.000000	0.000000	9.675891	0.329628
70000	0.990000	0.000000	0.000000	9.678282	0.329586
75000	0.990000	0.000000	0.000000	9.679744	0.329560
80000	0.990000	0.000000	0.000000	9.680638	0.329545
85000	0.990000	0.000000	0.000000	9.681185	0.329535
90000	0.990000	0.000000	0.000000	9.681520	0.329529
95000	0.990000	0.000000	0.000000	9.681725	0.329526
100000	0.990000	0.000000	0.000000	9.681850	0.329524

var1: 0.002500	 var2: 1.500000
gen	A2		B2		diseq		zbar		sexrat
0	0.990000	0.000000			3.000000	
5000	0.990000	0.000000	0.000000	6.795254	0.394997
10000	0.990000	0.000000	0.000000	8.111127	0.360916
15000	0.990000	0.000000	0.000000	8.775703	0.346602
20000	0.990000	0.000000	0.000000	9.145254	0.339325
25000	0.990000	0.000000	0.000000	9.359743	0.335304
30000	0.990000	0.000000	0.000000	9.487038	0.332983
35000	0.990000	0.000000	0.000000	9.563530	0.331612
40000	0.990000	0.000000	0.000000	9.609827	0.330790
45000	0.990000	0.000000	0.000000	9.637969	0.330293
50000	0.990000	0.000000	0.000000	9.655119	0.329992
55000	0.990000	0.000000	0.000000	9.665587	0.329808
60000	0.990000	0.000000	0.000000	9.671982	0.329696
65000	0.990000	0.000000	0.000000	9.675891	0.329628
70000	0.990000	0.000000	0.000000	9.678282	0.329586
75000	0.990000	0.000000	0.000000	9.679744	0.329560
80000	0.990000	0.000000	0.000000	9.680638	0.329545
85000	0.990000	0.000000	0.000000	9.681185	0.329535
90000	0.990000	0.000000	0.000000	9.681520	0.329529
95000	0.990000	0.000000	0.000000	9.681725	0.329526
100000	0.990000	0.000000	0.000000	9.681850	0.329524

var1: 0.002500	 var2: 1.600000
gen	A2		B2		diseq		zbar		sexrat
0	0.990000	0.000000			3.000000	
5000	0.990000	0.000000	0.000000	6.795254	0.394997
10000	0.990000	0.000000	0.000000	8.111127	0.360916
15000	0.990000	0.000000	0.000000	8.775703	0.346602
20000	0.990000	0.000000	0.000000	9.145254	0.339325
25000	0.990000	0.000000	0.000000	9.359743	0.335304
30000	0.990000	0.000000	0.000000	9.487038	0.332983
35000	0.990000	0.000000	0.000000	9.563530	0.331612
40000	0.990000	0.000000	0.000000	9.609827	0.330790
45000	0.990000	0.000000	0.000000	9.637969	0.330293
50000	0.990000	0.000000	0.000000	9.655119	0.329992
55000	0.990000	0.000000	0.000000	9.665587	0.329808
60000	0.990000	0.000000	0.000000	9.671982	0.329696
65000	0.990000	0.000000	0.000000	9.675891	0.329628
70000	0.990000	0.000000	0.000000	9.678282	0.329586
75000	0.990000	0.000000	0.000000	9.679744	0.329560
80000	0.990000	0.000000	0.000000	9.680638	0.329545
85000	0.990000	0.000000	0.000000	9.681185	0.329535
90000	0.990000	0.000000	0.000000	9.681520	0.329529
95000	0.990000	0.000000	0.000000	9.681725	0.329526
100000	0.990000	0.000000	0.000000	9.681850	0.329524

var1: 0.002500	 var2: 1.700000
gen	A2		B2		diseq		zbar		sexrat
0	0.990000	0.000000			3.000000	
5000	0.990000	0.000000	0.000000	6.795254	0.394997
10000	0.990000	0.000000	0.000000	8.111127	0.360916
15000	0.990000	0.000000	0.000000	8.775703	0.346602
20000	0.990