
########################### Run 1 ######################
var1: 0.000010	 var2: 0.000010
gen	A2		B2		diseq		zbar		sexrat
0	0.990000	0.000000			3.000000	
5000	0.990404	0.000000	0.000000	5.442057	3.359787
10000	0.990790	0.000000	0.000000	5.674539	3.439632
15000	0.991160	0.000000	0.000000	5.704681	3.449868
20000	0.991516	0.000000	0.000000	5.708683	3.451225
25000	0.991857	0.000000	0.000000	5.709216	3.451406
30000	0.992185	0.000000	0.000000	5.709287	3.451430
35000	0.992499	0.000000	0.000000	5.709296	3.451433
40000	0.992801	0.000000	0.000000	5.709298	3.451434
45000	0.993091	0.000000	0.000000	5.709298	3.451434
50000	0.993369	0.000000	0.000000	5.709298	3.451434
55000	0.993636	0.000000	0.000000	5.709298	3.451434
60000	0.993893	0.000000	0.000000	5.709298	3.451434
65000	0.994139	0.000000	0.000000	5.709298	3.451434
70000	0.994375	0.000000	0.000000	5.709298	3.451434
75000	0.994602	0.000000	0.000000	5.709298	3.451434
80000	0.994820	0.000000	0.000000	5.709298	3.451434
85000	0.995029	0.000000	0.000000	5.709298	3.451434
90000	0.995229	0.000000	0.000000	5.709298	3.451434
95000	0.995422	0.000000	0.000000	5.709297	3.451434
100000	0.995607	0.000000	0.000000	5.709297	3.451434

var1: 0.000010	 var2: 0.000063
gen	A2		B2		diseq		zbar		sexrat
0	0.990000	0.000000			3.000000	
5000	0.990404	0.000000	0.000000	5.442057	3.359787
10000	0.990790	0.000000	0.000000	5.674539	3.439632
15000	0.991160	0.000000	0.000000	5.704681	3.449868
20000	0.991516	0.000000	0.000000	5.708683	3.451225
25000	0.991857	0.000000	0.000000	5.709216	3.451406
30000	0.992185	0.000000	0.000000	5.709287	3.451430
35000	0.992499	0.000000	0.000000	5.709296	3.451433
40000	0.992801	0.000000	0.000000	5.709298	3.451434
45000	0.993091	0.000000	0.000000	5.709298	3.451434
50000	0.993369	0.000000	0.000000	5.709298	3.451434
55000	0.993636	0.000000	0.000000	5.709298	3.451434
60000	0.993893	0.000000	0.000000	5.709298	3.451434
65000	0.994139	0.000000	0.000000	5.709298	3.451434
70000	0.994375	0.000000	0.000000	5.709298	3.451434
75000	0.994602	0.000000	0.000000	5.709298	3.451434
80000	0.994820	0.000000	0.000000	5.709298	3.451434
85000	0.995029	0.000000	0.000000	5.709298	3.451434
90000	0.995229	0.000000	0.000000	5.709298	3.451434
95000	0.995422	0.000000	0.000000	5.709297	3.451434
100000	0.995607	0.000000	0.000000	5.709297	3.451434

var1: 0.000010	 var2: 0.000398
gen	A2		B2		diseq		zbar		sexrat
0	0.990000	0.000000			3.000000	
5000	0.990404	0.000000	0.000000	5.442057	3.359787
10000	0.990790	0.000000	0.000000	5.674539	3.439632
15000	0.991160	0.000000	0.000000	5.704681	3.449868
20000	0.991516	0.000000	0.000000	5.708683	3.451225
25000	0.991857	0.000000	0.000000	5.709216	3.451406
30000	0.992185	0.000000	0.000000	5.709287	3.451430
35000	0.992499	0.000000	0.000000	5.709296	3.451433
40000	0.992801	0.000000	0.000000	5.709298	3.451434
45000	0.993091	0.000000	0.000000	5.709298	3.451434
50000	0.993369	0.000000	0.000000	5.709298	3.451434
55000	0.993636	0.000000	0.000000	5.709298	3.451434
60000	0.993893	0.000000	0.000000	5.709298	3.451434
65000	0.994139	0.000000	0.000000	5.709298	3.451434
70000	0.994375	0.000000	0.000000	5.709298	3.451434
75000	0.994602	0.000000	0.000000	5.709298	3.451434
80000	0.994820	0.000000	0.000000	5.709298	3.451434
85000	0.995029	0.000000	0.000000	5.709298	3.451434
90000	0.995229	0.000000	0.000000	5.709298	3.451434
95000	0.995422	0.000000	0.000000	5.709297	3.451434
100000	0.995607	0.000000	0.000000	5.709297	3.451434

var1: 0.000010	 var2: 0.002512
gen	A2		B2		diseq		zbar		sexrat
0	0.990000	0.000000			3.000000	
5000	0.990404	0.000000	0.000000	5.442057	3.359787
10000	0.990790	0.000000	0.000000	5.674539	3.439632
15000	0.991160	0.000000	0.000000	5.704681	3.449868
20000	0.991516	0.000000	0.000000	5.708683	3.451225
25000	0.991857	0.000000	0.000000	5.709216	3.451406
30000	0.992185	0.000000	0.000000	5.709287	3.451430
35000	0.992499	0.000000	0.000000	5.709296	3.451433
40000	0.992801	0.000000	0.000000	5.709298	3.451434
45000	0.993091	0.000000	0.000000	5.709298	3.451434
50000	0.993369	0.000000	0.000000	5.709298	3.451434
55000	0.993636	0.000000	0.000000	5.709298	3.451434
60000	0.993893	0.000000	0.000000	5.709298	3.451434
65000	0.994139	0.000000	0.000000	5.709298	3.451434
70000	0.994375	0.000000	0.000000	5.709298	3.451434
75000	0.994602	0.000000	0.000000	5.709298	3.451434
80000	0.994820	0.000000	0.000000	5.709298	3.451434
85000	0.995029	0.000000	0.000000	5.709298	3.451434
90000	0.995229	0.000000	0.000000	5.709298	3.451434
95000	0.995422	0.000000	0.000000	5.709297	3.451434
100000	0.995607	0.000000	0.000000	5.709297	3.451434

var1: 0.000010	 var2: 0.015849
gen	A2		B2		diseq		zbar		sexrat
0	0.990000	0.000000			3.000000	
5000	0.990404	0.000000	0.000000	5.442057	3.359787
10000	0.990790	0.000000	0.000000	5.674539	3.439632
15000	0.991160	0.000000	0.000000	5.704681	3.449868
20000	0.991516	0.000000	0.000000	5.708683	3.451225
25000	0.991857	0.000000	0.000000	5.709216	3.451406
30000	0.992185	0.000000	0.000000	5.709287	3.451430
35000	0.992499	0.000000	0.000000	5.709296	3.451433
40000	0.992801	0.000000	0.000000	5.709298	3.451434
45000	0.993091	0.000000	0.000000	5.709298	3.451434
50000	0.993369	0.000000	0.000000	5.709298	3.451434
55000	0.993636	0.000000	0.000000	5.709298	3.451434
60000	0.993893	0.000000	0.000000	5.709298	3.451434
65000	0.994139	0.000000	0.000000	5.709298	3.451434
70000	0.994375	0.000000	0.000000	5.709298	3.451434
75000	0.994602	0.000000	0.000000	5.709298	3.451434
80000	0.994820	0.000000	0.000000	5.709298	3.451434
85000	0.995029	0.000000	0.000000	5.709298	3.451434
90000	0.995229	0.000000	0.000000	5.709298	3.451434
95000	0.995422	0.000000	0.000000	5.709297	3.451434
100000	0.995607	0.000000	0.000000	5.709297	3.451434

var1: 0.000010	 var2: 0.100000
gen	A2		B2		diseq		zbar		sexrat
0	0.990000	0.000000			3.000000	
5000	0.990404	0.000000	0.000000	5.442057	3.359787
10000	0.990790	0.000000	0.000000	5.674539	3.439632
15000	0.991160	0.000000	0.000000	5.704681	3.449868
20000	0.991516	0.000000	0.000000	5.708683	3.451225
25000	0.991857	0.000000	0.000000	5.709216	3.451406
30000	0.992185	0.000000	0.000000	5.709287	3.451430
35000	0.992499	0.000000	0.000000	5.709296	3.451433
40000	0.992801	0.000000	0.000000	5.709298	3.451434
45000	0.993091	0.000000	0.000000	5.709298	3.451434
50000	0.993369	0.000000	0.000000	5.709298	3.451434
55000	0.993636	0.000000	0.000000	5.709298	3.451434
60000	0.993893	0.000000	0.000000	5.709298	3.451434
65000	0.994139	0.000000	0.000000	5.709298	3.451434
70000	0.994375	0.000000	0.000000	5.709298	3.451434
75000	0.994602	0.000000	0.000000	5.709298	3.451434
80000	0.994820	0.000000	0.000000	5.709298	3.451434
85000	0.995029	0.000000	0.000000	5.709298	3.451434
90000	0.995229	0.000000	0.000000	5.709298	3.451434
95000	0.995422	0.000000	0.000000	5.709297	3.451434
100000	0.995607	0.000000	0.000000	5.709297	3.451434

var1: 0.000063	 var2: 0.000010
gen	A2		B2		diseq		zbar		sexrat
0	0.990000	0.000000			3.000000	
5000	0.992295	0.000000	0.000000	5.441145	3.360715
10000	0.994057	0.000000	0.000000	5.673771	3.440661
15000	0.995417	0.000000	0.000000	5.703959	3.450920
20000	0.996467	0.000000	0.000000	5.707970	3.452282
25000	0.997277	0.000000	0.000000	5.708504	3.452465
30000	0.997901	0.000000	0.000000	5.708575	3.452490
35000	0.998383	0.000000	0.000000	5.708584	3.452493
40000	0.998754	0.000000	0.000000	5.708585	3.452494
45000	0.999040	0.000000	0.000000	5.708584	3.452495
50000	0.999261	0.000000	0.000000	5.708584	3.452495
55000	0.999431	0.000000	0.000000	5.708584	3.452495
60000	0.999561	0.000000	0.000000	5.708584	3.452495
65000	0.999662	0.000000	0.000000	5.708584	3.452495
70000	0.999740	0.000000	0.000000	5.708584	3.452495
75000	0.999800	0.000000	0.000000	5.708584	3.452496
80000	0.999846	0.000000	0.000000	5.708584	3.452496
85000	0.999881	0.000000	0.000000	5.708584	3.452496
90000	0.999908	0.000000	0.000000	5.708584	3.452496
95000	0.999929	0.000000	0.000000	5.708584	3.452496
100000	0.999946	0.000000	0.000000	5.708584	3.452496

var1: 0.000063	 var2: 0.000063
gen	A2		B2		diseq		zbar		sexrat
0	0.990000	0.000000			3.000000	
5000	0.992295	0.000000	0.000000	5.441145	3.360715
10000	0.994057	0.000000	0.000000	5.673771	3.440661
15000	0.995417	0.000000	0.000000	5.703959	3.450920
20000	0.996467	0.000000	0.000000	5.707970	3.452282
25000	0.997277	0.000000	0.000000	5.708504	3.452465
30000	0.997901	0.000000	0.000000	5.708575	3.452490
35000	0.998383	0.000000	0.000000	5.708584	3.452493
40000	0.998754	0.000000	0.000000	5.708585	3.452494
45000	0.999040	0.000000	0.000000	5.708584	3.452495
50000	0.999261	0.000000	0.000000	5.708584	3.452495
55000	0.999431	0.000000	0.000000	5.708584	3.452495
60000	0.999561	0.000000	0.000000	5.708584	3.452495
65000	0.999662	0.000000	0.000000	5.708584	3.452495
70000	0.999740	0.000000	0.000000	5.708584	3.452495
75000	0.999800	0.000000	0.000000	5.708584	3.452496
80000	0.999846	0.000000	0.000000	5.708584	3.452496
85000	0.999881	0.000000	0.000000	5.708584	3.452496
90000	0.999908	0.000000	0.000000	5.708584	3.452496
95000	0.999929	0.000000	0.000000	5.708584	3.452496
100000	0.999946	0.000000	0.000000	5.708584	3.452496

var1: 0.000063	 var2: 0.000398
gen	A2		B2		diseq		zbar		sexrat
0	0.990000	0.000000			3.000000	
5000	0.992295	0.000000	0.000000	5.441145	3.360715
10000	0.994057	0.000000	0.000000	5.673771	3.440661
15000	0.995417	0.000000	0.000000	5.703959	3.450920
20000	0.996467	0.000000	0.000000	5.707970	3.452282
25000	0.997277	0.000000	0.000000	5.708504	3.452465
30000	0.997901	0.000000	0.000000	5.708575	3.452490
35000	0.998383	0.000000	0.000000	5.708584	3.452493
40000	0.998754	0.000000	0.000000	5.708585	3.452494
45000	0.999040	0.000000	0.000000	5.708584	3.452495
50000	0.999261	0.000000	0.000000	5.708584	3.452495
55000	0.999431	0.000000	0.000000	5.708584	3.452495
60000	0.999561	0.000000	0.000000	5.708584	3.452495
65000	0.999662	0.000000	0.000000	5.708584	3.452495
70000	0.999740	0.000000	0.000000	5.708584	3.452495
75000	0.999800	0.000000	0.000000	5.708584	3.452496
80000	0.999846	0.000000	0.000000	5.708584	3.452496
85000	0.999881	0.000000	0.000000	5.708584	3.452496
90000	0.999908	0.000000	0.000000	5.708584	3.452496
95000	0.999929	0.000000	0.000000	5.708584	3.452496
100000	0.999946	0.000000	0.000000	5.708584	3.452496

var1: 0.000063	 var2: 0.002512
gen	A2		B2		diseq		zbar		sexrat
0	0.990000	0.000000			3.000000	
5000	0.992295	0.000000	0.000000	5.441145	3.360715
10000	0.994057	0.000000	0.000000	5.673771	3.440661
15000	0.995417	0.000000	0.000000	5.703959	3.450920
20000	0.996467	0.000000	0.000000	5.707970	3.452282
25000	0.997277	0.000000	0.000000	5.708504	3.452465
30000	0.997901	0.000000	0.000000	5.708575	3.452490
35000	0.998383	0.000000	0.000000	5.708584	3.452493
40000	0.998754	0.000000	0.000000	5.708585	3.452494
45000	0.999040	0.000000	0.000000	5.708584	3.452495
50000	0.999261	0.000000	0.000000	5.708584	3.452495
55000	0.999431	0.000000	0.000000	5.708584	3.452495
60000	0.999561	0.000000	0.000000	5.708584	3.452495
65000	0.999662	0.000000	0.000000	5.708584	3.452495
70000	0.999740	0.000000	0.000000	5.708584	3.452495
75000	0.999800	0.000000	0.000000	5.708584	3.452496
80000	0.999846	0.000000	0.000000	5.708584	3.452496
85000	0.999881	0.000000	0.000000	5.708584	3.452496
90000	0.999908	0.000000	0.000000	5.708584	3.452496
95000	0.999929	0.000000	0.000000	5.708584	3.452496
100000	0.999946	0.000000	0.000000	5.708584	3.452496

var1: 0.000063	 var2: 0.015849
gen	A2		B2		diseq		zbar		sexrat
0	0.990000	0.000000			3.000000	
5000	0.992295	0.000000	0.000000	5.441145	3.360715
10000	0.994057	0.000000	0.000000	5.673771	3.440661
15000	0.995417	0.000000	0.000000	5.703959	3.450920
20000	0.996467	0.000000	0.000000	5.707970	3.452282
25000	0.997277	0.000000	0.000000	5.708504	3.452465
30000	0.997901	0.000000	0.000000	5.708575	3.452490
35000	0.998383	0.000000	0.000000	5.708584	3.452493
40000	0.998754	0.000000	0.000000	5.708585	3.452494
45000	0.999040	0.000000	0.000000	5.708584	3.452495
50000	0.999261	0.000000	0.000000	5.708584	3.452495
55000	0.999431	0.000000	0.000000	5.708584	3.452495
60000	0.999561	0.000000	0.000000	5.708584	3.452495
65000	0.999662	0.000000	0.000000	5.708584	3.452495
70000	0.999740	0.000000	0.000000	5.708584	3.452495
75000	0.999800	0.000000	0.000000	5.708584	3.452496
80000	0.999846	0.000000	0.000000	5.708584	3.452496
85000	0.999881	0.000000	0.000000	5.708584	3.452496
90000	0.999908	0.000000	0.000000	5.708584	3.452496
95000	0.999929	0.000000	0.000000	5.708584	3.452496
100000	0.999946	0.000000	0.000000	5.708584	3.452496

var1: 0.000063	 var2: 0.100000
gen	A2		B2		diseq		zbar		sexrat
0	0.990000	0.000000			3.000000	
5000	0.992295	0.000000	0.000000	5.441145	3.360715
10000	0.994057	0.000000	0.000000	5.673771	3.440661
15000	0.995417	0.000000	0.000000	5.703959	3.450920
20000	0.996467	0.000000	0.000000	5.707970	3.452282
25000	0.997277	0.000000	0.000000	5.708504	3.452465
30000	0.997901	0.000000	0.000000	5.708575	3.452490
35000	0.998383	0.000000	0.000000	5.708584	3.452493
40000	0.998754	0.000000	0.000000	5.708585	3.452494
45000	0.999040	0.000000	0.000000	5.708584	3.452495
50000	0.999261	0.000000	0.000000	5.708584	3.452495
55000	0.999431	0.000000	0.000000	5.708584	3.452495
60000	0.999561	0.000000	0.000000	5.708584	3.452495
65000	0.999662	0.000000	0.000000	5.708584	3.452495
70000	0.999740	0.000000	0.000000	5.708584	3.452495
75000	0.999800	0.000000	0.000000	5.708584	3.452496
80000	0.999846	0.000000	0.000000	5.708584	3.452496
85000	0.999881	0.000000	0.000000	5.708584	3.452496
90000	0.999908	0.000000	0.000000	5.708584	3.452496
95000	0.999929	0.000000	0.000000	5.708584	3.452496
100000	0.999946	0.000000	0.000000	5.708584	3.452496

var1: 0.000398	 var2: 0.000010
gen	A2		B2		diseq		zbar		sexrat
0	0.990000	0.000000			3.000000	
5000	0.998083	0.000000	0.000000	5.435350	3.366629
10000	0.999631	0.000000	0.000000	5.668886	3.447206
15000	0.999929	0.000000	0.000000	5.699370	3.457605
20000	0.999986	0.000000	0.000000	5.703445	3.458994
25000	0.999997	0.000000	0.000000	5.703991	3.459180
30000	0.999999	0.000000	0.000000	5.704065	3.459205
35000	1.000000	0.000000	0.000000	5.704075	3.459208
40000	1.000000	0.000000	0.000000	5.704076	3.459209
45000	1.000000	0.000000	0.000000	5.704076	3.459209
50000	1.000000	0.000000	0.000000	5.704076	3.459209
55000	1.000000	0.000000	0.000000	5.704076	3.459209
60000	1.000000	0.000000	0.000000	5.704076	3.459209
65000	1.000000	0.000000	0.000000	5.704076	3.459209
70000	1.000000	0.000000	0.000000	5.704076	3.459209
75000	1.000000	0.000000	0.000000	5.704076	3.459209
80000	1.000000	0.000000	0.000000	5.704076	3.459209
85000	1.000000	0.000000	0.000000	5.704076	3.459209
90000	1.000000	0.000000	0.000000	5.704076	3.459209
95000	1.000000	0.000000	0.000000	5.704076	3.459209
100000	1.000000	0.000000	0.000000	5.704076	3.459209

var1: 0.000398	 var2: 0.000063
gen	A2		B2		diseq		zbar		sexrat
0	0.990000	0.000000			3.000000	
5000	0.998083	0.000000	0.000000	5.435350	3.366629
10000	0.999631	0.000000	0.000000	5.668886	3.447206
15000	0.999929	0.000000	0.000000	5.699370	3.457605
20000	0.999986	0.000000	0.000000	5.703445	3.458994
25000	0.999997	0.000000	0.000000	5.703991	3.459180
30000	0.999999	0.000000	0.000000	5.704065	3.459205
35000	1.000000	0.000000	0.000000	5.704075	3.459208
40000	1.000000	0.000000	0.000000	5.704076	3.459209
45000	1.000000	0.000000	0.000000	5.704076	3.459209
50000	1.000000	0.000000	0.000000	5.704076	3.459209
55000	1.000000	0.000000	0.000000	5.704076	3.459209
60000	1.000000	0.000000	0.000000	5.704076	3.459209
65000	1.000000	0.000000	0.000000	5.704076	3.459209
70000	1.000000	0.000000	0.000000	5.704076	3.459209
75000	1.000000	0.000000	0.000000	5.704076	3.459209
80000	1.000000	0.000000	0.000000	5.704076	3.459209
85000	1.000000	0.000000	0.000000	5.704076	3.459209
90000	1.000000	0.000000	0.000000	5.704076	3.459209
95000	1.000000	0.000000	0.000000	5.704076	3.459209
100000	1.000000	0.000000	0.000000	5.704076	3.459209

var1: 0.000398	 var2: 0.000398
gen	A2		B2		diseq		zbar		sexrat
0	0.990000	0.000000			3.000000	
5000	0.998083	0.000000	0.000000	5.435350	3.366629
10000	0.999631	0.000000	0.000000	5.668886	3.447206
15000	0.999929	0.000000	0.000000	5.699370	3.457605
20000	0.999986	0.000000	0.000000	5.703445	3.458994
25000	0.999997	0.000000	0.000000	5.703991	3.459180
30000	0.999999	0.000000	0.000000	5.704065	3.459205
35000	1.000000	0.000000	0.000000	5.704075	3.459208
40000	1.000000	0.000000	0.000000	5.704076	3.459209
45000	1.000000	0.000000	0.000000	5.704076	3.459209
50000	1.000000	0.000000	0.000000	5.704076	3.459209
55000	1.000000	0.000000	0.000000	5.704076	3.459209
60000	1.000000	0.000000	0.000000	5.704076	3.459209
65000	1.000000	0.000000	0.000000	5.704076	3.459209
70000	1.000000	0.000000	0.000000	5.704076	3.459209
75000	1.000000	0.000000	0.000000	5.704076	3.459209
80000	1.000000	0.000000	0.000000	5.704076	3.459209
85000	1.000000	0.000000	0.000000	5.704076	3.459209
90000	1.000000	0.000000	0.000000	5.704076	3.459209
95000	1.000000	0.000000	0.000000	5.704076	3.459209
100000	1.000000	0.000000	0.000000	5.704076	3.459209

var1: 0.000398	 var2: 0.002512
gen	A2		B2		diseq		zbar		sexrat
0	0.990000	0.000000			3.000000	
5000	0.998083	0.000000	0.000000	5.435350	3.366629
10000	0.999631	0.000000	0.000000	5.668886	3.447206
15000	0.999929	0.000000	0.000000	5.699370	3.457605
20000	0.999986	0.000000	0.000000	5.703445	3.458994
25000	0.999997	0.000000	0.000000	5.703991	3.459180
30000	0.999999	0.000000	0.000000	5.704065	3.459205
35000	1.000000	0.000000	0.000000	5.704075	3.459208
40000	1.000000	0.000000	0.000000	5.704076	3.459209
45000	1.000000	0.000000	0.000000	5.704076	3.459209
50000	1.000000	0.000000	0.000000	5.704076	3.459209
55000	1.000000	0.000000	0.000000	5.704076	3.459209
60000	1.000000	0.000000	0.000000	5.704076	3.459209
65000	1.000000	0.000000	0.000000	5.704076	3.459209
70000	1.000000	0.000000	0.000000	5.704076	3.459209
75000	1.000000	0.000000	0.000000	5.704076	3.459209
80000	1.000000	0.000000	0.000000	5.704076	3.459209
85000	1.000000	0.000000	0.000000	5.704076	3.459209
90000	1.000000	0.000000	0.000000	5.704076	3.459209
95000	1.000000	0.000000	0.000000	5.704076	3.459209
100000	1.000000	0.000000	0.000000	5.704076	3.459209

var1: 0.000398	 var2: 0.015849
gen	A2		B2		diseq		zbar		sexrat
0	0.990000	0.000000			3.000000	
5000	0.998083	0.000000	0.000000	5.435350	3.366629
10000	0.999631	0.000000	0.000000	5.668886	3.447206
15000	0.999929	0.000000	0.000000	5.699370	3.457605
20000	0.999986	0.000000	0.000000	5.703445	3.458994
25000	0.999997	0.000000	0.000000	5.703991	3.459180
30000	0.999999	0.000000	0.000000	5.704065	3.459205
35000	1.000000	0.000000	0.000000	5.704075	3.459208
40000	1.000000	0.000000	0.000000	5.704076	3.459209
45000	1.000000	0.000000	0.000000	5.704076	3.459209
50000	1.000000	0.000000	0.000000	5.704076	3.459209
55000	1.000000	0.000000	0.000000	5.704076	3.459209
60000	1.000000	0.000000	0.000000	5.704076	3.459209
65000	1.000000	0.000000	0.000000	5.704076	3.459209
70000	1.000000	0.000000	0.000000	5.704076	3.459209
75000	1.000000	0.000000	0.000000	5.704076	3.459209
80000	1.000000	0.000000	0.000000	5.704076	3.459209
85000	1.000000	0.000000	0.000000	5.704076	3.459209
90000	1.000000	0.000000	0.000000	5.704076	3.459209
95000	1.000000	0.000000	0.000000	5.704076	3.459209
100000	1.000000	0.000000	0.000000	5.704076	3.459209

var1: 0.000398	 var2: 0.100000
gen	A2		B2		diseq		zbar		sexrat
0	0.990000	0.000000			3.000000	
5000	0.998083	0.000000	0.000000	5.435350	3.366629
10000	0.999631	0.000000	0.000000	5.668886	3.447206
15000	0.999929	0.000000	0.000000	5.699370	3.457605
20000	0.999986	0.000000	0.000000	5.703445	3.458994
25000	0.999997	0.000000	0.000000	5.703991	3.459180
30000	0.999999	0.000000	0.000000	5.704065	3.459205
35000	1.000000	0.000000	0.000000	5.704075	3.459208
40000	1.000000	0.000000	0.000000	5.704076	3.459209
45000	1.000000	0.000000	0.000000	5.704076	3.459209
50000	1.000000	0.000000	0.000000	5.704076	3.459209
55000	1.000000	0.000000	0.000000	5.704076	3.459209
60000	1.000000	0.000000	0.000000	5.704076	3.459209
65000	1.000000	0.000000	0.000000	5.704076	3.459209
70000	1.000000	0.000000	0.000000	5.704076	3.459209
75000	1.000000	0.000000	0.000000	5.704076	3.459209
80000	1.000000	0.000000	0.000000	5.704076	3.459209
85000	1.000000	0.000000	0.000000	5.704076	3.459209
90000	1.000000	0.000000	0.000000	5.704076	3.459209
95000	1.000000	0.000000	0.000000	5.704076	3.459209
100000	1.000000	0.000000	0.000000	5.704076	3.459209

var1: 0.002512	 var2: 0.000010
gen	A2		B2		diseq		zbar		sexrat
0	0.990000	0.000000			3.000000	
5000	1.000000	0.000000	0.000000	5.398273	3.404610
10000	1.000000	0.000000	0.000000	5.637684	3.489228
15000	1.000000	0.000000	0.000000	5.670126	3.500561
20000	1.000000	0.000000	0.000000	5.674631	3.502132
25000	1.000000	0.000000	0.000000	5.675259	3.502351
30000	1.000000	0.000000	0.000000	5.675346	3.502381
35000	1.000000	0.000000	0.000000	5.675359	3.502386
40000	1.000000	0.000000	0.000000	5.675360	3.502386
45000	1.000000	0.000000	0.000000	5.675360	3.502386
50000	1.000000	0.000000	0.000000	5.675360	3.502386
55000	1.000000	0.000000	0.000000	5.675360	3.502386
60000	1.000000	0.000000	0.000000	5.675360	3.502386
65000	1.000000	0.000000	0.000000	5.675360	3.502386
70000	1.000000	0.000000	0.000000	5.675360	3.502386
75000	1.000000	0.000000	0.000000	5.675360	3.502386
80000	1.000000	0.000000	0.000000	5.675360	3.502386
85000	1.000000	0.000000	0.000000	5.675360	3.502386
90000	1.000000	0.000000	0.000000	5.675360	3.502386
95000	1.000000	0.000000	0.000000	5.675360	3.502386
100000	1.000000	0.000000	0.000000	5.675360	3.502386

var1: 0.002512	 var2: 0.000063
gen	A2		B2		diseq		zbar		sexrat
0	0.990000	0.000000			3.000000	
5000	1.000000	0.000000	0.000000	5.398273	3.404610
10000	1.000000	0.000000	0.000000	5.637684	3.489228
15000	1.000000	0.000000	0.000000	5.670126	3.500561
20000	1.000000	0.000000	0.000000	5.674631	3.502132
25000	1.000000	0.000000	0.000000	5.675259	3.502351
30000	1.000000	0.000000	0.000000	5.675346	3.502381
35000	1.000000	0.000000	0.000000	5.675359	3.502386
40000	1.000000	0.000000	0.000000	5.675360	3.502386
45000	1.000000	0.000000	0.000000	5.675360	3.502386
50000	1.000000	0.000000	0.000000	5.675360	3.502386
55000	1.000000	0.000000	0.000000	5.675360	3.502386
60000	1.000000	0.000000	0.000000	5.675360	3.502386
65000	1.000000	0.000000	0.000000	5.675360	3.502386
70000	1.000000	0.000000	0.000000	5.675360	3.502386
75000	1.000000	0.000000	0.000000	5.675360	3.502386
80000	1.000000	0.000000	0.000000	5.675360	3.502386
85000	1.000000	0.000000	0.000000	5.675360	3.502386
90000	1.000000	0.000000	0.000000	5.675360	3.502386
95000	1.000000	0.000000	0.000000	5.675360	3.502386
100000	1.000000	0.000000	0.000000	5.675360	3.502386

var1: 0.002512	 var2: 0.000398
gen	A2		B2		diseq		zbar		sexrat
0	0.990000	0.000000			3.000000	
5000	1.000000	0.000000	0.000000	5.398273	3.404610
10000	1.000000	0.000000	0.000000	5.637684	3.489228
15000	1.000000	0.000000	0.000000	5.670126	3.500561
20000	1.000000	0.000000	0.000000	5.674631	3.502132
25000	1.000000	0.000000	0.000000	5.675259	3.502351
30000	1.000000	0.000000	0.000000	5.675346	3.502381
35000	1.000000	0.000000	0.000000	5.675359	3.502386
40000	1.000000	0.000000	0.000000	5.675360	3.502386
45000	1.000000	0.000000	0.000000	5.675360	3.502386
50000	1.000000	0.000000	0.000000	5.675360	3.502386
55000	1.000000	0.000000	0.000000	5.675360	3.502386
60000	1.000000	0.000000	0.000000	5.675360	3.502386
65000	1.000000	0.000000	0.000000	5.675360	3.502386
70000	1.000000	0.000000	0.000000	5.675360	3.502386
75000	1.000000	0.000000	0.000000	5.675360	3.502386
80000	1.000000	0.000000	0.000000	5.675360	3.502386
85000	1.000000	0.000000	0.000000	5.675360	3.502386
90000	1.000000	0.000000	0.000000	5.675360	3.502386
95000	1.000000	0.000000	0.000000	5.675360	3.502386
100000	1.000000	0.000000	0.000000	5.675360	3.502386

var1: 0.002512	 var2: 0.002512
gen	A2		B2		diseq		zbar		sexrat
0	0.990000	0.000000			3.000000	
5000	1.000000	0.000000	0.000000	5.398273	3.404610
10000	1.000000	0.000000	0.000000	5.637684	3.489228
15000	1.000000	0.000000	0.000000	5.670126	3.500561
20000	1.000000	0.000000	0.000000	5.674631	3.502132
25000	1.000000	0.000000	0.000000	5.675259	3.502351
30000	1.000000	0.000000	0.000000	5.675346	3.502381
35000	1.000000	0.000000	0.000000	5.675359	3.502386
40000	1.000000	0.000000	0.000000	5.675360	3.502386
45000	1.000000	0.000000	0.000000	5.675360	3.502386
50000	1.000000	0.000000	0.000000	5.675360	3.502386
55000	1.000000	0.000000	0.000000	5.675360	3.502386
60000	1.000000	0.000000	0.000000	5.675360	3.502386
65000	1.000000	0.000000	0.000000	5.675360	3.502386
70000	1.000000	0.000000	0.000000	5.675360	3.502386
75000	1.000000	0.000000	0.000000	5.675360	3.502386
80000	1.000000	0.000000	0.000000	5.675360	3.502386
85000	1.000000	0.000000	0.000000	5.675360	3.502386
90000	1.000000	0.000000	0.000000	5.675360	3.502386
95000	1.000000	0.000000	0.000000	5.675360	3.502386
100000	1.000000	0.000000	0.000000	5.675360	3.502386

var1: 0.002512	 var2: 0.015849
gen	A2		B2		diseq		zbar		sexrat
0	0.990000	0.000000			3.000000	
5000	1.000000	0.000000	0.000000	5.398273	3.404610
10000	1.000000	0.000000	0.000000	5.637684	3.489228
15000	1.000000	0.000000	0.000000	5.670126	3.500561
20000	1.000000	0.000000	0.000000	5.674631	3.502132
25000	1.000000	0.000000	0.000000	5.675259	3.502351
30000	1.000000	0.000000	0.000000	5.675346	3.502381
35000	1.000000	0.000000	0.000000	5.675359	3.502386
40000	1.000000	0.000000	0.000000	5.675360	3.502386
45000	1.000000	0.000000	0.000000	5.675360	3.502386
50000	1.000000	0.000000	0.000000	5.675360	3.502386
55000	1.000000	0.000000	0.000000	5.675360	3.502386
60000	1.000000	0.000000	0.000000	5.675360	3.502386
65000	1.000000	0.000000	0.000000	5.675360	3.502386
70000	1.000000	0.000000	0.000000	5.675360	3.502386
75000	1.000000	0.000000	0.000000	5.675360	3.502386
80000	1.000000	0.000000	0.000000	5.675360	3.502386
85000	1.000000	0.000000	0.000000	5.675360	3.502386
90000	1.000000	0.000000	0.000000	5.675360	3.502386
95000	1.000000	0.000000	0.000000	5.675360	3.502386
100000	1.000000	0.000000	0.000000	5.675360	3.502386

var1: 0.002512	 var2: 0.100000
gen	A2		B2		diseq		zbar		sexrat
0	0.990000	0.000000			3.000000	
5000	1.000000	0.000000	0.000000	5.398273	3.404610
10000	1.000000	0.000000	0.000000	5.637684	3.489228
15000	1.000000	0.000000	0.000000	5.670126	3.500561
20000	1.000000	0.000000	0.000000	5.674631	3.502132
25000	1.000000	0.000000	0.000000	5.675259	3.502351
30000	1.000000	0.000000	0.000000	5.675346	3.502381
35000	1.000000	0.000000	0.000000	5.675359	3.502386
40000	1.000000	0.000000	0.000000	5.675360	3.502386
45000	1.000000	0.000000	0.000000	5.675360	3.502386
50000	1.000000	0.000000	0.000000	5.675360	3.502386
55000	1.000000	0.000000	0.000000	5.675360	3.502386
60000	1.000000	0.000000	0.000000	5.675360	3.502386
65000	1.000000	0.000000	0.000000	5.675360	3.502386
70000	1.000000	0.000000	0.000000	5.675360	3.502386
75000	1.000000	0.000000	0.000000	5.675360	3.502386
80000	1.000000	0.000000	0.000000	5.675360	3.502386
85000	1.000000	0.000000	0.000000	5.675360	3.502386
90000	1.000000	0.000000	0.000000	5.675360	3.502386
95000	1.000000	0.000000	0.000000	5.675360	3.502386
100000	1.000000	0.000000	0.000000	5.675360	3.502386

var1: 0.015849	 var2: 0.000010
gen	A2		B2		diseq		zbar		sexrat
0	0.990000	0.000000			3.000000	
5000	1.000000	0.000000	0.000000	5.147927	3.673516
10000	1.000000	0.000000	0.000000	5.424650	3.788731
15000	1.000000	0.000000	0.000000	5.472106	3.808216
20000	1.000000	0.000000	0.000000	5.480482	3.811646
25000	1.000000	0.000000	0.000000	5.481967	3.812255
30000	1.000000	0.000000	0.000000	5.482231	3.812362
35000	1.000000	0.000000	0.000000	5.482277	3.812382
40000	1.000000	0.000000	0.000000	5.482286	3.812385
45000	1.000000	0.000000	0.000000	5.482287	3.812386
50000	1.000000	0.000000	0.000000	5.482288	3.812386
55000	1.000000	0.000000	0.000000	5.482288	3.812386
60000	1.000000	0.000000	0.000000	5.482288	3.812386
65000	1.000000	0.000000	0.000000	5.482288	3.812386
70000	1.000000	0.000000	0.000000	5.482288	3.812386
75000	1.000000	0.000000	0.000000	5.482288	3.812386
80000	1.000000	0.000000	0.000000	5.482288	3.812386
85000	1.000000	0.000000	0.000000	5.482288	3.812386
90000	1.000000	0.000000	0.000000	5.482288	3.812386
95000	1.000000	0.000000	0.000000	5.482288	3.812386
100000	1.000000	0.000000	0.000000	5.482288	3.812386

var1: 0.015849	 var2: 0.000063
gen	A2		B2		diseq		zbar		sexrat
0	0.990000	0.000000			3.000000	
5000	1.000000	0.000000	0.000000	5.147927	3.673516
10000	1.000000	0.000000	0.000000	5.424650	3.788731
15000	1.000000	0.000000	0.000000	5.472106	3.808216
20000	1.000000	0.000000	0.000000	5.480482	3.811646
25000	1.000000	0.000000	0.000000	5.481967	3.812255
30000	1.000000	0.000000	0.000000	5.482231	3.812362
35000	1.000000	0.000000	0.000000	5.482277	3.812382
40000	1.000000	0.000000	0.000000	5.482286	3.812385
45000	1.000000	0.000000	0.000000	5.482287	3.812386
50000	1.000000	0.000000	0.000000	5.482288	3.812386
55000	1.000000	0.000000	0.000000	5.482288	3.812386
60000	1.000000	0.000000	0.000000	5.482288	3.812386
65000	1.000000	0.000000	0.000000	5.482288	3.812386
70000	1.000000	0.000000	0.000000	5.482288	3.812386
75000	1.000000	0.000000	0.000000	5.482288	3.812386
80000	1.000000	0.000000	0.000000	5.482288	3.812386
85000	1.000000	0.000000	0.000000	5.482288	3.812386
90000	1.000000	0.000000	0.000000	5.482288	3.812386
95000	1.000000	0.000000	0.000000	5.482288	3.812386
100000	1.000000	0.000000	0.000000	5.482288	3.812386

var1: 0.015849	 var2: 0.000398
gen	A2		B2		diseq		zbar		sexrat
0	0.990000	0.000000			3.000000	
5000	1.000000	0.000000	0.000000	5.147927	3.673516
10000	1.000000	0.000000	0.000000	5.424650	3.788731
15000	1.000000	0.000000	0.000000	5.472106	3.808216
20000	1.000000	0.000000	0.000000	5.480482	3.811646
25000	1.000000	0.000000	0.000000	5.481967	3.812255
30000	1.000000	0.000000	0.000000	5.482231	3.812362
35000	1.000000	0.000000	0.000000	5.482277	3.812382
40000	1.000000	0.000000	0.000000	5.482286	3.812385
45000	1.000000	0.000000	0.000000	5.482287	3.812386
50000	1.000000	0.000000	0.000000	5.482288	3.812386
55000	1.000000	0.000000	0.000000	5.482288	3.812386
60000	1.000000	0.000000	0.000000	5.482288	3.812386
65000	1.000000	0.000000	0.000000	5.482288	3.812386
70000	1.000000	0.000000	0.000000	5.482288	3.812386
75000	1.000000	0.000000	0.000000	5.482288	3.812386
80000	1.000000	0.000000	0.000000	5.482288	3.812386
85000	1.000000	0.000000	0.000000	5.482288	3.812386
90000	1.000000	0.000000	0.000000	5.482288	3.812386
95000	1.000000	0.000000	0.000000	5.482288	3.812386
100000	1.000000	0.000000	0.000000	5.482288	3.812386

var1: 0.015849	 var2: 0.002512
gen	A2		B2		diseq		zbar		sexrat
0	0.990000	0.000000			3.000000	
5000	1.000000	0.000000	0.000000	5.147927	3.673516
10000	1.000000	0.000000	0.000000	5.424650	3.788731
15000	1.000000	0.000000	0.000000	5.472106	3.808216
20000	1.000000	0.000000	0.000000	5.480482	3.811646
25000	1.000000	0.000000	0.000000	5.481967	3.812255
30000	1.000000	0.000000	0.000000	5.482231	3.812362
35000	1.000000	0.000000	0.000000	5.482277	3.812382
40000	1.000000	0.000000	0.000000	5.482286	3.812385
45000	1.000000	0.000000	0.000000	5.482287	3.812386
50000	1.000000	0.000000	0.000000	5.482288	3.812386
55000	1.000000	0.000000	0.000000	5.482288	3.812386
60000	1.000000	0.000000	0.000000	5.482288	3.812386
65000	1.000000	0.000000	0.000000	5.482288	3.812386
70000	1.000000	0.000000	0.000000	5.482288	3.812386
75000	1.000000	0.000000	0.000000	5.482288	3.812386
80000	1.000000	0.000000	0.000000	5.482288	3.812386
85000	1.000000	0.000000	0.000000	5.482288	3.812386
90000	1.000000	0.000000	0.000000	5.482288	3.812386
95000	1.000000	0.000000	0.000000	5.482288	3.812386
100000	1.000000	0.000000	0.000000	5.482288	3.812386

var1: 0.015849	 var2: 0.015849
gen	A2		B2		diseq		zbar		sexrat
0	0.990000	0.000000			3.000000	
5000	1.000000	0.000000	0.000000	5.147927	3.673516
10000	1.000000	0.000000	0.000000	5.424650	3.788731
15000	1.000000	0.000000	0.000000	5.472106	3.808216
20000	1.000000	0.000000	0.000000	5.480482	3.811646
25000	1.000000	0.000000	0.000000	5.481967	3.812255
30000	1.000000	0.000000	0.000000	5.482231	3.812362
35000	1.000000	0.000000	0.000000	5.482277	3.812382
40000	1.000000	0.000000	0.000000	5.482286	3.812385
45000	1.000000	0.000000	0.000000	5.482287	3.812386
50000	1.000000	0.000000	0.000000	5.482288	3.812386
55000	1.000000	0.000000	0.000000	5.482288	3.812386
60000	1.000000	0.000000	0.000000	5.482288	3.812386
65000	1.000000	0.000000	0.000000	5.482288	3.812386
70000	1.000000	0.000000	0.000000	5.482288	3.812386
75000	1.000000	0.000000	0.000000	5.482288	3.812386
80000	1.000000	0.000000	0.000000	5.482288	3.812386
85000	1.000000	0.000000	0.000000	5.482288	3.812386
90000	1.000000	0.000000	0.000000	5.482288	3.812386
95000	1.000000	0.000000	0.000000	5.482288	3.812386
100000	1.000000	0.000000	0.000000	5.482288	3.812386

var1: 0.015849	 var2: 0.100000
gen	A2		B2		diseq		zbar		sexrat
0	0.990000	0.000000			3.000000	
5000	1.000000	0.000000	0.000000	5.147927	3.673516
10000	1.000000	0.000000	0.000000	5.424650	3.788731
15000	1.000000	0.000000	0.000000	5.472106	3.808216
20000	1.000000	0.000000	0.000000	5.480482	3.811646
25000	1.000000	0.000000	0.000000	5.481967	3.812255
30000	1.000000	0.000000	0.000000	5.482231	3.812362
35000	1.000000	0.000000	0.000000	5.482277	3.812382
40000	1.000000	0.000000	0.000000	5.482286	3.812385
45000	1.000000	0.000000	0.000000	5.482287	3.812386
50000	1.000000	0.000000	0.000000	5.482288	3.812386
55000	1.000000	0.000000	0.000000	5.482288	3.812386
60000	1.000000	0.000000	0.000000	5.482288	3.812386
65000	1.000000	0.000000	0.000000	5.482288	3.812386
70000	1.000000	0.000000	0.000000	5.482288	3.812386
75000	1.000000	0.000000	0.000000	5.482288	3.812386
80000	1.000000	0.000000	0.000000	5.482288	3.812386
85000	1.000000	0.000000	0.000000	5.482288	3.812386
90000	1.000000	0.000000	0.000000	5.482288	3.812386
95000	1.000000	0.000000	0.000000	5.482288	3.812386
100000	1.000000	0.000000	0.000000	5.482288	3.812386

var1: 0.100000	 var2: 0.000010
gen	A2		B2		diseq		zbar		sexrat
0	0.990000	0.000000			3.000000	
5000	1.000000	0.000000	0.000000	3.120614	17.194732
10000	1.000000	0.000000	0.000000	3.123621	17.208636
15000	1.000000	0.000000	0.000000	3.126119	17.220186
20000	1.000000	0.000000	0.000000	3.128195	17.229780
25000	1.000000	0.000000	0.000000	3.129920	17.237752
30000	1.000000	0.000000	0.000000	3.131353	17.244376
35000	1.000000	0.000000	0.000000	3.132545	17.249880
40000	1.000000	0.000000	0.000000	3.133535	17.254455
45000	1.000000	0.000000	0.000000	3.134358	17.258257
50000	1.000000	0.000000	0.000000	3.135042	17.261418
55000	1.000000	0.000000	0.000000	3.135611	17.264045
60000	1.000000	0.000000	0.000000	3.136084	17.266229
65000	1.000000	0.000000	0.000000	3.136477	17.268044
70000	1.000000	0.000000	0.000000	3.136803	17.269553
75000	1.000000	0.000000	0.000000	3.137075	17.270808
80000	1.000000	0.000000	0.000000	3.137301	17.271851
85000	1.000000	0.000000	0.000000	3.137489	17.272718
90000	1.000000	0.000000	0.000000	3.137645	17.273438
95000	1.000000	0.000000	0.000000	3.137774	17.274038
100000	1.000000	0.000000	0.000000	3.137882	17.274536

var1: 0.100000	 var2: 0.000063
gen	A2		B2		diseq		zbar		sexrat
0	0.990000	0.000000			3.000000	
5000	1.000000	0.000000	0.000000	3.120614	17.194732
10000	1.000000	0.000000	0.000000	3.123621	17.208636
15000	1.000000	0.000000	0.000000	3.126119	17.220186
20000	1.000000	0.000000	0.000000	3.128195	17.229780
25000	1.000000	0.000000	0.000000	3.129920	17.237752
30000	1.000000	0.000000	0.000000	3.131353	17.244376
35000	1.000000	0.000000	0.000000	3.132545	17.249880
40000	1.000000	0.000000	0.000000	3.133535	17.254455
45000	1.000000	0.000000	0.000000	3.134358	17.258257
50000	1.000000	0.000000	0.000000	3.135042	17.261418
55000	1.000000	0.000000	0.000000	3.135611	17.264045
60000	1.000000	0.000000	0.000000	3.136084	17.266229
65000	1.000000	0.000000	0.000000	3.136477	17.268044
70000	1.000000	0.000000	0.000000	3.136803	17.269553
75000	1.000000	0.000000	0.000000	3.137075	17.270808
80000	1.000000	0.000000	0.000000	3.137301	17.271851
85000	1.000000	0.000000	0.000000	3.137489	17.272718
90000	1.000000	0.000000	0.000000	3.137645	17.273438
95000	1.000000	0.000000	0.000000	3.137774	17.274038
100000	1.000000	0.000000	0.000000	3.137882	17.274536

var1: 0.100000	 var2: 0.000398
gen	A2		B2		diseq		zbar		sexrat
0	0.990000	0.000000			3.000000	
5000	1.000000	0.000000	0.000000	3.120614	17.194732
10000	1.000000	0.000000	0.000000	3.123621	17.208636
15000	1.000000	0.000000	0.000000	3.126119	17.220186
20000	1.000000	0.000000	0.000000	3.128195	17.229780
25000	1.000000	0.000000	0.000000	3.129920	17.237752
30000	1.000000	0.000000	0.000000	3.131353	17.244376
35000	1.000000	0.000000	0.000000	3.132545	17.249880
40000	1.000000	0.000000	0.000000	3.133535	17.254455
45000	1.000000	0.000000	0.000000	3.134358	17.258257
50000	1.000000	0.000000	0.000000	3.135042	17.261418
55000	1.000000	0.000000	0.000000	3.135611	17.264045
60000	1.000000	0.000000	0.000000	3.136084	17.266229
65000	1.000000	0.000000	0.000000	3.136477	17.268044
70000	1.000000	0.000000	0.000000	3.136803	17.269553
75000	1.000000	0.000000	0.000000	3.137075	17.270808
80000	1.000000	0.000000	0.000000	3.137301	17.271851
85000	1.000000	0.000000	0.000000	3.137489	17.272718
90000	1.000000	0.000000	0.000000	3.137645	17.273438
95000	1.000000	0.000000	0.000000	3.137774	17.274038
100000	1.000000	0.000000	0.000000	3.137882	17.274536

var1: 0.100000	 var2: 0.002512
gen	A2		B2		diseq		zbar		sexrat
0	0.990000	0.000000			3.000000	
5000	1.000000	0.000000	0.000000	3.120614	17.194732
10000	1.000000	0.000000	0.000000	3.123621	17.208636
15000	1.000000	0.000000	0.000000	3.126119	17.220186
20000	1.000000	0.000000	0.000000	3.128195	17.229780
25000	1.000000	0.000000	0.000000	3.129920	17.237752
30000	1.000000	0.000000	0.000000	3.131353	17.244376
35000	1.000000	0.000000	0.000000	3.132545	17.249880
40000	1.000000	0.000000	0.000000	3.133535	17.254455
45000	1.000000	0.000000	0.000000	3.134358	17.258257
50000	1.000000	0.000000	0.000000	3.135042	17.261418
55000	1.000000	0.000000	0.000000	3.135611	17.264045
60000	1.000000	0.000000	0.000000	3.136084	17.266229
65000	1.000000	0.000000	0.000000	3.136477	17.268044
70000	1.000000	0.000000	0.000000	3.136803	17.269553
75000	1.000000	0.000000	0.000000	3.137075	17.270808
80000	1.000000	0.000000	0.000000	3.137301	17.271851
85000	1.000000	0.000000	0.000000	3.137489	17.272718
90000	1.000000	0.000000	0.000000	3.137645	17.273438
95000	1.000000	0.000000	0.000000	3.137774	17.274038
100000	1.000000	0.000000	0.000000	3.137882	17.274536

var1: 0.100000	 var2: 0.015849
gen	A2		B2		diseq		zbar		sexrat
0	0.990000	0.000000			3.000000	
5000	1.000000	0.000000	0.000000	3.120614	17.194732
10000	1.000000	0.000000	0.000000	3.123621	17.208636
15000	1.000000	0.000000	0.000000	3.126119	17.220186
20000	1.000000	0.000000	0.000000	3.128195	17.229780
25000	1.000000	0.000000	0.000000	3.129920	17.237752
30000	1.000000	0.000000	0.000000	3.131353	17.244376
35000	1.000000	0.000000	0.000000	3.132545	17.249880
40000	1.000000	0.000000	0.000000	3.133535	17.254455
45000	1.000000	0.000000	0.000000	3.134358	17.258257
50000	1.000000	0.000000	0.000000	3.135042	17.261418
55000	1.000000	0.000000	0.000000	3.135611	17.264045
60000	1.000000	0.000000	0.000000	3.136084	17.266229
65000	1.000000	0.000000	0.000000	3.136477	17.268044
70000	1.000000	0.000000	0.000000	3.136803	17.269553
75000	1.000000	0.000000	0.000000	3.137075	17.270808
80000	1.000000	0.000000	0.000000	3.137301	17.271851
85000	1.000000	0.000000	0.000000	3.137489	17.272718
90000	1.000000	0.000000	0.000000	3.137645	17.273438
95000	1.000000	0.000000	0.000000	3.137774	17.274038
100000	1.000000	0.000000	0.000000	3.137882	17.274536

var1: 0.100000	 var2: 0.100000
gen	A2		B2		diseq		zbar		sexrat
0	0.990000	0.000000			3.000000	
5000	1.000000	0.000000	0.000000	3.120614	17.194732
10000	1.000000	0.000000	0.000000	3.123621	17.208636
15000	1.000000	0.000000	0.000000	3.126119	17.220186
20000	1.000000	0.000000	0.000000	3.128195	17.229780
25000	1.000000	0.000000	0.000000	3.129920	17.237752
30000	1.000000	0.000000	0.000000	3.131353	17.244376
35000	1.000000	0.000000	0.000000	3.132545	17.249880
40000	1.000000	0.000000	0.000000	3.133535	17.254455
45000	1.000000	0.000000	0.000000	3.134358	17.258257
50000	1.000000	0.000000	0.000000	3.135042	17.261418
55000	1.000000	0.000000	0.000000	3.135611	17.264045
60000	1.000000	0.000000	0.000000	3.136084	17.266229
65000	1.000000	0.000000	0.000000	3.136477	17.268044
70000	1.000000	0.000000	0.000000	3.136803	17.269553
75000	1.000000	0.000000	0.000000	3.137075	17.270808
80000	1.000000	0.000000	0.000000	3.137301	17.271851
85000	1.000000	0.000000	0.000000	3.137489	17.272718
90000	1.000000	0.000000	0.000000	3.137645	17.273438
95000	1.000000	0.000000	0.000000	3.137774	17.274038
100000	1.000000	0.000000	0.000000	3.137882	17.274536


########################### Run 2 ######################
var1: 0.000010	 var2: 0.000010
gen	A2		B2		diseq		zbar		sexrat
0	0.990000	0.010000			5.709297	
5000	0.000084	0.942887	0.000000	5.570696	3.403895
10000	0.000069	0.942584	0.000000	5.690797	3.444873
15000	0.000068	0.942261	0.000000	5.706577	3.450226
20000	0.000068	0.941933	0.000000	5.708676	3.450938
25000	0.000068	0.941604	0.000000	5.708955	3.451032
30000	0.000069	0.941273	0.000000	5.708993	3.451045
35000	0.000069	0.940940	0.000000	5.708998	3.451047
40000	0.000069	0.940605	0.000000	5.708998	3.451047
45000	0.000069	0.940269	0.000000	5.708998	3.451047
50000	0.000069	0.939931	0.000000	5.708998	3.451047
55000	0.000069	0.939592	0.000000	5.708998	3.451047
60000	0.000069	0.939251	0.000000	5.708998	3.451047
65000	0.000069	0.938908	0.000000	5.708998	3.451047
70000	0.000069	0.938563	0.000000	5.708998	3.451047
75000	0.000069	0.938217	0.000000	5.708998	3.451047
80000	0.000069	0.937869	0.000000	5.708998	3.451047
85000	0.000069	0.937519	0.000000	5.708998	3.451047
90000	0.000069	0.937167	0.000000	5.708998	3.451048
95000	0.000069	0.936814	0.000000	5.708998	3.451048
100000	0.000069	0.936459	0.000000	5.708998	3.451048

var1: 0.000010	 var2: 0.000063
gen	A2		B2		diseq		zbar		sexrat
0	0.990000	0.010000			5.709297	
5000	0.000088	0.940657	0.000000	5.570598	3.403438
10000	0.000070	0.937042	0.000000	5.690890	3.444482
15000	0.000070	0.933214	0.000000	5.706690	3.449844
20000	0.000071	0.929173	0.000000	5.708791	3.450559
25000	0.000072	0.924908	0.000000	5.709070	3.450656
30000	0.000073	0.920409	0.000000	5.709106	3.450671
35000	0.000074	0.915668	0.000000	5.709111	3.450676
40000	0.000075	0.910674	0.000000	5.709110	3.450679
45000	0.000076	0.905417	0.000000	5.709110	3.450682
50000	0.000077	0.899888	0.000000	5.709109	3.450685
55000	0.000078	0.894076	0.000000	5.709108	3.450688
60000	0.000080	0.887972	0.000000	5.709107	3.450691
65000	0.000081	0.881567	0.000000	5.709106	3.450695
70000	0.000083	0.874852	0.000000	5.709105	3.450699
75000	0.000084	0.867818	0.000000	5.709104	3.450703
80000	0.000086	0.860457	0.000000	5.709103	3.450707
85000	0.000088	0.852761	0.000000	5.709101	3.450711
90000	0.000090	0.844724	0.000000	5.709100	3.450716
95000	0.000093	0.836341	0.000000	5.709099	3.450720
100000	0.000095	0.827605	0.000000	5.709097	3.450725

var1: 0.000010	 var2: 0.000398
gen	A2		B2		diseq		zbar		sexrat
0	0.990000	0.010000			5.709297	
5000	0.000114	0.924769	0.000000	5.569930	3.400593
10000	0.000080	0.889304	0.000000	5.691440	3.442164
15000	0.000091	0.840232	0.000000	5.707339	3.447728
20000	0.000127	0.775011	0.000000	5.709401	3.448661
25000	0.000984	0.692924	0.000004	5.709648	3.449375
30000	0.000770	0.596516	0.000004	5.709640	3.449568
35000	0.000976	0.492013	0.000005	5.709618	3.449930
40000	0.000218	0.388277	0.000001	5.709571	3.450021
45000	0.000937	0.293732	0.000004	5.709546	3.450453
50000	0.000470	0.214245	0.000002	5.709500	3.450597
55000	0.000191	0.151586	0.000001	5.709489	3.450760
60000	0.000426	0.104879	0.000001	5.709461	3.450919
65000	0.000303	0.071328	0.000000	5.709453	3.451015
70000	0.000527	0.047954	0.000001	5.709440	3.451092
75000	0.000155	0.031905	0.000000	5.709450	3.451137
80000	0.000767	0.021182	0.000000	5.709432	3.451175
85000	0.000457	0.014023	0.000000	5.709433	3.451193
90000	0.000329	0.009233	0.000000	5.709435	3.451207
95000	0.000269	0.006061	0.000000	5.709435	3.451217
100000	0.000239	0.003972	0.000000	5.709434	3.451223

var1: 0.000010	 var2: 0.002512
gen	A2		B2		diseq		zbar		sexrat
0	0.990000	0.010000			5.709297	
5000	0.001078	0.733416	0.000003	5.563324	3.386089
10000	0.000517	0.154189	0.000002	5.691821	3.442016
15000	0.000948	0.012131	0.000000	5.707264	3.450249
20000	0.001860	0.001671	0.000000	5.709153	3.451108
25000	0.001851	0.001853	0.000000	5.709398	3.451187
30000	0.001842	0.001028	0.000000	5.709430	3.451215
35000	0.001831	0.001140	0.000000	5.709435	3.451214
40000	0.001821	0.001264	0.000000	5.709435	3.451212
45000	0.001812	0.001401	0.000000	5.709435	3.451209
50000	0.001803	0.001553	0.000000	5.709435	3.451206
55000	0.001794	0.001721	0.000000	5.709435	3.451202
60000	0.001785	0.001906	0.000000	5.709435	3.451199
65000	0.001776	0.001056	0.000000	5.709435	3.451216
70000	0.001766	0.001170	0.000000	5.709435	3.451214
75000	0.001757	0.001296	0.000000	5.709436	3.451211
80000	0.001748	0.001436	0.000000	5.709436	3.451208
85000	0.001739	0.001591	0.000000	5.709436	3.451205
90000	0.001730	0.001762	0.000000	5.709436	3.451202
95000	0.001722	0.001951	0.000000	5.709435	3.451198
100000	0.001713	0.001080	0.000000	5.709436	3.451215

var1: 0.000010	 var2: 0.015849
gen	A2		B2		diseq		zbar		sexrat
0	0.990000	0.010000			5.709297	
5000	0.987075	0.008585	0.000003	5.703067	3.453788
10000	0.983696	0.008613	0.000003	5.697449	3.451879
15000	0.979464	0.008424	0.000004	5.696818	3.451542
20000	0.974567	0.007584	0.000004	5.697560	3.451334
25000	0.969668	0.006120	0.000004	5.699320	3.451159
30000	0.965651	0.004395	0.000003	5.701703	3.451076
35000	0.963080	0.002853	0.000002	5.704090	3.451099
40000	0.961943	0.001727	0.000001	5.706011	3.451181
45000	0.961875	0.001006	0.000001	5.707333	3.451266
50000	0.961553	0.001169	0.000001	5.707262	3.451324
55000	0.961288	0.001352	0.000001	5.707126	3.451369
60000	0.961083	0.001557	0.000001	5.707066	3.451452
65000	0.960942	0.001787	0.000002	5.707168	3.451602
70000	0.960837	0.001014	0.000001	5.707463	3.451314
75000	0.960525	0.001157	0.000001	5.707293	3.451327
80000	0.960256	0.001314	0.000001	5.707156	3.451359
85000	0.960032	0.001486	0.000001	5.707080	3.451420
90000	0.959853	0.001675	0.000002	5.707102	3.451522
95000	0.959721	0.001880	0.000002	5.707273	3.451683
100000	0.959541	0.001045	0.000001	5.707420	3.451313

var1: 0.000010	 var2: 0.100000
gen	A2		B2		diseq		zbar		sexrat
0	0.990000	0.010000			5.709297	
5000	0.990331	0.000000	0.000000	5.714439	3.453175
10000	0.990679	0.000000	0.000000	5.709852	3.451621
15000	0.991016	0.000000	0.000000	5.709240	3.451414
20000	0.991340	0.000000	0.000000	5.709158	3.451386
25000	0.991653	0.000000	0.000000	5.709147	3.451382
30000	0.991955	0.000000	0.000000	5.709146	3.451382
35000	0.992245	0.000000	0.000000	5.709146	3.451382
40000	0.992526	0.000000	0.000000	5.709145	3.451382
45000	0.992796	0.000000	0.000000	5.709145	3.451382
50000	0.993057	0.000000	0.000000	5.709145	3.451382
55000	0.993308	0.000000	0.000000	5.709145	3.451382
60000	0.993550	0.000000	0.000000	5.709145	3.451382
65000	0.993783	0.000000	0.000000	5.709145	3.451382
70000	0.994008	0.000000	0.000000	5.709145	3.451382
75000	0.994225	0.000000	0.000000	5.709145	3.451382
80000	0.994435	0.000000	0.000000	5.709145	3.451382
85000	0.994636	0.000000	0.000000	5.709145	3.451382
90000	0.994830	0.000000	0.000000	5.709145	3.451382
95000	0.995018	0.000000	0.000000	5.709144	3.451382
100000	0.995198	0.000000	0.000000	5.709144	3.451382

var1: 0.000063	 var2: 0.000010
gen	A2		B2		diseq		zbar		sexrat
0	0.990000	0.010000			5.708584	
5000	0.000101	0.947379	0.000000	5.566196	3.402360
10000	0.000070	0.947101	0.000000	5.690209	3.444674
15000	0.000069	0.946803	0.000000	5.706496	3.450199
20000	0.000069	0.946501	0.000000	5.708662	3.450933
25000	0.000069	0.946196	0.000000	5.708950	3.451031
30000	0.000069	0.945890	0.000000	5.708989	3.451044
35000	0.000069	0.945583	0.000000	5.708994	3.451046
40000	0.000069	0.945274	0.000000	5.708994	3.451046
45000	0.000069	0.944963	0.000000	5.708995	3.451046
50000	0.000069	0.944651	0.000000	5.708995	3.451046
55000	0.000070	0.944338	0.000000	5.708995	3.451046
60000	0.000070	0.944022	0.000000	5.708995	3.451046
65000	0.000070	0.943705	0.000000	5.708995	3.451046
70000	0.000070	0.943387	0.000000	5.708994	3.451046
75000	0.000070	0.943067	0.000000	5.708994	3.451046
80000	0.000070	0.942745	0.000000	5.708994	3.451046
85000	0.000070	0.942422	0.000000	5.708994	3.451046
90000	0.000070	0.942097	0.000000	5.708994	3.451046
95000	0.000070	0.941770	0.000000	5.708994	3.451047
100000	0.000070	0.941442	0.000000	5.708994	3.451047

var1: 0.000063	 var2: 0.000063
gen	A2		B2		diseq		zbar		sexrat
0	0.990000	0.010000			5.708584	
5000	0.000105	0.945325	0.000000	5.566083	3.401896
10000	0.000071	0.941978	0.000000	5.690300	3.444280
15000	0.000071	0.938432	0.000000	5.706609	3.449815
20000	0.000071	0.934685	0.000000	5.708777	3.450552
25000	0.000072	0.930727	0.000000	5.709065	3.450652
30000	0.000073	0.926550	0.000000	5.709103	3.450667
35000	0.000074	0.922144	0.000000	5.709107	3.450672
40000	0.000075	0.917500	0.000000	5.709107	3.450674
45000	0.000076	0.912606	0.000000	5.709107	3.450677
50000	0.000077	0.907454	0.000000	5.709106	3.450680
55000	0.000078	0.902033	0.000000	5.709105	3.450683
60000	0.000080	0.896335	0.000000	5.709104	3.450686
65000	0.000081	0.890348	0.000000	5.709103	3.450690
70000	0.000083	0.884064	0.000000	5.709102	3.450693
75000	0.000084	0.877474	0.000000	5.709101	3.450697
80000	0.000086	0.870569	0.000000	5.709100	3.450701
85000	0.000088	0.863340	0.000000	5.709099	3.450705
90000	0.000090	0.855780	0.000000	5.709097	3.450709
95000	0.000092	0.847882	0.000000	5.709096	3.450714
100000	0.000094	0.839640	0.000000	5.709095	3.450718

var1: 0.000063	 var2: 0.000398
gen	A2		B2		diseq		zbar		sexrat
0	0.990000	0.010000			5.708584	
5000	0.000135	0.930676	0.000000	5.565321	3.399004
10000	0.000080	0.897683	0.000000	5.690845	3.441934
15000	0.000090	0.851703	0.000000	5.707264	3.447664
20000	0.000117	0.789988	0.000000	5.709398	3.448606
25000	0.000707	0.711347	0.000003	5.709639	3.449204
30000	0.000396	0.617521	0.000002	5.709638	3.449365
35000	0.000337	0.514045	0.000002	5.709608	3.449663
40000	0.000542	0.409380	0.000003	5.709571	3.450036
45000	0.000146	0.312302	0.000001	5.709552	3.450248
50000	0.000599	0.229406	0.000002	5.709507	3.450572
55000	0.000200	0.163246	0.000001	5.709492	3.450724
60000	0.000406	0.113421	0.000001	5.709463	3.450892
65000	0.000286	0.077370	0.000000	5.709455	3.450996
70000	0.000528	0.052132	0.000001	5.709440	3.451080
75000	0.000173	0.034742	0.000000	5.709451	3.451128
80000	0.000991	0.023018	0.000001	5.709439	3.451176
85000	0.000701	0.015301	0.000000	5.709428	3.451190
90000	0.000608	0.010118	0.000000	5.709430	3.451206
95000	0.000604	0.006674	0.000000	5.709431	3.451216
100000	0.000658	0.004399	0.000000	5.709430	3.451223

var1: 0.000063	 var2: 0.002512
gen	A2		B2		diseq		zbar		sexrat
0	0.990000	0.010000			5.708584	
5000	0.000106	0.751979	0.000000	5.557994	3.383527
10000	0.000386	0.167192	0.000001	5.691227	3.441527
15000	0.000746	0.013367	0.000000	5.707195	3.450199
20000	0.001839	0.001838	0.000000	5.709145	3.451104
25000	0.002279	0.001022	0.000000	5.709395	3.451206
30000	0.002822	0.001146	0.000000	5.709427	3.451216
35000	0.003494	0.001297	0.000000	5.709429	3.451215
40000	0.004326	0.001485	0.000000	5.709428	3.451213
45000	0.005357	0.001723	0.000000	5.709425	3.451211
50000	0.006636	0.001017	0.000000	5.709422	3.451225
55000	0.008205	0.001229	0.000000	5.709417	3.451224
60000	0.010147	0.001524	0.000000	5.709411	3.451222
65000	0.012557	0.001954	0.000001	5.709405	3.451220
70000	0.015503	0.001304	0.000000	5.709397	3.451233
75000	0.019152	0.001831	0.000001	5.709387	3.451234
80000	0.023615	0.001367	0.000001	5.709374	3.451244
85000	0.029122	0.001101	0.000001	5.709360	3.451254
90000	0.035855	0.001947	0.000002	5.709342	3.451264
95000	0.044058	0.001929	0.000002	5.709320	3.451280
100000	0.054023	0.001097	0.000001	5.709292	3.451287

var1: 0.000063	 var2: 0.015849
gen	A2		B2		diseq		zbar		sexrat
0	0.990000	0.010000			5.708584	
5000	0.989577	0.008774	0.000002	5.702229	3.454908
10000	0.989246	0.009511	0.000002	5.695897	3.453144
15000	0.988516	0.010877	0.000003	5.693528	3.453049
20000	0.987096	0.012731	0.000004	5.691054	3.453165
25000	0.984497	0.015134	0.000005	5.687904	3.453321
30000	0.979764	0.017991	0.000008	5.684048	3.453437
35000	0.971235	0.020471	0.000013	5.680204	3.453288
40000	0.957563	0.020137	0.000019	5.678903	3.452470
45000	0.942893	0.014812	0.000019	5.683684	3.451245
50000	0.937220	0.007901	0.000011	5.692928	3.450940
55000	0.941962	0.003611	0.000005	5.700633	3.451480
60000	0.951046	0.001696	0.000002	5.704825	3.451987
65000	0.960143	0.001798	0.000002	5.706283	3.452557
70000	0.967636	0.001080	0.000001	5.706692	3.452352
75000	0.973590	0.001469	0.000001	5.706324	3.452440
80000	0.978702	0.001089	0.000001	5.706773	3.452409
85000	0.982660	0.001760	0.000001	5.706152	3.452555
90000	0.985878	0.001511	0.000000	5.706240	3.452464
95000	0.988578	0.001361	0.000000	5.706475	3.452472
100000	0.990801	0.001274	0.000000	5.706638	3.452487

var1: 0.000063	 var2: 0.100000
gen	A2		B2		diseq		zbar		sexrat
0	0.990000	0.010000			5.708584	
5000	0.992223	0.000000	0.000000	5.713736	3.454231
10000	0.993974	0.000000	0.000000	5.709144	3.452676
15000	0.995333	0.000000	0.000000	5.708529	3.452470
20000	0.996386	0.000000	0.000000	5.708446	3.452444
25000	0.997203	0.000000	0.000000	5.708434	3.452441
30000	0.997835	0.000000	0.000000	5.708432	3.452441
35000	0.998325	0.000000	0.000000	5.708431	3.452442
40000	0.998704	0.000000	0.000000	5.708431	3.452442
45000	0.998997	0.000000	0.000000	5.708431	3.452442
50000	0.998430	0.000000	0.000000	5.708431	3.452442
55000	0.998785	0.000000	0.000000	5.708431	3.452442
60000	0.998110	0.000000	0.000000	5.708431	3.452441
65000	0.998538	0.000000	0.000000	5.708431	3.452442
70000	0.998868	0.000000	0.000000	5.708431	3.452442
75000	0.998245	0.000000	0.000000	5.708431	3.452441
80000	0.998642	0.000000	0.000000	5.708431	3.452442
85000	0.998949	0.000000	0.000000	5.708431	3.452442
90000	0.998372	0.000000	0.000000	5.708431	3.452441
95000	0.998741	0.000000	0.000000	5.708431	3.452442
100000	0.998051	0.000000	0.000000	5.708431	3.452441

var1: 0.000398	 var2: 0.000010
gen	A2		B2		diseq		zbar		sexrat
0	0.990000	0.010000			5.704076	
5000	0.000358	0.970531	0.000000	5.534321	3.391559
10000	0.000077	0.970382	0.000000	5.686045	3.443263
15000	0.000075	0.970215	0.000000	5.705921	3.450007
20000	0.000075	0.970045	0.000000	5.708563	3.450903
25000	0.000075	0.969874	0.000000	5.708915	3.451022
30000	0.000075	0.969702	0.000000	5.708962	3.451038
35000	0.000075	0.969529	0.000000	5.708969	3.451040
40000	0.000075	0.969356	0.000000	5.708969	3.451040
45000	0.000075	0.969181	0.000000	5.708970	3.451040
50000	0.000075	0.969005	0.000000	5.708970	3.451041
55000	0.000075	0.968829	0.000000	5.708970	3.451041
60000	0.000075	0.968651	0.000000	5.708970	3.451041
65000	0.000075	0.968473	0.000000	5.708970	3.451041
70000	0.000075	0.968293	0.000000	5.708969	3.451041
75000	0.000075	0.968113	0.000000	5.708969	3.451041
80000	0.000076	0.967932	0.000000	5.708969	3.451041
85000	0.000076	0.967749	0.000000	5.708969	3.451041
90000	0.000076	0.967566	0.000000	5.708969	3.451041
95000	0.000076	0.967382	0.000000	5.708969	3.451041
100000	0.000076	0.967197	0.000000	5.708969	3.451041

var1: 0.000398	 var2: 0.000063
gen	A2		B2		diseq		zbar		sexrat
0	0.990000	0.010000			5.704076	
5000	0.000370	0.969392	0.000000	5.534100	3.391052
10000	0.000077	0.967477	0.000000	5.686126	3.442854
15000	0.000076	0.965436	0.000000	5.706036	3.449611
20000	0.000077	0.963271	0.000000	5.708682	3.450509
25000	0.000077	0.960977	0.000000	5.709034	3.450630
30000	0.000078	0.958546	0.000000	5.709081	3.450647
35000	0.000078	0.955972	0.000000	5.709086	3.450651
40000	0.000079	0.953246	0.000000	5.709087	3.450653
45000	0.000079	0.950360	0.000000	5.709086	3.450654
50000	0.000080	0.947308	0.000000	5.709086	3.450656
55000	0.000081	0.944079	0.000000	5.709085	3.450658
60000	0.000082	0.940667	0.000000	5.709084	3.450660
65000	0.000082	0.937061	0.000000	5.709084	3.450662
70000	0.000083	0.933253	0.000000	5.709083	3.450664
75000	0.000084	0.929233	0.000000	5.709082	3.450666
80000	0.000085	0.924993	0.000000	5.709082	3.450668
85000	0.000086	0.920522	0.000000	5.709081	3.450671
90000	0.000088	0.915811	0.000000	5.709080	3.450674
95000	0.000089	0.910851	0.000000	5.709079	3.450676
100000	0.000090	0.905631	0.000000	5.709078	3.450679

var1: 0.000398	 var2: 0.000398
gen	A2		B2		diseq		zbar		sexrat
0	0.990000	0.010000			5.704076	
5000	0.000453	0.961250	0.000000	5.532636	3.387856
10000	0.000090	0.941891	0.000000	5.686608	3.440354
15000	0.000088	0.913864	0.000000	5.706725	3.447273
20000	0.000098	0.874174	0.000000	5.709365	3.448306
25000	0.000176	0.819852	0.000001	5.709673	3.448631
30000	0.000154	0.748807	0.000001	5.709697	3.448862
35000	0.000110	0.661322	0.000001	5.709682	3.449127
40000	0.000101	0.561253	0.000001	5.709651	3.449446
45000	0.000165	0.456007	0.000001	5.709599	3.449797
50000	0.000516	0.354589	0.000003	5.709548	3.450194
55000	0.000237	0.264720	0.000001	5.709522	3.450412
60000	0.000120	0.190835	0.000000	5.709516	3.450634
65000	0.000460	0.133999	0.000001	5.709463	3.450837
70000	0.000747	0.092071	0.000001	5.709449	3.450981
75000	0.000338	0.062383	0.000000	5.709449	3.451047
80000	0.000338	0.041734	0.000000	5.709450	3.451113
85000	0.000584	0.027764	0.000000	5.709438	3.451160
90000	0.001457	0.018516	0.000001	5.709415	3.451199
95000	0.004606	0.012637	0.000001	5.709367	3.451253
100000	0.016677	0.009501	0.000004	5.709228	3.451400

var1: 0.000398	 var2: 0.002512
gen	A2		B2		diseq		zbar		sexrat
0	0.990000	0.010000			5.704076	
5000	0.000215	0.856564	0.000001	5.519839	3.368225
10000	0.000588	0.282193	0.000003	5.687046	3.437718
15000	0.000940	0.025841	0.000001	5.706786	3.449811
20000	0.003635	0.001828	0.000000	5.709084	3.451118
25000	0.017767	0.001129	0.000000	5.709319	3.451360
30000	0.082305	0.001166	0.000002	5.709080	3.451956
35000	0.306493	0.002324	0.000011	5.707905	3.454123
40000	0.459126	0.149701	0.000740	5.672536	3.484771
45000	0.015060	0.077298	0.000025	5.687464	3.443028
50000	0.029773	0.007390	0.000005	5.706036	3.450359
55000	0.125643	0.001384	0.000004	5.708389	3.452191
60000	0.412999	0.004448	0.000025	5.706928	3.455520
65000	0.168981	0.263024	0.000652	5.643186	3.453284
70000	0.012595	0.040948	0.000012	5.696324	3.446371
75000	0.038702	0.003963	0.000003	5.707331	3.450915
80000	0.164477	0.001025	0.000003	5.708470	3.452601
85000	0.486345	0.008385	0.000048	5.705768	3.457221
90000	0.061152	0.238910	0.000251	5.649321	3.435639
95000	0.012037	0.027123	0.000007	5.699979	3.447779
100000	0.043548	0.002665	0.000003	5.707869	3.451148

var1: 0.000398	 var2: 0.015849
gen	A2		B2		diseq		zbar		sexrat
0	0.990000	0.010000			5.704076	
5000	0.997350	0.009562	0.000001	5.697176	3.461898
10000	0.998551	0.012569	0.000000	5.688426	3.460537
15000	0.998167	0.019053	0.000001	5.680591	3.461311
20000	0.998397	0.034895	0.000001	5.664173	3.464182
25000	0.997927	0.108216	0.000005	5.603826	3.483197
30000	0.146296	0.142440	0.000483	5.338431	3.319475
35000	0.389508	0.000527	0.000003	5.659426	3.438092
40000	0.760930	0.001083	0.000005	5.698670	3.455422
45000	0.940512	0.001032	0.000001	5.702293	3.458523
50000	0.987365	0.001380	0.000000	5.702057	3.459118
55000	0.997434	0.001387	0.000000	5.702062	3.459231
60000	0.998963	0.001526	0.000000	5.701900	3.459267
65000	0.998314	0.001714	0.000000	5.701655	3.459276
70000	0.998621	0.001922	0.000000	5.701362	3.459290
75000	0.998863	0.002168	0.000000	5.701017	3.459305
80000	0.998110	0.002480	0.000000	5.700605	3.459322
85000	0.998412	0.002838	0.000000	5.700108	3.459346
90000	0.998648	0.003281	0.000000	5.699500	3.459377
95000	0.998831	0.003841	0.000000	5.698741	3.459418
100000	0.998967	0.004569	0.000000	5.697770	3.459475

var1: 0.000398	 var2: 0.100000
gen	A2		B2		diseq		zbar		sexrat
0	0.990000	0.010000			5.704076	
5000	0.998044	0.000000	0.000000	5.709280	3.460961
10000	0.998332	0.000000	0.000000	5.704648	3.459387
15000	0.998583	0.000000	0.000000	5.704026	3.459178
20000	0.998797	0.000000	0.000000	5.703942	3.459151
25000	0.998979	0.000000	0.000000	5.703931	3.459149
30000	0.999134	0.000000	0.000000	5.703929	3.459150
35000	0.998416	0.000000	0.000000	5.703929	3.459143
40000	0.998656	0.000000	0.000000	5.703929	3.459146
45000	0.998859	0.000000	0.000000	5.703929	3.459148
50000	0.999032	0.000000	0.000000	5.703929	3.459149
55000	0.998330	0.000000	0.000000	5.703929	3.459142
60000	0.998583	0.000000	0.000000	5.703930	3.459145
65000	0.998797	0.000000	0.000000	5.703929	3.459147
70000	0.998979	0.000000	0.000000	5.703929	3.459149
75000	0.999134	0.000000	0.000000	5.703929	3.459150
80000	0.998416	0.000000	0.000000	5.703929	3.459143
85000	0.998656	0.000000	0.000000	5.703929	3.459146
90000	0.998859	0.000000	0.000000	5.703929	3.459148
95000	0.999032	0.000000	0.000000	5.703929	3.459149
100000	0.998330	0.000000	0.000000	5.703929	3.459142

var1: 0.002512	 var2: 0.000010
gen	A2		B2		diseq		zbar		sexrat
0	0.990000	0.010000			5.675360	
5000	0.217114	0.999578	0.000003	4.762470	3.272490
10000	0.000130	0.998417	0.000000	5.582881	3.408107
15000	0.000366	0.998409	0.000000	5.692260	3.445567
20000	0.000703	0.998401	0.000000	5.706658	3.450672
25000	0.000116	0.998392	0.000000	5.708598	3.450944
30000	0.000210	0.998383	0.000000	5.708830	3.451085
35000	0.000381	0.998375	0.000000	5.708851	3.451204
40000	0.000690	0.998366	0.000000	5.708864	3.451412
45000	0.000114	0.998357	0.000000	5.708892	3.451043
50000	0.000207	0.998349	0.000000	5.708870	3.451096
55000	0.000374	0.998340	0.000000	5.708857	3.451201
60000	0.000677	0.998331	0.000000	5.708864	3.451403
65000	0.000112	0.998322	0.000000	5.708893	3.451042
70000	0.000203	0.998313	0.000000	5.708870	3.451094
75000	0.000367	0.998304	0.000000	5.708857	3.451197
80000	0.000665	0.998295	0.000000	5.708863	3.451395
85000	0.000110	0.998286	0.000000	5.708894	3.451041
90000	0.000199	0.998277	0.000000	5.708871	3.451091
95000	0.000361	0.998268	0.000000	5.708857	3.451193
100000	0.000653	0.998259	0.000000	5.708863	3.451387

var1: 0.002512	 var2: 0.000063
gen	A2		B2		diseq		zbar		sexrat
0	0.990000	0.010000			5.675360	
5000	0.220897	0.999584	0.000003	4.758712	3.273512
10000	0.000136	0.998347	0.000000	5.582348	3.407476
15000	0.000383	0.998241	0.000000	5.692302	3.445141
20000	0.000735	0.998128	0.000000	5.706774	3.450282
25000	0.000122	0.998008	0.000000	5.708718	3.450538
30000	0.000221	0.997880	0.000000	5.708952	3.450683
35000	0.000400	0.997743	0.000000	5.708975	3.450808
40000	0.000727	0.997598	0.000000	5.708990	3.451028
45000	0.000123	0.997443	0.000000	5.709013	3.450639
50000	0.000230	0.997279	0.000000	5.708990	3.450702
55000	0.000428	0.997104	0.000000	5.708980	3.450829
60000	0.000798	0.996918	0.000000	5.708996	3.451077
65000	0.000136	0.996720	0.000000	5.709009	3.450647
70000	0.000254	0.996510	0.000000	5.708988	3.450717
75000	0.000484	0.996285	0.000000	5.708981	3.450866
80000	0.000929	0.996046	0.000000	5.709007	3.451166
85000	0.000163	0.995793	0.000000	5.709002	3.450663
90000	0.000312	0.995523	0.000000	5.708983	3.450754
95000	0.000607	0.995236	0.000000	5.708985	3.450948
100000	0.000109	0.994929	0.000000	5.709019	3.450634

var1: 0.002512	 var2: 0.000398
gen	A2		B2		diseq		zbar		sexrat
0	0.990000	0.010000			5.675360	
5000	0.245728	0.999619	0.000003	4.734998	3.280791
10000	0.000175	0.997847	0.000000	5.578858	3.403460
15000	0.000496	0.996711	0.000000	5.692557	3.442463
20000	0.000982	0.994985	0.000000	5.707506	3.447855
25000	0.000179	0.992362	0.000000	5.709473	3.448008
30000	0.000383	0.988385	0.000000	5.709717	3.448236
35000	0.000935	0.982369	0.000000	5.709776	3.448634
40000	0.000254	0.973329	0.000000	5.709758	3.448215
45000	0.001016	0.959834	0.000001	5.709781	3.448756
50000	0.000572	0.939950	0.000001	5.709743	3.448517
55000	0.000610	0.911121	0.000001	5.709734	3.448626
60000	0.000148	0.870354	0.000000	5.709742	3.448482
65000	0.000131	0.814708	0.000000	5.709729	3.448651
70000	0.000657	0.742303	0.000003	5.709676	3.449144
75000	0.000254	0.653617	0.000001	5.709646	3.449213
80000	0.000130	0.552740	0.000001	5.709647	3.449490
85000	0.000119	0.447350	0.000001	5.709632	3.449830
90000	0.000206	0.346580	0.000001	5.709593	3.450175
95000	0.000568	0.257584	0.000002	5.709551	3.450532
100000	0.016931	0.193908	0.000059	5.707730	3.453143

var1: 0.002512	 var2: 0.002512
gen	A2		B2		diseq		zbar		sexrat
0	0.990000	0.010000			5.675360	
5000	0.460871	0.999822	0.000002	4.572109	3.374968
10000	0.000129	0.986324	0.000000	5.544190	3.373808
15000	0.000168	0.825609	0.000001	5.692197	3.427845
20000	0.000511	0.240607	0.000002	5.709155	3.446108
25000	0.420462	0.051536	0.000273	5.699693	3.487074
30000	0.002019	0.722749	0.000010	5.549075	3.382062
35000	0.002999	0.148102	0.000009	5.689682	3.441838
40000	0.749869	0.417173	0.001072	5.588664	3.659944
45000	0.000360	0.458412	0.000002	5.634190	3.415971
50000	0.019346	0.055256	0.000023	5.699658	3.448615
55000	0.212104	0.862996	0.000548	5.374594	3.447338
60000	0.000508	0.366482	0.000003	5.661811	3.427373
65000	0.111068	0.045636	0.000100	5.701052	3.457522
70000	0.017509	0.798806	0.000072	5.478908	3.364912
75000	0.000189	0.210293	0.000001	5.681013	3.437132
80000	0.309131	0.031757	0.000152	5.700683	3.473062
85000	0.003836	0.822569	0.000014	5.497900	3.363439
90000	0.000185	0.233792	0.000001	5.683984	3.437641
95000	0.242654	0.031382	0.000129	5.702253	3.468027
100000	0.005867	0.828647	0.000021	5.486186	3.360434

var1: 0.002512	 var2: 0.015849
gen	A2		B2		diseq		zbar		sexrat
0	0.990000	0.010000			5.675360	
5000	0.999422	0.011055	0.000000	5.667552	3.505637
10000	0.999408	0.016653	0.000000	5.655732	3.504566
15000	0.999367	0.030978	0.000000	5.640360	3.507033
20000	0.999175	0.092438	0.000002	5.588742	3.522944
25000	0.953156	0.977373	0.000042	4.755591	3.757056
30000	0.006642	0.168267	0.000029	5.332308	3.299521
35000	0.993729	0.001670	0.000000	5.638033	3.489849
40000	0.999446	0.002619	0.000000	5.667210	3.500931
45000	0.999444	0.003397	0.000000	5.670222	3.502404
50000	0.999441	0.004363	0.000000	5.669499	3.502677
55000	0.999438	0.005732	0.000000	5.667830	3.502839
60000	0.999432	0.007817	0.000000	5.665262	3.503077
65000	0.999422	0.011299	0.000000	5.661119	3.503527
70000	0.999404	0.018040	0.000000	5.653558	3.504565
75000	0.999355	0.035218	0.000001	5.636223	3.507913
80000	0.999066	0.122350	0.000003	5.567187	3.532122
85000	0.865503	0.998956	0.000006	4.485355	3.596937
90000	0.020594	0.037451	0.000023	5.378794	3.334169
95000	0.998436	0.001358	0.000000	5.640546	3.490867
100000	0.999447	0.002107	0.000000	5.668126	3.500972

var1: 0.002512	 var2: 0.100000
gen	A2		B2		diseq		zbar		sexrat
0	0.990000	0.010000			5.675360	
5000	0.999453	0.000000	0.000000	5.680846	3.504263
10000	0.999453	0.000000	0.000000	5.676020	3.502581
15000	0.999453	0.000000	0.000000	5.675347	3.502346
20000	0.999453	0.000000	0.000000	5.675253	3.502313
25000	0.999453	0.000000	0.000000	5.675240	3.502309
30000	0.999453	0.000000	0.000000	5.675238	3.502308
35000	0.999453	0.000000	0.000000	5.675238	3.502308
40000	0.999453	0.000000	0.000000	5.675238	3.502308
45000	0.999453	0.000000	0.000000	5.675238	3.502308
50000	0.999453	0.000000	0.000000	5.675238	3.502308
55000	0.999453	0.000000	0.000000	5.675238	3.502308
60000	0.999453	0.000000	0.000000	5.675238	3.502308
65000	0.999453	0.000000	0.000000	5.675238	3.502308
70000	0.999453	0.000000	0.000000	5.675238	3.502308
75000	0.999453	0.000000	0.000000	5.675238	3.502308
80000	0.999453	0.000000	0.000000	5.675238	3.502308
85000	0.999453	0.000000	0.000000	5.675238	3.502308
90000	0.999453	0.000000	0.000000	5.675238	3.502308
95000	0.999453	0.000000	0.000000	5.675238	3.502308
100000	0.999453	0.000000	0.000000	5.675238	3.502308

var1: 0.015849	 var2: 0.000010
gen	A2		B2		diseq		zbar		sexrat
0	0.990000	0.010000			5.482288	
5000	0.999995	0.999986	0.000000	4.015729	4.141470
10000	0.999999	0.999998	0.000000	3.341827	3.877145
15000	0.999999	0.999999	0.000000	3.211907	3.824392
20000	0.999999	0.999999	0.000000	3.188455	3.814806
25000	0.999999	0.999999	0.000000	3.184277	3.813096
30000	0.999999	0.999999	0.000000	3.183534	3.812792
35000	0.999999	0.999999	0.000000	3.183402	3.812738
40000	0.999999	0.999999	0.000000	3.183379	3.812729
45000	0.999999	0.999999	0.000000	3.183375	3.812727
50000	0.999999	0.999999	0.000000	3.183374	3.812727
55000	0.999999	0.999999	0.000000	3.183374	3.812727
60000	0.999999	0.999999	0.000000	3.183374	3.812727
65000	0.999999	0.999999	0.000000	3.183374	3.812727
70000	0.999999	0.999999	0.000000	3.183374	3.812727
75000	0.999999	0.999999	0.000000	3.183374	3.812727
80000	0.999999	0.999999	0.000000	3.183374	3.812727
85000	0.999999	0.999999	0.000000	3.183374	3.812727
90000	0.999999	0.999999	0.000000	3.183374	3.812727
95000	0.999999	0.999999	0.000000	3.183374	3.812727
100000	0.999999	0.999999	0.000000	3.183374	3.812727

var1: 0.015849	 var2: 0.000063
gen	A2		B2		diseq		zbar		sexrat
0	0.990000	0.010000			5.482288	
5000	0.999995	0.999986	0.000000	4.017005	4.141424
10000	0.999999	0.999998	0.000000	3.342152	3.876741
15000	0.999999	0.999999	0.000000	3.212065	3.823920
20000	0.999999	0.999999	0.000000	3.188588	3.814324
25000	0.999999	0.999999	0.000000	3.184406	3.812613
30000	0.999999	0.999999	0.000000	3.183663	3.812309
35000	0.999999	0.999999	0.000000	3.183531	3.812255
40000	0.999999	0.999999	0.000000	3.183508	3.812245
45000	0.999999	0.999999	0.000000	3.183504	3.812244
50000	0.999999	0.999999	0.000000	3.183503	3.812243
55000	0.999999	0.999999	0.000000	3.183503	3.812243
60000	0.999999	0.999999	0.000000	3.183503	3.812243
65000	0.999999	0.999999	0.000000	3.183503	3.812243
70000	0.999999	0.999999	0.000000	3.183503	3.812243
75000	0.999999	0.999999	0.000000	3.183503	3.812243
80000	0.999999	0.999999	0.000000	3.183503	3.812243
85000	0.999999	0.999999	0.000000	3.183503	3.812243
90000	0.999999	0.999999	0.000000	3.183503	3.812243
95000	0.999999	0.999999	0.000000	3.183503	3.812243
100000	0.999999	0.999999	0.000000	3.183503	3.812243

var1: 0.015849	 var2: 0.000398
gen	A2		B2		diseq		zbar		sexrat
0	0.990000	0.010000			5.482288	
5000	0.999995	0.999985	0.000000	4.025288	4.141224
10000	0.999999	0.999998	0.000000	3.344245	3.874210
15000	0.999999	0.999999	0.000000	3.213067	3.820948
20000	0.999999	0.999999	0.000000	3.189426	3.811285
25000	0.999999	0.999999	0.000000	3.185222	3.809565
30000	0.999999	0.999999	0.000000	3.184476	3.809259
35000	0.999999	0.999999	0.000000	3.184344	3.809205
40000	0.999999	0.999999	0.000000	3.184321	3.809196
45000	0.999999	0.999999	0.000000	3.184317	3.809194
50000	0.999999	0.999999	0.000000	3.184316	3.809194
55000	0.999999	0.999999	0.000000	3.184316	3.809193
60000	0.999999	0.999999	0.000000	3.184316	3.809193
65000	0.999999	0.999999	0.000000	3.184316	3.809193
70000	0.999999	0.999999	0.000000	3.184316	3.809193
75000	0.999999	0.999999	0.000000	3.184316	3.809193
80000	0.999999	0.999999	0.000000	3.184316	3.809193
85000	0.999999	0.999999	0.000000	3.184316	3.809193
90000	0.999999	0.999999	0.000000	3.184316	3.809193
95000	0.999999	0.999999	0.000000	3.184316	3.809193
100000	0.999999	0.999999	0.000000	3.184316	3.809193

var1: 0.015849	 var2: 0.002512
gen	A2		B2		diseq		zbar		sexrat
0	0.990000	0.010000			5.482288	
5000	0.999994	0.999979	0.000000	4.088589	4.144103
10000	0.999999	0.999998	0.000000	3.359652	3.859123
15000	0.999999	0.999999	0.000000	3.219789	3.802358
20000	0.999999	0.999999	0.000000	3.194805	3.792146
25000	0.999999	0.999999	0.000000	3.190405	3.790345
30000	0.999999	0.999999	0.000000	3.189632	3.790029
35000	0.999999	0.999999	0.000000	3.189496	3.789973
40000	0.999999	0.999999	0.000000	3.189473	3.789963
45000	0.999999	0.999999	0.000000	3.189468	3.789961
50000	0.999999	0.999999	0.000000	3.189468	3.789961
55000	0.999999	0.999999	0.000000	3.189467	3.789961
60000	0.999999	0.999999	0.000000	3.189467	3.789961
65000	0.999999	0.999999	0.000000	3.189467	3.789961
70000	0.999999	0.999999	0.000000	3.189467	3.789961
75000	0.999999	0.999999	0.000000	3.189467	3.789961
80000	0.999999	0.999999	0.000000	3.189467	3.789961
85000	0.999999	0.999999	0.000000	3.189467	3.789961
90000	0.999999	0.999999	0.000000	3.189467	3.789961
95000	0.999999	0.999999	0.000000	3.189467	3.789961
100000	0.999999	0.999999	0.000000	3.189467	3.789961

var1: 0.015849	 var2: 0.015849
gen	A2		B2		diseq		zbar		sexrat
0	0.990000	0.010000			5.482288	
5000	0.999999	0.013437	0.000000	5.475547	3.818183
10000	0.999999	0.025305	0.000000	5.456805	3.818100
15000	0.999998	0.070511	0.000000	5.418372	3.831500
20000	0.999993	0.705427	0.000000	5.021372	4.119797
25000	0.999997	0.999984	0.000000	3.598970	3.820587
30000	0.999999	0.999995	0.000000	3.286893	3.695160
35000	0.999999	0.999996	0.000000	3.233495	3.673358
40000	0.999999	0.999996	0.000000	3.224653	3.669739
45000	0.999999	0.999996	0.000000	3.223198	3.669142
50000	0.999999	0.999996	0.000000	3.222958	3.669044
55000	0.999999	0.999996	0.000000	3.222919	3.669028
60000	0.999999	0.999996	0.000000	3.222912	3.669025
65000	0.999999	0.999996	0.000000	3.222911	3.669025
70000	0.999999	0.999996	0.000000	3.222911	3.669025
75000	0.999999	0.999996	0.000000	3.222911	3.669025
80000	0.999999	0.999996	0.000000	3.222911	3.669025
85000	0.999999	0.999996	0.000000	3.222911	3.669025
90000	0.999999	0.999996	0.000000	3.222911	3.669025
95000	0.999999	0.999996	0.000000	3.222911	3.669025
100000	0.999999	0.999996	0.000000	3.222911	3.669025

var1: 0.015849	 var2: 0.100000
gen	A2		B2		diseq		zbar		sexrat
0	0.990000	0.010000			5.482288	
5000	0.999999	0.000001	0.000000	5.489826	3.815470
10000	0.999999	0.000001	0.000000	5.483522	3.812890
15000	0.999999	0.000001	0.000000	5.482402	3.812432
20000	0.999999	0.000001	0.000000	5.482204	3.812351
25000	0.999999	0.000001	0.000000	5.482168	3.812336
30000	0.999999	0.000001	0.000000	5.482162	3.812334
35000	0.999999	0.000001	0.000000	5.482161	3.812333
40000	0.999999	0.000001	0.000000	5.482161	3.812333
45000	0.999999	0.000001	0.000000	5.482161	3.812333
50000	0.999999	0.000001	0.000000	5.482161	3.812333
55000	0.999999	0.000001	0.000000	5.482161	3.812333
60000	0.999999	0.000001	0.000000	5.482161	3.812333
65000	0.999999	0.000001	0.000000	5.482161	3.812333
70000	0.999999	0.000001	0.000000	5.482161	3.812333
75000	0.999999	0.000001	0.000000	5.482161	3.812333
80000	0.999999	0.000001	0.000000	5.482161	3.812333
85000	0.999999	0.000001	0.000000	5.482161	3.812333
90000	0.999999	0.000001	0.000000	5.482161	3.812333
95000	0.999999	0.000001	0.000000	5.482161	3.812333
100000	0.999999	0.000001	0.000000	5.482161	3.812333

var1: 0.100000	 var2: 0.000010
gen	A2		B2		diseq		zbar		sexrat
0	0.990000	0.010000			3.137882	
5000	1.000000	0.936336	0.000000	3.124699	26.164079
10000	1.000000	0.999235	0.000000	2.810436	25.663019
15000	1.000000	0.999424	0.000000	2.530379	24.555689
20000	1.000000	0.999556	0.000000	2.285458	23.565236
25000	1.000000	0.999650	0.000000	2.072261	22.686062
30000	1.000000	0.999718	0.000000	1.887516	21.911240
35000	1.000000	0.999768	0.000000	1.728119	21.232928
40000	1.000000	0.999807	0.000000	1.591160	20.642763
45000	1.000000	0.999836	0.000000	1.473933	20.132193
50000	1.000000	0.999858	0.000000	1.373955	19.692752
55000	1.000000	0.999875	0.000000	1.288967	19.316285
60000	1.000000	0.999889	0.000000	1.216935	18.995101
65000	1.000000	0.999899	0.000000	1.156046	18.722087
70000	1.000000	0.999908	0.000000	1.104697	18.490766
75000	1.000000	0.999915	0.000000	1.061484	18.295322
80000	1.000000	0.999920	0.000000	1.025183	18.130592
85000	1.000000	0.999924	0.000000	0.994736	17.992041
90000	1.000000	0.999928	0.000000	0.969234	17.875718
95000	1.000000	0.999931	0.000000	0.947898	17.778207
100000	1.000000	0.999933	0.000000	0.930064	17.696572

var1: 0.100000	 var2: 0.000063
gen	A2		B2		diseq		zbar		sexrat
0	0.990000	0.010000			3.137882	
5000	1.000000	0.935641	0.000000	3.125020	26.152910
10000	1.000000	0.999233	0.000000	2.810726	25.659140
15000	1.000000	0.999423	0.000000	2.530590	24.551517
20000	1.000000	0.999555	0.000000	2.285604	23.560808
25000	1.000000	0.999649	0.000000	2.072355	22.681420
30000	1.000000	0.999718	0.000000	1.887570	21.906426
35000	1.000000	0.999768	0.000000	1.728144	21.227982
40000	1.000000	0.999806	0.000000	1.591163	20.637720
45000	1.000000	0.999835	0.000000	1.473923	20.127085
50000	1.000000	0.999858	0.000000	1.373937	19.687606
55000	1.000000	0.999875	0.000000	1.288946	19.311122
60000	1.000000	0.999889	0.000000	1.216916	18.989940
65000	1.000000	0.999899	0.000000	1.156031	18.716941
70000	1.000000	0.999908	0.000000	1.104689	18.485645
75000	1.000000	0.999914	0.000000	1.061483	18.290232
80000	1.000000	0.999920	0.000000	1.025190	18.125539
85000	1.000000	0.999924	0.000000	0.994752	17.987026
90000	1.000000	0.999928	0.000000	0.969258	17.870742
95000	1.000000	0.999931	0.000000	0.947931	17.773269
100000	1.000000	0.999933	0.000000	0.930106	17.691671

var1: 0.100000	 var2: 0.000398
gen	A2		B2		diseq		zbar		sexrat
0	0.990000	0.010000			3.137882	
5000	1.000000	0.931080	0.000000	3.127064	26.080781
10000	1.000000	0.999220	0.000000	2.812587	25.634786
15000	1.000000	0.999417	0.000000	2.531948	24.525307
20000	1.000000	0.999551	0.000000	2.286550	23.532964
25000	1.000000	0.999646	0.000000	2.072971	22.652214
30000	1.000000	0.999715	0.000000	1.887929	21.876124
35000	1.000000	0.999766	0.000000	1.728312	21.196834
40000	1.000000	0.999805	0.000000	1.591197	20.605955
45000	1.000000	0.999834	0.000000	1.473869	20.094902
50000	1.000000	0.999857	0.000000	1.373834	19.655176
55000	1.000000	0.999874	0.000000	1.288826	19.278585
60000	1.000000	0.999888	0.000000	1.216802	18.957408
65000	1.000000	0.999899	0.000000	1.155943	18.684500
70000	1.000000	0.999907	0.000000	1.104638	18.453358
75000	1.000000	0.999914	0.000000	1.061480	18.258143
80000	1.000000	0.999919	0.000000	1.025239	18.093674
85000	1.000000	0.999924	0.000000	0.994856	17.955401
90000	1.000000	0.999927	0.000000	0.969417	17.839362
95000	1.000000	0.999930	0.000000	0.948143	17.742130
100000	1.000000	0.999933	0.000000	0.930370	17.660765

var1: 0.100000	 var2: 0.002512
gen	A2		B2		diseq		zbar		sexrat
0	0.990000	0.010000			3.137882	
5000	1.000000	0.894171	0.000000	3.140610	25.550182
10000	1.000000	0.999156	0.000000	2.825667	25.486608
15000	1.000000	0.999373	0.000000	2.541674	24.364533
20000	1.000000	0.999522	0.000000	2.293509	23.361317
25000	1.000000	0.999625	0.000000	2.077701	22.471448
30000	1.000000	0.999700	0.000000	1.890917	21.687969
35000	1.000000	0.999755	0.000000	1.729986	21.002926
40000	1.000000	0.999796	0.000000	1.591928	20.407785
45000	1.000000	0.999827	0.000000	1.473971	19.893784
50000	1.000000	0.999851	0.000000	1.373567	19.452234
55000	1.000000	0.999869	0.000000	1.288396	19.074748
60000	1.000000	0.999884	0.000000	1.216373	18.753419
65000	1.000000	0.999895	0.000000	1.155636	18.480934
70000	1.000000	0.999904	0.000000	1.104543	18.250639
75000	1.000000	0.999911	0.000000	1.061656	18.056568
80000	1.000000	0.999917	0.000000	1.025724	17.893433
85000	1.000000	0.999921	0.000000	0.995669	17.756601
90000	1.000000	0.999925	0.000000	0.970564	17.642042
95000	1.000000	0.999928	0.000000	0.949619	17.546281
100000	1.000000	0.999930	0.000000	0.932162	17.466341

var1: 0.100000	 var2: 0.015849
gen	A2		B2		diseq		zbar		sexrat
0	0.990000	0.010000			3.137882	
5000	1.000000	0.252976	0.000000	3.216577	19.423684
10000	1.000000	0.940103	0.000000	3.023290	24.421211
15000	1.000000	0.999147	0.000000	2.708578	23.771563
20000	1.000000	0.999143	0.000000	2.428262	22.646988
25000	1.000000	0.999374	0.000000	2.185381	21.653533
30000	1.000000	0.999526	0.000000	1.976109	20.780718
35000	1.000000	0.999629	0.000000	1.796855	20.020590
40000	1.000000	0.999702	0.000000	1.644180	19.363985
45000	1.000000	0.999754	0.000000	1.514838	18.801058
50000	1.000000	0.999793	0.000000	1.405811	18.321751
55000	1.000000	0.999822	0.000000	1.314328	17.916168
60000	1.000000	0.999844	0.000000	1.237886	17.574866
65000	1.000000	0.999861	0.000000	1.174248	17.289058
70000	1.000000	0.999874	0.000000	1.121443	17.050740
75000	1.000000	0.999884	0.000000	1.077751	16.852752
80000	1.000000	0.999892	0.000000	1.041688	16.688788
85000	1.000000	0.999898	0.000000	1.011984	16.553366
90000	1.000000	0.999903	0.000000	0.987562	16.441771
95000	1.000000	0.999907	0.000000	0.967513	16.349985
100000	1.000000	0.999910	0.000000	0.951074	16.274611

var1: 0.100000	 var2: 0.100000
gen	A2		B2		diseq		zbar		sexrat
0	0.990000	0.010000			3.137882	
5000	1.000000	0.000247	0.000000	3.232167	17.708201
10000	1.000000	0.000247	0.000000	3.216468	17.636222
15000	1.000000	0.000248	0.000000	3.203366	17.576081
20000	1.000000	0.000248	0.000000	3.192439	17.525873
25000	1.000000	0.000248	0.000000	3.183331	17.483985
30000	1.000000	0.000248	0.000000	3.175742	17.449060
35000	1.000000	0.000249	0.000000	3.169421	17.419954
40000	1.000000	0.000249	0.000000	3.164158	17.395707
45000	1.000000	0.000249	0.000000	3.159777	17.375516
50000	1.000000	0.000249	0.000000	3.156131	17.358707
55000	1.000000	0.000249	0.000000	3.153097	17.344716
60000	1.000000	0.000249	0.000000	3.150573	17.333074
65000	1.000000	0.000249	0.000000	3.148474	17.323387
70000	1.000000	0.000249	0.000000	3.146727	17.315329
75000	1.000000	0.000250	0.000000	3.145275	17.308626
80000	1.000000	0.000250	0.000000	3.144067	17.303051
85000	1.000000	0.000250	0.000000	3.143062	17.298415
90000	1.000000	0.000250	0.000000	3.142227	17.294559
95000	1.000000	0.000250	0.000000	3.141533	17.291353
100000	1.000000	0.000250	0.000000	3.140955	17.288687

