
########################### Run 1 ######################
var1: 0.000000	 var2: 0.000000
gen	A2		B2		diseq		zbar		sexrat
0	0.990000	0.000000			3.000000	
5000	0.990000	0.000000	0.000000	6.331108	0.644552
10000	0.990000	0.000000	0.000000	7.681908	0.600618
15000	0.990000	0.000000	0.000000	8.468527	0.577931
20000	0.990000	0.000000	0.000000	8.971572	0.564388
25000	0.990000	0.000000	0.000000	9.308169	0.555712
30000	0.990000	0.000000	0.000000	9.539296	0.549924
35000	0.990000	0.000000	0.000000	9.700577	0.545964
40000	0.990000	0.000000	0.000000	9.814309	0.543209
45000	0.990000	0.000000	0.000000	9.895082	0.541272
50000	0.990000	0.000000	0.000000	9.952729	0.539898
55000	0.990000	0.000000	0.000000	9.994012	0.538919
60000	0.990000	0.000000	0.000000	10.023646	0.538219
65000	0.990000	0.000000	0.000000	10.044956	0.537717
70000	0.990000	0.000000	0.000000	10.060299	0.537356
75000	0.990000	0.000000	0.000000	10.071354	0.537096
80000	0.990000	0.000000	0.000000	10.079326	0.536909
85000	0.990000	0.000000	0.000000	10.085076	0.536774
90000	0.990000	0.000000	0.000000	10.089226	0.536677
95000	0.990000	0.000000	0.000000	10.092221	0.536607
100000	0.990000	0.000000	0.000000	10.094383	0.536556

var1: 0.000000	 var2: 0.100000
gen	A2		B2		diseq		zbar		sexrat
0	0.990000	0.000000			3.000000	
5000	0.990000	0.000000	0.000000	6.331108	0.644552
10000	0.990000	0.000000	0.000000	7.681908	0.600618
15000	0.990000	0.000000	0.000000	8.468527	0.577931
20000	0.990000	0.000000	0.000000	8.971572	0.564388
25000	0.990000	0.000000	0.000000	9.308169	0.555712
30000	0.990000	0.000000	0.000000	9.539296	0.549924
35000	0.990000	0.000000	0.000000	9.700577	0.545964
40000	0.990000	0.000000	0.000000	9.814309	0.543209
45000	0.990000	0.000000	0.000000	9.895082	0.541272
50000	0.990000	0.000000	0.000000	9.952729	0.539898
55000	0.990000	0.000000	0.000000	9.994012	0.538919
60000	0.990000	0.000000	0.000000	10.023646	0.538219
65000	0.990000	0.000000	0.000000	10.044956	0.537717
70000	0.990000	0.000000	0.000000	10.060299	0.537356
75000	0.990000	0.000000	0.000000	10.071354	0.537096
80000	0.990000	0.000000	0.000000	10.079326	0.536909
85000	0.990000	0.000000	0.000000	10.085076	0.536774
90000	0.990000	0.000000	0.000000	10.089226	0.536677
95000	0.990000	0.000000	0.000000	10.092221	0.536607
100000	0.990000	0.000000	0.000000	10.094383	0.536556

var1: 0.000000	 var2: 0.200000
gen	A2		B2		diseq		zbar		sexrat
0	0.990000	0.000000			3.000000	
5000	0.990000	0.000000	0.000000	6.331108	0.644552
10000	0.990000	0.000000	0.000000	7.681908	0.600618
15000	0.990000	0.000000	0.000000	8.468527	0.577931
20000	0.990000	0.000000	0.000000	8.971572	0.564388
25000	0.990000	0.000000	0.000000	9.308169	0.555712
30000	0.990000	0.000000	0.000000	9.539296	0.549924
35000	0.990000	0.000000	0.000000	9.700577	0.545964
40000	0.990000	0.000000	0.000000	9.814309	0.543209
45000	0.990000	0.000000	0.000000	9.895082	0.541272
50000	0.990000	0.000000	0.000000	9.952729	0.539898
55000	0.990000	0.000000	0.000000	9.994012	0.538919
60000	0.990000	0.000000	0.000000	10.023646	0.538219
65000	0.990000	0.000000	0.000000	10.044956	0.537717
70000	0.990000	0.000000	0.000000	10.060299	0.537356
75000	0.990000	0.000000	0.000000	10.071354	0.537096
80000	0.990000	0.000000	0.000000	10.079326	0.536909
85000	0.990000	0.000000	0.000000	10.085076	0.536774
90000	0.990000	0.000000	0.000000	10.089226	0.536677
95000	0.990000	0.000000	0.000000	10.092221	0.536607
100000	0.990000	0.000000	0.000000	10.094383	0.536556

var1: 0.000000	 var2: 0.300000
gen	A2		B2		diseq		zbar		sexrat
0	0.990000	0.000000			3.000000	
5000	0.990000	0.000000	0.000000	6.331108	0.644552
10000	0.990000	0.000000	0.000000	7.681908	0.600618
15000	0.990000	0.000000	0.000000	8.468527	0.577931
20000	0.990000	0.000000	0.000000	8.971572	0.564388
25000	0.990000	0.000000	0.000000	9.308169	0.555712
30000	0.990000	0.000000	0.000000	9.539296	0.549924
35000	0.990000	0.000000	0.000000	9.700577	0.545964
40000	0.990000	0.000000	0.000000	9.814309	0.543209
45000	0.990000	0.000000	0.000000	9.895082	0.541272
50000	0.990000	0.000000	0.000000	9.952729	0.539898
55000	0.990000	0.000000	0.000000	9.994012	0.538919
60000	0.990000	0.000000	0.000000	10.023646	0.538219
65000	0.990000	0.000000	0.000000	10.044956	0.537717
70000	0.990000	0.000000	0.000000	10.060299	0.537356
75000	0.990000	0.000000	0.000000	10.071354	0.537096
80000	0.990000	0.000000	0.000000	10.079326	0.536909
85000	0.990000	0.000000	0.000000	10.085076	0.536774
90000	0.990000	0.000000	0.000000	10.089226	0.536677
95000	0.990000	0.000000	0.000000	10.092221	0.536607
100000	0.990000	0.000000	0.000000	10.094383	0.536556

var1: 0.000000	 var2: 0.400000
gen	A2		B2		diseq		zbar		sexrat
0	0.990000	0.000000			3.000000	
5000	0.990000	0.000000	0.000000	6.331108	0.644552
10000	0.990000	0.000000	0.000000	7.681908	0.600618
15000	0.990000	0.000000	0.000000	8.468527	0.577931
20000	0.990000	0.000000	0.000000	8.971572	0.564388
25000	0.990000	0.000000	0.000000	9.308169	0.555712
30000	0.990000	0.000000	0.000000	9.539296	0.549924
35000	0.990000	0.000000	0.000000	9.700577	0.545964
40000	0.990000	0.000000	0.000000	9.814309	0.543209
45000	0.990000	0.000000	0.000000	9.895082	0.541272
50000	0.990000	0.000000	0.000000	9.952729	0.539898
55000	0.990000	0.000000	0.000000	9.994012	0.538919
60000	0.990000	0.000000	0.000000	10.023646	0.538219
65000	0.990000	0.000000	0.000000	10.044956	0.537717
70000	0.990000	0.000000	0.000000	10.060299	0.537356
75000	0.990000	0.000000	0.000000	10.071354	0.537096
80000	0.990000	0.000000	0.000000	10.079326	0.536909
85000	0.990000	0.000000	0.000000	10.085076	0.536774
90000	0.990000	0.000000	0.000000	10.089226	0.536677
95000	0.990000	0.000000	0.000000	10.092221	0.536607
100000	0.990000	0.000000	0.000000	10.094383	0.536556

var1: 0.000000	 var2: 0.500000
gen	A2		B2		diseq		zbar		sexrat
0	0.990000	0.000000			3.000000	
5000	0.990000	0.000000	0.000000	6.331108	0.644552
10000	0.990000	0.000000	0.000000	7.681908	0.600618
15000	0.990000	0.000000	0.000000	8.468527	0.577931
20000	0.990000	0.000000	0.000000	8.971572	0.564388
25000	0.990000	0.000000	0.000000	9.308169	0.555712
30000	0.990000	0.000000	0.000000	9.539296	0.549924
35000	0.990000	0.000000	0.000000	9.700577	0.545964
40000	0.990000	0.000000	0.000000	9.814309	0.543209
45000	0.990000	0.000000	0.000000	9.895082	0.541272
50000	0.990000	0.000000	0.000000	9.952729	0.539898
55000	0.990000	0.000000	0.000000	9.994012	0.538919
60000	0.990000	0.000000	0.000000	10.023646	0.538219
65000	0.990000	0.000000	0.000000	10.044956	0.537717
70000	0.990000	0.000000	0.000000	10.060299	0.537356
75000	0.990000	0.000000	0.000000	10.071354	0.537096
80000	0.990000	0.000000	0.000000	10.079326	0.536909
85000	0.990000	0.000000	0.000000	10.085076	0.536774
90000	0.990000	0.000000	0.000000	10.089226	0.536677
95000	0.990000	0.000000	0.000000	10.092221	0.536607
100000	0.990000	0.000000	0.000000	10.094383	0.536556

var1: 0.000000	 var2: 0.600000
gen	A2		B2		diseq		zbar		sexrat
0	0.990000	0.000000			3.000000	
5000	0.990000	0.000000	0.000000	6.331108	0.644552
10000	0.990000	0.000000	0.000000	7.681908	0.600618
15000	0.990000	0.000000	0.000000	8.468527	0.577931
20000	0.990000	0.000000	0.000000	8.971572	0.564388
25000	0.990000	0.000000	0.000000	9.308169	0.555712
30000	0.990000	0.000000	0.000000	9.539296	0.549924
35000	0.990000	0.000000	0.000000	9.700577	0.545964
40000	0.990000	0.000000	0.000000	9.814309	0.543209
45000	0.990000	0.000000	0.000000	9.895082	0.541272
50000	0.990000	0.000000	0.000000	9.952729	0.539898
55000	0.990000	0.000000	0.000000	9.994012	0.538919
60000	0.990000	0.000000	0.000000	10.023646	0.538219
65000	0.990000	0.000000	0.000000	10.044956	0.537717
70000	0.990000	0.000000	0.000000	10.060299	0.537356
75000	0.990000	0.000000	0.000000	10.071354	0.537096
80000	0.990000	0.000000	0.000000	10.079326	0.536909
85000	0.990000	0.000000	0.000000	10.085076	0.536774
90000	0.990000	0.000000	0.000000	10.089226	0.536677
95000	0.990000	0.000000	0.000000	10.092221	0.536607
100000	0.990000	0.000000	0.000000	10.094383	0.536556

var1: 0.000000	 var2: 0.700000
gen	A2		B2		diseq		zbar		sexrat
0	0.990000	0.000000			3.000000	
5000	0.990000	0.000000	0.000000	6.331108	0.644552
10000	0.990000	0.000000	0.000000	7.681908	0.600618
15000	0.990000	0.000000	0.000000	8.468527	0.577931
20000	0.990000	0.000000	0.000000	8.971572	0.564388
25000	0.990000	0.000000	0.000000	9.308169	0.555712
30000	0.990000	0.000000	0.000000	9.539296	0.549924
35000	0.990000	0.000000	0.000000	9.700577	0.545964
40000	0.990000	0.000000	0.000000	9.814309	0.543209
45000	0.990000	0.000000	0.000000	9.895082	0.541272
50000	0.990000	0.000000	0.000000	9.952729	0.539898
55000	0.990000	0.000000	0.000000	9.994012	0.538919
60000	0.990000	0.000000	0.000000	10.023646	0.538219
65000	0.990000	0.000000	0.000000	10.044956	0.537717
70000	0.990000	0.000000	0.000000	10.060299	0.537356
75000	0.990000	0.000000	0.000000	10.071354	0.537096
80000	0.990000	0.000000	0.000000	10.079326	0.536909
85000	0.990000	0.000000	0.000000	10.085076	0.536774
90000	0.990000	0.000000	0.000000	10.089226	0.536677
95000	0.990000	0.000000	0.000000	10.092221	0.536607
100000	0.990000	0.000000	0.000000	10.094383	0.536556

var1: 0.000000	 var2: 0.800000
gen	A2		B2		diseq		zbar		sexrat
0	0.990000	0.000000			3.000000	
5000	0.990000	0.000000	0.000000	6.331108	0.644552
10000	0.990000	0.000000	0.000000	7.681908	0.600618
15000	0.990000	0.000000	0.000000	8.468527	0.577931
20000	0.990000	0.000000	0.000000	8.971572	0.564388
25000	0.990000	0.000000	0.000000	9.308169	0.555712
30000	0.990000	0.000000	0.000000	9.539296	0.549924
35000	0.990000	0.000000	0.000000	9.700577	0.545964
40000	0.990000	0.000000	0.000000	9.814309	0.543209
45000	0.990000	0.000000	0.000000	9.895082	0.541272
50000	0.990000	0.000000	0.000000	9.952729	0.539898
55000	0.990000	0.000000	0.000000	9.994012	0.538919
60000	0.990000	0.000000	0.000000	10.023646	0.538219
65000	0.990000	0.000000	0.000000	10.044956	0.537717
70000	0.990000	0.000000	0.000000	10.060299	0.537356
75000	0.990000	0.000000	0.000000	10.071354	0.537096
80000	0.990000	0.000000	0.000000	10.079326	0.536909
85000	0.990000	0.000000	0.000000	10.085076	0.536774
90000	0.990000	0.000000	0.000000	10.089226	0.536677
95000	0.990000	0.000000	0.000000	10.092221	0.536607
100000	0.990000	0.000000	0.000000	10.094383	0.536556

var1: 0.000000	 var2: 0.900000
gen	A2		B2		diseq		zbar		sexrat
0	0.990000	0.000000			3.000000	
5000	0.990000	0.000000	0.000000	6.331108	0.644552
10000	0.990000	0.000000	0.000000	7.681908	0.600618
15000	0.990000	0.000000	0.000000	8.468527	0.577931
20000	0.990000	0.000000	0.000000	8.971572	0.564388
25000	0.990000	0.000000	0.000000	9.308169	0.555712
30000	0.990000	0.000000	0.000000	9.539296	0.549924
35000	0.990000	0.000000	0.000000	9.700577	0.545964
40000	0.990000	0.000000	0.000000	9.814309	0.543209
45000	0.990000	0.000000	0.000000	9.895082	0.541272
50000	0.990000	0.000000	0.000000	9.952729	0.539898
55000	0.990000	0.000000	0.000000	9.994012	0.538919
60000	0.990000	0.000000	0.000000	10.023646	0.538219
65000	0.990000	0.000000	0.000000	10.044956	0.537717
70000	0.990000	0.000000	0.000000	10.060299	0.537356
75000	0.990000	0.000000	0.000000	10.071354	0.537096
80000	0.990000	0.000000	0.000000	10.079326	0.536909
85000	0.990000	0.000000	0.000000	10.085076	0.536774
90000	0.990000	0.000000	0.000000	10.089226	0.536677
95000	0.990000	0.000000	0.000000	10.092221	0.536607
100000	0.990000	0.000000	0.000000	10.094383	0.536556

var1: 0.000000	 var2: 1.000000
gen	A2		B2		diseq		zbar		sexrat
0	0.990000	0.000000			3.000000	
5000	0.990000	0.000000	0.000000	6.331108	0.644552
10000	0.990000	0.000000	0.000000	7.681908	0.600618
15000	0.990000	0.000000	0.000000	8.468527	0.577931
20000	0.990000	0.000000	0.000000	8.971572	0.564388
25000	0.990000	0.000000	0.000000	9.308169	0.555712
30000	0.990000	0.000000	0.000000	9.539296	0.549924
35000	0.990000	0.000000	0.000000	9.700577	0.545964
40000	0.990000	0.000000	0.000000	9.814309	0.543209
45000	0.990000	0.000000	0.000000	9.895082	0.541272
50000	0.990000	0.000000	0.000000	9.952729	0.539898
55000	0.990000	0.000000	0.000000	9.994012	0.538919
60000	0.990000	0.000000	0.000000	10.023646	0.538219
65000	0.990000	0.000000	0.000000	10.044956	0.537717
70000	0.990000	0.000000	0.000000	10.060299	0.537356
75000	0.990000	0.000000	0.000000	10.071354	0.537096
80000	0.990000	0.000000	0.000000	10.079326	0.536909
85000	0.990000	0.000000	0.000000	10.085076	0.536774
90000	0.990000	0.000000	0.000000	10.089226	0.536677
95000	0.990000	0.000000	0.000000	10.092221	0.536607
100000	0.990000	0.000000	0.000000	10.094383	0.536556

var1: 0.000000	 var2: 1.100000
gen	A2		B2		diseq		zbar		sexrat
0	0.990000	0.000000			3.000000	
5000	0.990000	0.000000	0.000000	6.331108	0.644552
10000	0.990000	0.000000	0.000000	7.681908	0.600618
15000	0.990000	0.000000	0.000000	8.468527	0.577931
20000	0.990000	0.000000	0.000000	8.971572	0.564388
25000	0.990000	0.000000	0.000000	9.308169	0.555712
30000	0.990000	0.000000	0.000000	9.539296	0.549924
35000	0.990000	0.000000	0.000000	9.700577	0.545964
40000	0.990000	0.000000	0.000000	9.814309	0.543209
45000	0.990000	0.000000	0.000000	9.895082	0.541272
50000	0.990000	0.000000	0.000000	9.952729	0.539898
55000	0.990000	0.000000	0.000000	9.994012	0.538919
60000	0.990000	0.000000	0.000000	10.023646	0.538219
65000	0.990000	0.000000	0.000000	10.044956	0.537717
70000	0.990000	0.000000	0.000000	10.060299	0.537356
75000	0.990000	0.000000	0.000000	10.071354	0.537096
80000	0.990000	0.000000	0.000000	10.079326	0.536909
85000	0.990000	0.000000	0.000000	10.085076	0.536774
90000	0.990000	0.000000	0.000000	10.089226	0.536677
95000	0.990000	0.000000	0.000000	10.092221	0.536607
100000	0.990000	0.000000	0.000000	10.094383	0.536556

var1: 0.000000	 var2: 1.200000
gen	A2		B2		diseq		zbar		sexrat
0	0.990000	0.000000			3.000000	
5000	0.990000	0.000000	0.000000	6.331108	0.644552
10000	0.990000	0.000000	0.000000	7.681908	0.600618
15000	0.990000	0.000000	0.000000	8.468527	0.577931
20000	0.990000	0.000000	0.000000	8.971572	0.564388
25000	0.990000	0.000000	0.000000	9.308169	0.555712
30000	0.990000	0.000000	0.000000	9.539296	0.549924
35000	0.990000	0.000000	0.000000	9.700577	0.545964
40000	0.990000	0.000000	0.000000	9.814309	0.543209
45000	0.990000	0.000000	0.000000	9.895082	0.541272
50000	0.990000	0.000000	0.000000	9.952729	0.539898
55000	0.990000	0.000000	0.000000	9.994012	0.538919
60000	0.990000	0.000000	0.000000	10.023646	0.538219
65000	0.990000	0.000000	0.000000	10.044956	0.537717
70000	0.990000	0.000000	0.000000	10.060299	0.537356
75000	0.990000	0.000000	0.000000	10.071354	0.537096
80000	0.990000	0.000000	0.000000	10.079326	0.536909
85000	0.990000	0.000000	0.000000	10.085076	0.536774
90000	0.990000	0.000000	0.000000	10.089226	0.536677
95000	0.990000	0.000000	0.000000	10.092221	0.536607
100000	0.990000	0.000000	0.000000	10.094383	0.536556

var1: 0.000000	 var2: 1.300000
gen	A2		B2		diseq		zbar		sexrat
0	0.990000	0.000000			3.000000	
5000	0.990000	0.000000	0.000000	6.331108	0.644552
10000	0.990000	0.000000	0.000000	7.681908	0.600618
15000	0.990000	0.000000	0.000000	8.468527	0.577931
20000	0.990000	0.000000	0.000000	8.971572	0.564388
25000	0.990000	0.000000	0.000000	9.308169	0.555712
30000	0.990000	0.000000	0.000000	9.539296	0.549924
35000	0.990000	0.000000	0.000000	9.700577	0.545964
40000	0.990000	0.000000	0.000000	9.814309	0.543209
45000	0.990000	0.000000	0.000000	9.895082	0.541272
50000	0.990000	0.000000	0.000000	9.952729	0.539898
55000	0.990000	0.000000	0.000000	9.994012	0.538919
60000	0.990000	0.000000	0.000000	10.023646	0.538219
65000	0.990000	0.000000	0.000000	10.044956	0.537717
70000	0.990000	0.000000	0.000000	10.060299	0.537356
75000	0.990000	0.000000	0.000000	10.071354	0.537096
80000	0.990000	0.000000	0.000000	10.079326	0.536909
85000	0.990000	0.000000	0.000000	10.085076	0.536774
90000	0.990000	0.000000	0.000000	10.089226	0.536677
95000	0.990000	0.000000	0.000000	10.092221	0.536607
100000	0.990000	0.000000	0.000000	10.094383	0.536556

var1: 0.000000	 var2: 1.400000
gen	A2		B2		diseq		zbar		sexrat
0	0.990000	0.000000			3.000000	
5000	0.990000	0.000000	0.000000	6.331108	0.644552
10000	0.990000	0.000000	0.000000	7.681908	0.600618
15000	0.990000	0.000000	0.000000	8.468527	0.577931
20000	0.990000	0.000000	0.000000	8.971572	0.564388
25000	0.990000	0.000000	0.000000	9.308169	0.555712
30000	0.990000	0.000000	0.000000	9.539296	0.549924
35000	0.990000	0.000000	0.000000	9.700577	0.545964
40000	0.990000	0.000000	0.000000	9.814309	0.543209
45000	0.990000	0.000000	0.000000	9.895082	0.541272
50000	0.990000	0.000000	0.000000	9.952729	0.539898
55000	0.990000	0.000000	0.000000	9.994012	0.538919
60000	0.990000	0.000000	0.000000	10.023646	0.538219
65000	0.990000	0.000000	0.000000	10.044956	0.537717
70000	0.990000	0.000000	0.000000	10.060299	0.537356
75000	0.990000	0.000000	0.000000	10.071354	0.537096
80000	0.990000	0.000000	0.000000	10.079326	0.536909
85000	0.990000	0.000000	0.000000	10.085076	0.536774
90000	0.990000	0.000000	0.000000	10.089226	0.536677
95000	0.990000	0.000000	0.000000	10.092221	0.536607
100000	0.990000	0.000000	0.000000	10.094383	0.536556

var1: 0.000000	 var2: 1.500000
gen	A2		B2		diseq		zbar		sexrat
0	0.990000	0.000000			3.000000	
5000	0.990000	0.000000	0.000000	6.331108	0.644552
10000	0.990000	0.000000	0.000000	7.681908	0.600618
15000	0.990000	0.000000	0.000000	8.468527	0.577931
20000	0.990000	0.000000	0.000000	8.971572	0.564388
25000	0.990000	0.000000	0.000000	9.308169	0.555712
30000	0.990000	0.000000	0.000000	9.539296	0.549924
35000	0.990000	0.000000	0.000000	9.700577	0.545964
40000	0.990000	0.000000	0.000000	9.814309	0.543209
45000	0.990000	0.000000	0.000000	9.895082	0.541272
50000	0.990000	0.000000	0.000000	9.952729	0.539898
55000	0.990000	0.000000	0.000000	9.994012	0.538919
60000	0.990000	0.000000	0.000000	10.023646	0.538219
65000	0.990000	0.000000	0.000000	10.044956	0.537717
70000	0.990000	0.000000	0.000000	10.060299	0.537356
75000	0.990000	0.000000	0.000000	10.071354	0.537096
80000	0.990000	0.000000	0.000000	10.079326	0.536909
85000	0.990000	0.000000	0.000000	10.085076	0.536774
90000	0.990000	0.000000	0.000000	10.089226	0.536677
95000	0.990000	0.000000	0.000000	10.092221	0.536607
100000	0.990000	0.000000	0.000000	10.094383	0.536556

var1: 0.000000	 var2: 1.600000
gen	A2		B2		diseq		zbar		sexrat
0	0.990000	0.000000			3.000000	
5000	0.990000	0.000000	0.000000	6.331108	0.644552
10000	0.990000	0.000000	0.000000	7.681908	0.600618
15000	0.990000	0.000000	0.000000	8.468527	0.577931
20000	0.990000	0.000000	0.000000	8.971572	0.564388
25000	0.990000	0.000000	0.000000	9.308169	0.555712
30000	0.990000	0.000000	0.000000	9.539296	0.549924
35000	0.990000	0.000000	0.000000	9.700577	0.545964
40000	0.990000	0.000000	0.000000	9.814309	0.543209
45000	0.990000	0.000000	0.000000	9.895082	0.541272
50000	0.990000	0.000000	0.000000	9.952729	0.539898
55000	0.990000	0.000000	0.000000	9.994012	0.538919
60000	0.990000	0.000000	0.000000	10.023646	0.538219
65000	0.990000	0.000000	0.000000	10.044956	0.537717
70000	0.990000	0.000000	0.000000	10.060299	0.537356
75000	0.990000	0.000000	0.000000	10.071354	0.537096
80000	0.990000	0.000000	0.000000	10.079326	0.536909
85000	0.990000	0.000000	0.000000	10.085076	0.536774
90000	0.990000	0.000000	0.000000	10.089226	0.536677
95000	0.990000	0.000000	0.000000	10.092221	0.536607
100000	0.990000	0.000000	0.000000	10.094383	0.536556

var1: 0.000000	 var2: 1.700000
gen	A2		B2		diseq		zbar		sexrat
0	0.990000	0.000000			3.000000	
5000	0.990000	0.000000	0.000000	6.331108	0.644552
10000	0.990000	0.000000	0.000000	7.681908	0.600618
15000	0.990000	0.000000	0.000000	8.468527	0.577931
20000	0.990000	0.000000	0.000000	8.971572	0.564388
25000	0.990000	0.000000	0.000000	9.308169	0.555712
30000	0.990000	0.000000	0.000000	9.539296	0.549924
35000	0.990000	0.000000	0.000000	9.700577	0.545964
40000	0.990000	0.000000	0.000000	9.814309	0.543209
45000	0.990000	0.000000	0.000000	9.895082	0.541272
50000	0.990000	0.000000	0.000000	9.952729	0.539898
55000	0.990000	0.000000	0.000000	9.994012	0.538919
60000	0.990000	0.000000	0.000000	10.023646	0.538219
65000	0.990000	0.000000	0.000000	10.044956	0.537717
70000	0.990000	0.000000	0.000000	10.060299	0.537356
75000	0.990000	0.000000	0.000000	10.071354	0.537096
80000	0.990000	0.000000	0.000000	10.079326	0.536909
85000	0.990000	0.000000	0.000000	10.085076	0.536774
90000	0.990000	0.000000	0.000000	10.089226	0.536677
95000	0.990000	0.000000	0.000000	10.092221	0.536607
100000	0.990000	0.000000	0.000000	10.094383	0.536556

var1: 0.000000	 var2: 1.800000
gen	A2		B2		diseq		zbar		sexrat
0	0.990000	0.000000			3.000000	
5000	0.990000	0.000000	0.000000	6.331108	0.644552
10000	0.990000	0.000000	0.000000	7.681908	0.600618
15000	0.990000	0.000000	0.000000	8.468527	0.577931
20000	0.990000	0.000000	0.000000	8.971572	0.564388
25000	0.990000	0.000000	0.000000	9.308169	0.555712
30000	0.990000	0.000000	0.000000	9.539296	0.549924
35000	0.990000	0.000000	0.000000	9.700577	0.545964
40000	0.990000	0.000000	0.000000	9.814309	0.543209
45000	0.990000	0.000000	0.000000	9.895082	0.541272
50000	0.990000	0.000000	0.000000	9.952729	0.539898
55000	0.990000	0.000000	0.000000	9.994012	0.538919
60000	0.990000	0.000000	0.000000	10.023646	0.538219
65000	0.990000	0.000000	0.000000	10.044956	0.537717
70000	0.990000	0.000000	0.000000	10.060299	0.537356
75000	0.990000	0.000000	0.000000	10.071354	0.537096
80000	0.990000	0.000000	0.000000	10.079326	0.536909
85000	0.990000	0.000000	0.000000	10.085076	0.536774
90000	0.990000	0.000000	0.000000	10.089226	0.536677
95000	0.990000	0.000000	0.000000	10.092221	0.536607
100000	0.990000	0.000000	0.000000	10.094383	0.536556

var1: 0.000000	 var2: 1.900000
gen	A2		B2		diseq		zbar		sexrat
0	0.990000	0.000000			3.000000	
5000	0.990000	0.000000	0.000000	6.331108	0.644552
10000	0.990000	0.000000	0.000000	7.681908	0.600618
15000	0.990000	0.000000	0.000000	8.468527	0.577931
20000	0.990000	0.000000	0.000000	8.971572	0.564388
25000	0.990000	0.000000	0.000000	9.308169	0.555712
30000	0.990000	0.000000	0.000000	9.539296	0.549924
35000	0.990000	0.000000	0.000000	9.700577	0.545964
40000	0.990000	0.000000	0.000000	9.814309	0.543209
45000	0.990000	0.000000	0.000000	9.895082	0.541272
50000	0.990000	0.000000	0.000000	9.952729	0.539898
55000	0.990000	0.000000	0.000000	9.994012	0.538919
60000	0.990000	0.000000	0.000000	10.023646	0.538219
65000	0.990000	0.000000	0.000000	10.044956	0.537717
70000	0.990000	0.000000	0.000000	10.060299	0.537356
75000	0.990000	0.000000	0.000000	10.071354	0.537096
80000	0.990000	0.000000	0.000000	10.079326	0.536909
85000	0.990000	0.000000	0.000000	10.085076	0.536774
90000	0.990000	0.000000	0.000000	10.089226	0.536677
95000	0.990000	0.000000	0.000000	10.092221	0.536607
100000	0.990000	0.000000	0.000000	10.094383	0.536556

var1: 0.000000	 var2: 2.000000
gen	A2		B2		diseq		zbar		sexrat
0	0.990000	0.000000			3.000000	
5000	0.990000	0.000000	0.000000	6.331108	0.644552
10000	0.990000	0.000000	0.000000	7.681908	0.600618
15000	0.990000	0.000000	0.000000	8.468527	0.577931
20000	0.990000	0.000000	0.000000	8.971572	0.564388
25000	0.990000	0.000000	0.000000	9.308169	0.555712
30000	0.990000	0.000000	0.000000	9.539296	0.549924
35000	0.990000	0.000000	0.000000	9.700577	0.545964
40000	0.990000	0.000000	0.000000	9.814309	0.543209
45000	0.990000	0.000000	0.000000	9.895082	0.541272
50000	0.990000	0.000000	0.000000	9.952729	0.539898
55000	0.990000	0.000000	0.000000	9.994012	0.538919
60000	0.990000	0.000000	0.000000	10.023646	0.538219
65000	0.990000	0.000000	0.000000	10.044956	0.537717
70000	0.990000	0.000000	0.000000	10.060299	0.537356
75000	0.990000	0.000000	0.000000	10.071354	0.537096
80000	0.990000	0.000000	0.000000	10.079326	0.536909
85000	0.990000	0.000000	0.000000	10.085076	0.536774
90000	0.990000	0.000000	0.000000	10.089226	0.536677
95000	0.990000	0.000000	0.000000	10.092221	0.536607
100000	0.990000	0.000000	0.000000	10.094383	0.536556

var1: 0.000000	 var2: 2.100000
gen	A2		B2		diseq		zbar		sexrat
0	0.990000	0.000000			3.000000	
5000	0.990000	0.000000	0.000000	6.331108	0.644552
10000	0.990000	0.000000	0.000000	7.681908	0.600618
15000	0.990000	0.000000	0.000000	8.468527	0.577931
20000	0.990000	0.000000	0.000000	8.971572	0.564388
25000	0.990000	0.000000	0.000000	9.308169	0.555712
30000	0.990000	0.000000	0.000000	9.539296	0.549924
35000	0.990000	0.000000	0.000000	9.700577	0.545964
40000	0.990000	0.000000	0.000000	9.814309	0.543209
45000	0.990000	0.000000	0.000000	9.895082	0.541272
50000	0.990000	0.000000	0.000000	9.952729	0.539898
55000	0.990000	0.000000	0.000000	9.994012	0.538919
60000	0.990000	0.000000	0.000000	10.023646	0.538219
65000	0.990000	0.000000	0.000000	10.044956	0.537717
70000	0.990000	0.000000	0.000000	10.060299	0.537356
75000	0.990000	0.000000	0.000000	10.071354	0.537096
80000	0.990000	0.000000	0.000000	10.079326	0.536909
85000	0.990000	0.000000	0.000000	10.085076	0.536774
90000	0.990000	0.000000	0.000000	10.089226	0.536677
95000	0.990000	0.000000	0.000000	10.092221	0.536607
100000	0.990000	0.000000	0.000000	10.094383	0.536556

var1: 0.000000	 var2: 2.200000
gen	A2		B2		diseq		zbar		sexrat
0	0.990000	0.000000			3.000000	
5000	0.990000	0.000000	0.000000	6.331108	0.644552
10000	0.990000	0.000000	0.000000	7.681908	0.600618
15000	0.990000	0.000000	0.000000	8.468527	0.577931
20000	0.990000	0.000000	0.000000	8.971572	0.564388
25000	0.990000	0.000000	0.000000	9.308169	0.555712
30000	0.990000	0.000000	0.000000	9.539296	0.549924
35000	0.990000	0.000000	0.000000	9.700577	0.545964
40000	0.990000	0.000000	0.000000	9.814309	0.543209
45000	0.990000	0.000000	0.000000	9.895082	0.541272
50000	0.990000	0.000000	0.000000	9.952729	0.539898
55000	0.990000	0.000000	0.000000	9.994012	0.538919
60000	0.990000	0.000000	0.000000	10.023646	0.538219
65000	0.990000	0.000000	0.000000	10.044956	0.537717
70000	0.990000	0.000000	0.000000	10.060299	0.537356
75000	0.990000	0.000000	0.000000	10.071354	0.537096
80000	0.990000	0.000000	0.000000	10.079326	0.536909
85000	0.990000	0.000000	0.000000	10.085076	0.536774
90000	0.990000	0.000000	0.000000	10.089226	0.536677
95000	0.990000	0.000000	0.000000	10.092221	0.536607
100000	0.990000	0.000000	0.000000	10.094383	0.536556

var1: 0.000000	 var2: 2.300000
gen	A2		B2		diseq		zbar		sexrat
0	0.990000	0.000000			3.000000	
5000	0.990000	0.000000	0.000000	6.331108	0.644552
10000	0.990000	0.000000	0.000000	7.681908	0.600618
15000	0.990000	0.000000	0.000000	8.468527	0.577931
20000	0.990000	0.000000	0.000000	8.971572	0.564388
25000	0.990000	0.000000	0.000000	9.308169	0.555712
30000	0.990000	0.000000	0.000000	9.539296	0.549924
35000	0.990000	0.000000	0.000000	9.700577	0.545964
40000	0.990000	0.000000	0.000000	9.814309	0.543209
45000	0.990000	0.000000	0.000000	9.895082	0.541272
50000	0.990000	0.000000	0.000000	9.952729	0.539898
55000	0.990000	0.000000	0.000000	9.994012	0.538919
60000	0.990000	0.000000	0.000000	10.023646	0.538219
65000	0.990000	0.000000	0.000000	10.044956	0.537717
70000	0.990000	0.000000	0.000000	10.060299	0.537356
75000	0.990000	0.000000	0.000000	10.071354	0.537096
80000	0.990000	0.000000	0.000000	10.079326	0.536909
85000	0.990000	0.000000	0.000000	10.085076	0.536774
90000	0.990000	0.000000	0.000000	10.089226	0.536677
95000	0.990000	0.000000	0.000000	10.092221	0.536607
100000	0.990000	0.000000	0.000000	10.094383	0.536556

var1: 0.000000	 var2: 2.400000
gen	A2		B2		diseq		zbar		sexrat
0	0.990000	0.000000			3.000000	
5000	0.990000	0.000000	0.000000	6.331108	0.644552
10000	0.990000	0.000000	0.000000	7.681908	0.600618
15000	0.990000	0.000000	0.000000	8.468527	0.577931
20000	0.990000	0.000000	0.000000	8.971572	0.564388
25000	0.990000	0.000000	0.000000	9.308169	0.555712
30000	0.990000	0.000000	0.000000	9.539296	0.549924
35000	0.990000	0.000000	0.000000	9.700577	0.545964
40000	0.990000	0.000000	0.000000	9.814309	0.543209
45000	0.990000	0.000000	0.000000	9.895082	0.541272
50000	0.990000	0.000000	0.000000	9.952729	0.539898
55000	0.990000	0.000000	0.000000	9.994012	0.538919
60000	0.990000	0.000000	0.000000	10.023646	0.538219
65000	0.990000	0.000000	0.000000	10.044956	0.537717
70000	0.990000	0.000000	0.000000	10.060299	0.537356
75000	0.990000	0.000000	0.000000	10.071354	0.537096
80000	0.990000	0.000000	0.000000	10.079326	0.536909
85000	0.990000	0.000000	0.000000	10.085076	0.536774
90000	0.990000	0.000000	0.000000	10.089226	0.536677
95000	0.990000	0.000000	0.000000	10.092221	0.536607
100000	0.990000	0.000000	0.000000	10.094383	0.536556

var1: 0.000000	 var2: 2.500000
gen	A2		B2		diseq		zbar		sexrat
0	0.990000	0.000000			3.000000	
5000	0.990000	0.000000	0.000000	6.331108	0.644552
10000	0.990000	0.000000	0.000000	7.681908	0.600618
15000	0.990000	0.000000	0.000000	8.468527	0.577931
20000	0.990000	0.000000	0.000000	8.971572	0.564388
25000	0.990000	0.000000	0.000000	9.308169	0.555712
30000	0.990000	0.000000	0.000000	9.539296	0.549924
35000	0.990000	0.000000	0.000000	9.700577	0.545964
40000	0.990000	0.000000	0.000000	9.814309	0.543209
45000	0.990000	0.000000	0.000000	9.895082	0.541272
50000	0.990000	0.000000	0.000000	9.952729	0.539898
55000	0.990000	0.000000	0.000000	9.994012	0.538919
60000	0.990000	0.000000	0.000000	10.023646	0.538219
65000	0.990000	0.000000	0.000000	10.044956	0.537717
70000	0.990000	0.000000	0.000000	10.060299	0.537356
75000	0.990000	0.000000	0.000000	10.071354	0.537096
80000	0.990000	0.000000	0.000000	10.079326	0.536909
85000	0.990000	0.000000	0.000000	10.085076	0.536774
90000	0.990000	0.000000	0.000000	10.089226	0.536677
95000	0.990000	0.000000	0.000000	10.092221	0.536607
100000	0.990000	0.000000	0.000000	10.094383	0.536556

var1: 0.000000	 var2: 2.600000
gen	A2		B2		diseq		zbar		sexrat
0	0.990000	0.000000			3.000000	
5000	0.990000	0.000000	0.000000	6.331108	0.644552
10000	0.990000	0.000000	0.000000	7.681908	0.600618
15000	0.990000	0.000000	0.000000	8.468527	0.577931
20000	0.990000	0.000000	0.000000	8.971572	0.564388
25000	0.990000	0.000000	0.000000	9.308169	0.555712
30000	0.990000	0.000000	0.000000	9.539296	0.549924
35000	0.990000	0.000000	0.000000	9.700577	0.545964
40000	0.990000	0.000000	0.000000	9.814309	0.543209
45000	0.990000	0.000000	0.000000	9.895082	0.541272
50000	0.990000	0.000000	0.000000	9.952729	0.539898
55000	0.990000	0.000000	0.000000	9.994012	0.538919
60000	0.990000	0.000000	0.000000	10.023646	0.538219
65000	0.990000	0.000000	0.000000	10.044956	0.537717
70000	0.990000	0.000000	0.000000	10.060299	0.537356
75000	0.990000	0.000000	0.000000	10.071354	0.537096
80000	0.990000	0.000000	0.000000	10.079326	0.536909
85000	0.990000	0.000000	0.000000	10.085076	0.536774
90000	0.990000	0.000000	0.000000	10.089226	0.536677
95000	0.990000	0.000000	0.000000	10.092221	0.536607
100000	0.990000	0.000000	0.000000	10.094383	0.536556

var1: 0.000000	 var2: 2.700000
gen	A2		B2		diseq		zbar		sexrat
0	0.990000	0.000000			3.000000	
5000	0.990000	0.000000	0.000000	6.331108	0.644552
10000	0.990000	0.000000	0.000000	7.681908	0.600618
15000	0.990000	0.000000	0.000000	8.468527	0.577931
20000	0.990000	0.000000	0.000000	8.971572	0.564388
25000	0.990000	0.000000	0.000000	9.308169	0.555712
30000	0.990000	0.000000	0.000000	9.539296	0.549924
35000	0.990000	0.000000	0.000000	9.700577	0.545964
40000	0.990000	0.000000	0.000000	9.814309	0.543209
45000	0.990000	0.000000	0.000000	9.895082	0.541272
50000	0.990000	0.000000	0.000000	9.952729	0.539898
55000	0.990000	0.000000	0.000000	9.994012	0.538919
60000	0.990000	0.000000	0.000000	10.023646	0.538219
65000	0.990000	0.000000	0.000000	10.044956	0.537717
70000	0.990000	0.000000	0.000000	10.060299	0.537356
75000	0.990000	0.000000	0.000000	10.071354	0.537096
80000	0.990000	0.000000	0.000000	10.079326	0.536909
85000	0.990000	0.000000	0.000000	10.085076	0.536774
90000	0.990000	0.000000	0.000000	10.089226	0.536677
95000	0.990000	0.000000	0.000000	10.092221	0.536607
100000	0.990000	0.000000	0.000000	10.094383	0.536556

var1: 0.000000	 var2: 2.800000
gen	A2		B2		diseq		zbar		sexrat
0	0.990000	0.000000			3.000000	
5000	0.990000	0.000000	0.000000	6.331108	0.644552
10000	0.990000	0.000000	0.000000	7.681908	0.600618
15000	0.990000	0.000000	0.000000	8.468527	0.577931
20000	0.990000	0.000000	0.000000	8.971572	0.564388
25000	0.990000	0.000000	0.000000	9.308169	0.555712
30000	0.990000	0.000000	0.000000	9.539296	0.549924
35000	0.990000	0.000000	0.000000	9.700577	0.545964
40000	0.990000	0.000000	0.000000	9.814309	0.543209
45000	0.990000	0.000000	0.000000	9.895082	0.541272
50000	0.990000	0.000000	0.000000	9.952729	0.539898
55000	0.990000	0.000000	0.000000	9.994012	0.538919
60000	0.990000	0.000000	0.000000	10.023646	0.538219
65000	0.990000	0.000000	0.000000	10.044956	0.537717
70000	0.990000	0.000000	0.000000	10.060299	0.537356
75000	0.990000	0.000000	0.000000	10.071354	0.537096
80000	0.990000	0.000000	0.000000	10.079326	0.536909
85000	0.990000	0.000000	0.000000	10.085076	0.536774
90000	0.990000	0.000000	0.000000	10.089226	0.536677
95000	0.990000	0.000000	0.000000	10.092221	0.536607
100000	0.990000	0.000000	0.000000	10.094383	0.536556

var1: 0.000000	 var2: 2.900000
gen	A2		B2		diseq		zbar		sexrat
0	0.990000	0.000000			3.000000	
5000	0.990000	0.000000	0.000000	6.331108	0.644552
10000	0.990000	0.000000	0.000000	7.681908	0.600618
15000	0.990000	0.000000	0.000000	8.468527	0.577931
20000	0.990000	0.000000	0.000000	8.971572	0.564388
25000	0.990000	0.000000	0.000000	9.308169	0.555712
30000	0.990000	0.000000	0.000000	9.539296	0.549924
35000	0.990000	0.000000	0.000000	9.700577	0.545964
40000	0.990000	0.000000	0.000000	9.814309	0.543209
45000	0.990000	0.000000	0.000000	9.895082	0.541272
50000	0.990000	0.000000	0.000000	9.952729	0.539898
55000	0.990000	0.000000	0.000000	9.994012	0.538919
60000	0.990000	0.000000	0.000000	10.023646	0.538219
65000	0.990000	0.000000	0.000000	10.044956	0.537717
70000	0.990000	0.000000	0.000000	10.060299	0.537356
75000	0.990000	0.000000	0.000000	10.071354	0.537096
80000	0.990000	0.000000	0.000000	10.079326	0.536909
85000	0.990000	0.000000	0.000000	10.085076	0.536774
90000	0.990000	0.000000	0.000000	10.089226	0.536677
95000	0.990000	0.000000	0.000000	10.092221	0.536607
100000	0.990000	0.000000	0.000000	10.094383	0.536556

var1: 0.000000	 var2: 3.000000
gen	A2		B2		diseq		zbar		sexrat
0	0.990000	0.000000			3.000000	
5000	0.990000	0.000000	0.000000	6.331108	0.644552
10000	0.990000	0.000000	0.000000	7.681908	0.600618
15000	0.990000	0.000000	0.000000	8.468527	0.577931
20000	0.990000	0.000000	0.000000	8.971572	0.564388
25000	0.990000	0.000000	0.000000	9.308169	0.555712
30000	0.990000	0.000000	0.000000	9.539296	0.549924
35000	0.990000	0.000000	0.000000	9.700577	0.545964
40000	0.990000	0.000000	0.000000	9.814309	0.543209
45000	0.990000	0.000000	0.000000	9.895082	0.541272
50000	0.990000	0.000000	0.000000	9.952729	0.539898
55000	0.990000	0.000000	0.000000	9.994012	0.538919
60000	0.990000	0.000000	0.000000	10.023646	0.538219
65000	0.990000	0.000000	0.000000	10.044956	0.537717
70000	0.990000	0.000000	0.000000	10.060299	0.537356
75000	0.990000	0.000000	0.000000	10.071354	0.537096
80000	0.990000	0.000000	0.000000	10.079326	0.536909
85000	0.990000	0.000000	0.000000	10.085076	0.536774
90000	0.990000	0.000000	0.000000	10.089226	0.536677
95000	0.990000	0.000000	0.000000	10.092221	0.536607
100000	0.990000	0.000000	0.000000	10.094383	0.536556

var1: 0.000000	 var2: 3.100000
gen	A2		B2		diseq		zbar		sexrat
0	0.990000	0.000000			3.000000	
5000	0.990000	0.000000	0.000000	6.331108	0.644552
10000	0.990000	0.000000	0.000000	7.681908	0.600618
15000	0.990000	0.000000	0.000000	8.468527	0.577931
20000	0.990000	0.000000	0.000000	8.971572	0.564388
25000	0.990000	0.000000	0.000000	9.308169	0.555712
30000	0.990000	0.000000	0.000000	9.539296	0.549924
35000	0.990000	0.000000	0.000000	9.700577	0.545964
40000	0.990000	0.000000	0.000000	9.814309	0.543209
45000	0.990000	0.000000	0.000000	9.895082	0.541272
50000	0.990000	0.000000	0.000000	9.952729	0.539898
55000	0.990000	0.000000	0.000000	9.994012	0.538919
60000	0.990000	0.000000	0.000000	10.023646	0.538219
65000	0.990000	0.000000	0.000000	10.044956	0.537717
70000	0.990000	0.000000	0.000000	10.060299	0.537356
75000	0.990000	0.000000	0.000000	10.071354	0.537096
80000	0.990000	0.000000	0.000000	10.079326	0.536909
85000	0.990000	0.000000	0.000000	10.085076	0.536774
90000	0.990000	0.000000	0.000000	10.089226	0.536677
95000	0.990000	0.000000	0.000000	10.092221	0.536607
100000	0.990000	0.000000	0.000000	10.094383	0.536556

var1: 0.000000	 var2: 3.200000
gen	A2		B2		diseq		zbar		sexrat
0	0.990000	0.000000			3.000000	
5000	0.990000	0.000000	0.000000	6.331108	0.644552
10000	0.990000	0.000000	0.000000	7.681908	0.600618
15000	0.990000	0.000000	0.000000	8.468527	0.577931
20000	0.990000	0.000000	0.000000	8.971572	0.564388
25000	0.990000	0.000000	0.000000	9.308169	0.555712
30000	0.990000	0.000000	0.000000	9.539296	0.549924
35000	0.990000	0.000000	0.000000	9.700577	0.545964
40000	0.990000	0.000000	0.000000	9.814309	0.543209
45000	0.990000	0.000000	0.000000	9.895082	0.541272
50000	0.990000	0.000000	0.000000	9.952729	0.539898
55000	0.990000	0.000000	0.000000	9.994012	0.538919
60000	0.990000	0.000000	0.000000	10.023646	0.538219
65000	0.990000	0.000000	0.000000	10.044956	0.537717
70000	0.990000	0.000000	0.000000	10.060299	0.537356
75000	0.990000	0.000000	0.000000	10.071354	0.537096
80000	0.990000	0.000000	0.000000	10.079326	0.536909
85000	0.990000	0.000000	0.000000	10.085076	0.536774
90000	0.990000	0.000000	0.000000	10.089226	0.536677
95000	0.990000	0.000000	0.000000	10.092221	0.536607
100000	0.990000	0.000000	0.000000	10.094383	0.536556

var1: 0.000000	 var2: 3.300000
gen	A2		B2		diseq		zbar		sexrat
0	0.990000	0.000000			3.000000	
5000	0.990000	0.000000	0.000000	6.331108	0.644552
10000	0.990000	0.000000	0.000000	7.681908	0.600618
15000	0.990000	0.000000	0.000000	8.468527	0.577931
20000	0.990000	0.000000	0.000000	8.971572	0.564388
25000	0.990000	0.000000	0.000000	9.308169	0.555712
30000	0.990000	0.000000	0.000000	9.539296	0.549924
35000	0.990000	0.000000	0.000000	9.700577	0.545964
40000	0.990000	0.000000	0.000000	9.814309	0.543209
45000	0.990000	0.000000	0.000000	9.895082	0.541272
50000	0.990000	0.000000	0.000000	9.952729	0.539898
55000	0.990000	0.000000	0.000000	9.994012	0.538919
60000	0.990000	0.000000	0.000000	10.023646	0.538219
65000	0.990000	0.000000	0.000000	10.044956	0.537717
70000	0.990000	0.000000	0.000000	10.060299	0.537356
75000	0.990000	0.000000	0.000000	10.071354	0.537096
80000	0.990000	0.000000	0.000000	10.079326	0.536909
85000	0.990000	0.000000	0.000000	10.085076	0.536774
90000	0.990000	0.000000	0.000000	10.089226	0.536677
95000	0.990000	0.000000	0.000000	10.092221	0.536607
100000	0.990000	0.000000	0.000000	10.094383	0.536556

var1: 0.000000	 var2: 3.400000
gen	A2		B2		diseq		zbar		sexrat
0	0.990000	0.000000			3.000000	
5000	0.990000	0.000000	0.000000	6.331108	0.644552
10000	0.990000	0.000000	0.000000	7.681908	0.600618
15000	0.990000	0.000000	0.000000	8.468527	0.577931
20000	0.990000	0.000000	0.000000	8.971572	0.564388
25000	0.990000	0.000000	0.000000	9.308169	0.555712
30000	0.990000	0.000000	0.000000	9.539296	0.549924
35000	0.990000	0.000000	0.000000	9.700577	0.545964
40000	0.990000	0.000000	0.000000	9.814309	0.543209
45000	0.990000	0.000000	0.000000	9.895082	0.541272
50000	0.990000	0.000000	0.000000	9.952729	0.539898
55000	0.990000	0.000000	0.000000	9.994012	0.538919
60000	0.990000	0.000000	0.000000	10.023646	0.538219
65000	0.990000	0.000000	0.000000	10.044956	0.537717
70000	0.990000	0.000000	0.000000	10.060299	0.537356
75000	0.990000	0.000000	0.000000	10.071354	0.537096
80000	0.990000	0.000000	0.000000	10.079326	0.536909
85000	0.990000	0.000000	0.000000	10.085076	0.536774
90000	0.990000	0.000000	0.000000	10.089226	0.536677
95000	0.990000	0.000000	0.000000	10.092221	0.536607
100000	0.990000	0.000000	0.000000	10.094383	0.536556

var1: 0.000000	 var2: 3.500000
gen	A2		B2		diseq		zbar		sexrat
0	0.990000	0.000000			3.000000	
5000	0.990000	0.000000	0.000000	6.331108	0.644552
10000	0.990000	0.000000	0.000000	7.681908	0.600618
15000	0.990000	0.000000	0.000000	8.468527	0.577931
20000	0.990000	0.000000	0.000000	8.971572	0.564388
25000	0.990000	0.000000	0.000000	9.308169	0.555712
30000	0.990000	0.000000	0.000000	9.539296	0.549924
35000	0.990000	0.000000	0.000000	9.700577	0.545964
40000	0.990000	0.000000	0.000000	9.814309	0.543209
45000	0.990000	0.000000	0.000000	9.895082	0.541272
50000	0.990000	0.000000	0.000000	9.952729	0.539898
55000	0.990000	0.000000	0.000000	9.994012	0.538919
60000	0.990000	0.000000	0.000000	10.023646	0.538219
65000	0.990000	0.000000	0.000000	10.044956	0.537717
70000	0.990000	0.000000	0.000000	10.060299	0.537356
75000	0.990000	0.000000	0.000000	10.071354	0.537096
80000	0.990000	0.000000	0.000000	10.079326	0.536909
85000	0.990000	0.000000	0.000000	10.085076	0.536774
90000	0.990000	0.000000	0.000000	10.089226	0.536677
95000	0.990000	0.000000	0.000000	10.092221	0.536607
100000	0.990000	0.000000	0.000000	10.094383	0.536556

var1: 0.000000	 var2: 3.600000
gen	A2		B2		diseq		zbar		sexrat
0	0.990000	0.000000			3.000000	
5000	0.990000	0.000000	0.000000	6.331108	0.644552
10000	0.990000	0.000000	0.000000	7.681908	0.600618
15000	0.990000	0.000000	0.000000	8.468527	0.577931
20000	0.990000	0.000000	0.000000	8.971572	0.564388
25000	0.990000	0.000000	0.000000	9.308169	0.555712
30000	0.990000	0.000000	0.000000	9.539296	0.549924
35000	0.990000	0.000000	0.000000	9.700577	0.545964
40000	0.990000	0.000000	0.000000	9.814309	0.543209
45000	0.990000	0.000000	0.000000	9.895082	0.541272
50000	0.990000	0.000000	0.000000	9.952729	0.539898
55000	0.990000	0.000000	0.000000	9.994012	0.538919
60000	0.990000	0.000000	0.000000	10.023646	0.538219
65000	0.990000	0.000000	0.000000	10.044956	0.537717
70000	0.990000	0.000000	0.000000	10.060299	0.537356
75000	0.990000	0.000000	0.000000	10.071354	0.537096
80000	0.990000	0.000000	0.000000	10.079326	0.536909
85000	0.990000	0.000000	0.000000	10.085076	0.536774
90000	0.990000	0.000000	0.000000	10.089226	0.536677
95000	0.990000	0.000000	0.000000	10.092221	0.536607
100000	0.990000	0.000000	0.000000	10.094383	0.536556

var1: 0.000000	 var2: 3.700000
gen	A2		B2		diseq		zbar		sexrat
0	0.990000	0.000000			3.000000	
5000	0.990000	0.000000	0.000000	6.331108	0.644552
10000	0.990000	0.000000	0.000000	7.681908	0.600618
15000	0.990000	0.000000	0.000000	8.468527	0.577931
20000	0.990000	0.000000	0.000000	8.971572	0.564388
25000	0.990000	0.000000	0.000000	9.308169	0.555712
30000	0.990000	0.000000	0.000000	9.539296	0.549924
35000	0.990000	0.000000	0.000000	9.700577	0.545964
40000	0.990000	0.000000	0.000000	9.814309	0.543209
45000	0.990000	0.000000	0.000000	9.895082	0.541272
50000	0.990000	0.000000	0.000000	9.952729	0.539898
55000	0.990000	0.000000	0.000000	9.994012	0.538919
60000	0.990000	0.000000	0.000000	10.023646	0.538219
65000	0.990000	0.000000	0.000000	10.044956	0.537717
70000	0.990000	0.000000	0.000000	10.060299	0.537356
75000	0.990000	0.000000	0.000000	10.071354	0.537096
80000	0.990000	0.000000	0.000000	10.079326	0.536909
85000	0.990000	0.000000	0.000000	10.085076	0.536774
90000	0.990000	0.000000	0.000000	10.089226	0.536677
95000	0.990000	0.000000	0.000000	10.092221	0.536607
100000	0.990000	0.000000	0.000000	10.094383	0.536556

var1: 0.000000	 var2: 3.800000
gen	A2		B2		diseq		zbar		sexrat
0	0.990000	0.000000			3.000000	
5000	0.990000	0.000000	0.000000	6.331108	0.644552
10000	0.990000	0.000000	0.000000	7.681908	0.600618
15000	0.990000	0.000000	0.000000	8.468527	0.577931
20000	0.990000	0.000000	0.000000	8.971572	0.564388
25000	0.990000	0.000000	0.000000	9.308169	0.555712
30000	0.990000	0.000000	0.000000	9.539296	0.549924
35000	0.990000	0.000000	0.000000	9.700577	0.545964
40000	0.990000	0.000000	0.000000	9.814309	0.543209
45000	0.990000	0.000000	0.000000	9.895082	0.541272
50000	0.990000	0.000000	0.000000	9.952729	0.539898
55000	0.990000	0.000000	0.000000	9.994012	0.538919
60000	0.990000	0.000000	0.000000	10.023646	0.538219
65000	0.990000	0.000000	0.000000	10.044956	0.537717
70000	0.990000	0.000000	0.000000	10.060299	0.537356
75000	0.990000	0.000000	0.000000	10.071354	0.537096
80000	0.990000	0.000000	0.000000	10.079326	0.536909
85000	0.990000	0.000000	0.000000	10.085076	0.536774
90000	0.990000	0.000000	0.000000	10.089226	0.536677
95000	0.990000	0.000000	0.000000	10.092221	0.536607
100000	0.990000	0.000000	0.000000	10.094383	0.536556

var1: 0.000000	 var2: 3.900000
gen	A2		B2		diseq		zbar		sexrat
0	0.990000	0.000000			3.000000	
5000	0.990000	0.000000	0.000000	6.331108	0.644552
10000	0.990000	0.000000	0.000000	7.681908	0.600618
15000	0.990000	0.000000	0.000000	8.468527	0.577931
20000	0.990000	0.000000	0.000000	8.971572	0.564388
25000	0.990000	0.000000	0.000000	9.308169	0.555712
30000	0.990000	0.000000	0.000000	9.539296	0.549924
35000	0.990000	0.000000	0.000000	9.700577	0.545964
40000	0.990000	0.000000	0.000000	9.814309	0.543209
45000	0.990000	0.000000	0.000000	9.895082	0.541272
50000	0.990000	0.000000	0.000000	9.952729	0.539898
55000	0.990000	0.000000	0.000000	9.994012	0.538919
60000	0.990000	0.000000	0.000000	10.023646	0.538219
65000	0.990000	0.000000	0.000000	10.044956	0.537717
70000	0.990000	0.000000	0.000000	10.060299	0.537356
75000	0.990000	0.000000	0.000000	10.071354	0.537096
80000	0.990000	0.000000	0.000000	10.079326	0.536909
85000	0.990000	0.000000	0.000000	10.085076	0.536774
90000	0.990000	0.000000	0.000000	10.089226	0.536677
95000	0.990000	0.000000	0.000000	10.092221	0.536607
100000	0.990000	0.000000	0.000000	10.094383	0.536556

var1: 0.000000	 var2: 4.000000
gen	A2		B2		diseq		zbar		sexrat
0	0.990000	0.000000			3.000000	
5000	0.990000	0.000000	0.000000	6.331108	0.644552
10000	0.990000	0.000000	0.000000	7.681908	0.600618
15000	0.990000	0.000000	0.000000	8.468527	0.577931
20000	0.990000	0.000000	0.000000	8.971572	0.564388
25000	0.990000	0.000000	0.000000	9.308169	0.555712
30000	0.990000	0.000000	0.000000	9.539296	0.549924
35000	0.990000	0.000000	0.000000	9.700577	0.545964
40000	0.990000	0.000000	0.000000	9.814309	0.543209
45000	0.990000	0.000000	0.000000	9.895082	0.541272
50000	0.990000	0.000000	0.000000	9.952729	0.539898
55000	0.990000	0.000000	0.000000	9.994012	0.538919
60000	0.990000	0.000000	0.000000	10.023646	0.538219
65000	0.990000	0.000000	0.000000	10.044956	0.537717
70000	0.990000	0.000000	0.000000	10.060299	0.537356
75000	0.990000	0.000000	0.000000	10.071354	0.537096
80000	0.990000	0.000000	0.000000	10.079326	0.536909
85000	0.990000	0.000000	0.000000	10.085076	0.536774
90000	0.990000	0.000000	0.000000	10.089226	0.536677
95000	0.990000	0.000000	0.000000	10.092221	0.536607
100000	0.990000	0.000000	0.000000	10.094383	0.536556

var1: 0.002500	 var2: 0.000000
gen	A2		B2		diseq		zbar		sexrat
0	0.990000	0.000000			3.000000	
5000	0.990000	0.000000	0.000000	6.253095	0.711558
10000	0.990000	0.000000	0.000000	7.450080	0.675860
15000	0.990000	0.000000	0.000000	8.078767	0.658711
20000	0.990000	0.000000	0.000000	8.438876	0.649334
25000	0.990000	0.000000	0.000000	8.653412	0.643893
30000	0.990000	0.000000	0.000000	8.783908	0.640636
35000	0.990000	0.000000	0.000000	8.864228	0.638650
40000	0.990000	0.000000	0.000000	8.914012	0.637426
45000	0.990000	0.000000	0.000000	8.945000	0.636667
50000	0.990000	0.000000	0.000000	8.964339	0.636195
55000	0.990000	0.000000	0.000000	8.976427	0.635900
60000	0.990000	0.000000	0.000000	8.983991	0.635715
65000	0.990000	0.000000	0.000000	8.988726	0.635600
70000	0.990000	0.000000	0.000000	8.991692	0.635528
75000	0.990000	0.000000	0.000000	8.993550	0.635482
80000	0.990000	0.000000	0.000000	8.994715	0.635454
85000	0.990000	0.000000	0.000000	8.995444	0.635436
90000	0.990000	0.000000	0.000000	8.995901	0.635425
95000	0.990000	0.000000	0.000000	8.996188	0.635418
100000	0.990000	0.000000	0.000000	8.996367	0.635414

var1: 0.002500	 var2: 0.100000
gen	A2		B2		diseq		zbar		sexrat
0	0.990000	0.000000			3.000000	
5000	0.990000	0.000000	0.000000	6.253095	0.711558
10000	0.990000	0.000000	0.000000	7.450080	0.675860
15000	0.990000	0.000000	0.000000	8.078767	0.658711
20000	0.990000	0.000000	0.000000	8.438876	0.649334
25000	0.990000	0.000000	0.000000	8.653412	0.643893
30000	0.990000	0.000000	0.000000	8.783908	0.640636
35000	0.990000	0.000000	0.000000	8.864228	0.638650
40000	0.990000	0.000000	0.000000	8.914012	0.637426
45000	0.990000	0.000000	0.000000	8.945000	0.636667
50000	0.990000	0.000000	0.000000	8.964339	0.636195
55000	0.990000	0.000000	0.000000	8.976427	0.635900
60000	0.990000	0.000000	0.000000	8.983991	0.635715
65000	0.990000	0.000000	0.000000	8.988726	0.635600
70000	0.990000	0.000000	0.000000	8.991692	0.635528
75000	0.990000	0.000000	0.000000	8.993550	0.635482
80000	0.990000	0.000000	0.000000	8.994715	0.635454
85000	0.990000	0.000000	0.000000	8.995444	0.635436
90000	0.990000	0.000000	0.000000	8.995901	0.635425
95000	0.990000	0.000000	0.000000	8.996188	0.635418
100000	0.990000	0.000000	0.000000	8.996367	0.635414

var1: 0.002500	 var2: 0.200000
gen	A2		B2		diseq		zbar		sexrat
0	0.990000	0.000000			3.000000	
5000	0.990000	0.000000	0.000000	6.253095	0.711558
10000	0.990000	0.000000	0.000000	7.450080	0.675860
15000	0.990000	0.000000	0.000000	8.078767	0.658711
20000	0.990000	0.000000	0.000000	8.438876	0.649334
25000	0.990000	0.000000	0.000000	8.653412	0.643893
30000	0.990000	0.000000	0.000000	8.783908	0.640636
35000	0.990000	0.000000	0.000000	8.864228	0.638650
40000	0.990000	0.000000	0.000000	8.914012	0.637426
45000	0.990000	0.000000	0.000000	8.945000	0.636667
50000	0.990000	0.000000	0.000000	8.964339	0.636195
55000	0.990000	0.000000	0.000000	8.976427	0.635900
60000	0.990000	0.000000	0.000000	8.983991	0.635715
65000	0.990000	0.000000	0.000000	8.988726	0.635600
70000	0.990000	0.000000	0.000000	8.991692	0.635528
75000	0.990000	0.000000	0.000000	8.993550	0.635482
80000	0.990000	0.000000	0.000000	8.994715	0.635454
85000	0.990000	0.000000	0.000000	8.995444	0.635436
90000	0.990000	0.000000	0.000000	8.995901	0.635425
95000	0.990000	0.000000	0.000000	8.996188	0.635418
100000	0.990000	0.000000	0.000000	8.996367	0.635414

var1: 0.002500	 var2: 0.300000
gen	A2		B2		diseq		zbar		sexrat
0	0.990000	0.000000			3.000000	
5000	0.990000	0.000000	0.000000	6.253095	0.711558
10000	0.990000	0.000000	0.000000	7.450080	0.675860
15000	0.990000	0.000000	0.000000	8.078767	0.658711
20000	0.990000	0.000000	0.000000	8.438876	0.649334
25000	0.990000	0.000000	0.000000	8.653412	0.643893
30000	0.990000	0.000000	0.000000	8.783908	0.640636
35000	0.990000	0.000000	0.000000	8.864228	0.638650
40000	0.990000	0.000000	0.000000	8.914012	0.637426
45000	0.990000	0.000000	0.000000	8.945000	0.636667
50000	0.990000	0.000000	0.000000	8.964339	0.636195
55000	0.990000	0.000000	0.000000	8.976427	0.635900
60000	0.990000	0.000000	0.000000	8.983991	0.635715
65000	0.990000	0.000000	0.000000	8.988726	0.635600
70000	0.990000	0.000000	0.000000	8.991692	0.635528
75000	0.990000	0.000000	0.000000	8.993550	0.635482
80000	0.990000	0.000000	0.000000	8.994715	0.635454
85000	0.990000	0.000000	0.000000	8.995444	0.635436
90000	0.990000	0.000000	0.000000	8.995901	0.635425
95000	0.990000	0.000000	0.000000	8.996188	0.635418
100000	0.990000	0.000000	0.000000	8.996367	0.635414

var1: 0.002500	 var2: 0.400000
gen	A2		B2		diseq		zbar		sexrat
0	0.990000	0.000000			3.000000	
5000	0.990000	0.000000	0.000000	6.253095	0.711558
10000	0.990000	0.000000	0.000000	7.450080	0.675860
15000	0.990000	0.000000	0.000000	8.078767	0.658711
20000	0.990000	0.000000	0.000000	8.438876	0.649334
25000	0.990000	0.000000	0.000000	8.653412	0.643893
30000	0.990000	0.000000	0.000000	8.783908	0.640636
35000	0.990000	0.000000	0.000000	8.864228	0.638650
40000	0.990000	0.000000	0.000000	8.914012	0.637426
45000	0.990000	0.000000	0.000000	8.945000	0.636667
50000	0.990000	0.000000	0.000000	8.964339	0.636195
55000	0.990000	0.000000	0.000000	8.976427	0.635900
60000	0.990000	0.000000	0.000000	8.983991	0.635715
65000	0.990000	0.000000	0.000000	8.988726	0.635600
70000	0.990000	0.000000	0.000000	8.991692	0.635528
75000	0.990000	0.000000	0.000000	8.993550	0.635482
80000	0.990000	0.000000	0.000000	8.994715	0.635454
85000	0.990000	0.000000	0.000000	8.995444	0.635436
90000	0.990000	0.000000	0.000000	8.995901	0.635425
95000	0.990000	0.000000	0.000000	8.996188	0.635418
100000	0.990000	0.000000	0.000000	8.996367	0.635414

var1: 0.002500	 var2: 0.500000
gen	A2		B2		diseq		zbar		sexrat
0	0.990000	0.000000			3.000000	
5000	0.990000	0.000000	0.000000	6.253095	0.711558
10000	0.990000	0.000000	0.000000	7.450080	0.675860
15000	0.990000	0.000000	0.000000	8.078767	0.658711
20000	0.990000	0.000000	0.000000	8.438876	0.649334
25000	0.990000	0.000000	0.000000	8.653412	0.643893
30000	0.990000	0.000000	0.000000	8.783908	0.640636
35000	0.990000	0.000000	0.000000	8.864228	0.638650
40000	0.990000	0.000000	0.000000	8.914012	0.637426
45000	0.990000	0.000000	0.000000	8.945000	0.636667
50000	0.990000	0.000000	0.000000	8.964339	0.636195
55000	0.990000	0.000000	0.000000	8.976427	0.635900
60000	0.990000	0.000000	0.000000	8.983991	0.635715
65000	0.990000	0.000000	0.000000	8.988726	0.635600
70000	0.990000	0.000000	0.000000	8.991692	0.635528
75000	0.990000	0.000000	0.000000	8.993550	0.635482
80000	0.990000	0.000000	0.000000	8.994715	0.635454
85000	0.990000	0.000000	0.000000	8.995444	0.635436
90000	0.990000	0.000000	0.000000	8.995901	0.635425
95000	0.990000	0.000000	0.000000	8.996188	0.635418
100000	0.990000	0.000000	0.000000	8.996367	0.635414

var1: 0.002500	 var2: 0.600000
gen	A2		B2		diseq		zbar		sexrat
0	0.990000	0.000000			3.000000	
5000	0.990000	0.000000	0.000000	6.253095	0.711558
10000	0.990000	0.000000	0.000000	7.450080	0.675860
15000	0.990000	0.000000	0.000000	8.078767	0.658711
20000	0.990000	0.000000	0.000000	8.438876	0.649334
25000	0.990000	0.000000	0.000000	8.653412	0.643893
30000	0.990000	0.000000	0.000000	8.783908	0.640636
35000	0.990000	0.000000	0.000000	8.864228	0.638650
40000	0.990000	0.000000	0.000000	8.914012	0.637426
45000	0.990000	0.000000	0.000000	8.945000	0.636667
50000	0.990000	0.000000	0.000000	8.964339	0.636195
55000	0.990000	0.000000	0.000000	8.976427	0.635900
60000	0.990000	0.000000	0.000000	8.983991	0.635715
65000	0.990000	0.000000	0.000000	8.988726	0.635600
70000	0.990000	0.000000	0.000000	8.991692	0.635528
75000	0.990000	0.000000	0.000000	8.993550	0.635482
80000	0.990000	0.000000	0.000000	8.994715	0.635454
85000	0.990000	0.000000	0.000000	8.995444	0.635436
90000	0.990000	0.000000	0.000000	8.995901	0.635425
95000	0.990000	0.000000	0.000000	8.996188	0.635418
100000	0.990000	0.000000	0.000000	8.996367	0.635414

var1: 0.002500	 var2: 0.700000
gen	A2		B2		diseq		zbar		sexrat
0	0.990000	0.000000			3.000000	
5000	0.990000	0.000000	0.000000	6.253095	0.711558
10000	0.990000	0.000000	0.000000	7.450080	0.675860
15000	0.990000	0.000000	0.000000	8.078767	0.658711
20000	0.990000	0.000000	0.000000	8.438876	0.649334
25000	0.990000	0.000000	0.000000	8.653412	0.643893
30000	0.990000	0.000000	0.000000	8.783908	0.640636
35000	0.990000	0.000000	0.000000	8.864228	0.638650
40000	0.990000	0.000000	0.000000	8.914012	0.637426
45000	0.990000	0.000000	0.000000	8.945000	0.636667
50000	0.990000	0.000000	0.000000	8.964339	0.636195
55000	0.990000	0.000000	0.000000	8.976427	0.635900
60000	0.990000	0.000000	0.000000	8.983991	0.635715
65000	0.990000	0.000000	0.000000	8.988726	0.635600
70000	0.990000	0.000000	0.000000	8.991692	0.635528
75000	0.990000	0.000000	0.000000	8.993550	0.635482
80000	0.990000	0.000000	0.000000	8.994715	0.635454
85000	0.990000	0.000000	0.000000	8.995444	0.635436
90000	0.990000	0.000000	0.000000	8.995901	0.635425
95000	0.990000	0.000000	0.000000	8.996188	0.635418
100000	0.990000	0.000000	0.000000	8.996367	0.635414

var1: 0.002500	 var2: 0.800000
gen	A2		B2		diseq		zbar		sexrat
0	0.990000	0.000000			3.000000	
5000	0.990000	0.000000	0.000000	6.253095	0.711558
10000	0.990000	0.000000	0.000000	7.450080	0.675860
15000	0.990000	0.000000	0.000000	8.078767	0.658711
20000	0.990000	0.000000	0.000000	8.438876	0.649334
25000	0.990000	0.000000	0.000000	8.653412	0.643893
30000	0.990000	0.000000	0.000000	8.783908	0.640636
35000	0.990000	0.000000	0.000000	8.864228	0.638650
40000	0.990000	0.000000	0.000000	8.914012	0.637426
45000	0.990000	0.000000	0.000000	8.945000	0.636667
50000	0.990000	0.000000	0.000000	8.964339	0.636195
55000	0.990000	0.000000	0.000000	8.976427	0.635900
60000	0.990000	0.000000	0.000000	8.983991	0.635715
65000	0.990000	0.000000	0.000000	8.988726	0.635600
70000	0.990000	0.000000	0.000000	8.991692	0.635528
75000	0.990000	0.000000	0.000000	8.993550	0.635482
80000	0.990000	0.000000	0.000000	8.994715	0.635454
85000	0.990000	0.000000	0.000000	8.995444	0.635436
90000	0.990000	0.000000	0.000000	8.995901	0.635425
95000	0.990000	0.000000	0.000000	8.996188	0.635418
100000	0.990000	0.000000	0.000000	8.996367	0.635414

var1: 0.002500	 var2: 0.900000
gen	A2		B2		diseq		zbar		sexrat
0	0.990000	0.000000			3.000000	
5000	0.990000	0.000000	0.000000	6.253095	0.711558
10000	0.990000	0.000000	0.000000	7.450080	0.675860
15000	0.990000	0.000000	0.000000	8.078767	0.658711
20000	0.990000	0.000000	0.000000	8.438876	0.649334
25000	0.990000	0.000000	0.000000	8.653412	0.643893
30000	0.990000	0.000000	0.000000	8.783908	0.640636
35000	0.990000	0.000000	0.000000	8.864228	0.638650
40000	0.990000	0.000000	0.000000	8.914012	0.637426
45000	0.990000	0.000000	0.000000	8.945000	0.636667
50000	0.990000	0.000000	0.000000	8.964339	0.636195
55000	0.990000	0.000000	0.000000	8.976427	0.635900
60000	0.990000	0.000000	0.000000	8.983991	0.635715
65000	0.990000	0.000000	0.000000	8.988726	0.635600
70000	0.990000	0.000000	0.000000	8.991692	0.635528
75000	0.990000	0.000000	0.000000	8.993550	0.635482
80000	0.990000	0.000000	0.000000	8.994715	0.635454
85000	0.990000	0.000000	0.000000	8.995444	0.635436
90000	0.990000	0.000000	0.000000	8.995901	0.635425
95000	0.990000	0.000000	0.000000	8.996188	0.635418
100000	0.990000	0.000000	0.000000	8.996367	0.635414

var1: 0.002500	 var2: 1.000000
gen	A2		B2		diseq		zbar		sexrat
0	0.990000	0.000000			3.000000	
5000	0.990000	0.000000	0.000000	6.253095	0.711558
10000	0.990000	0.000000	0.000000	7.450080	0.675860
15000	0.990000	0.000000	0.000000	8.078767	0.658711
20000	0.990000	0.000000	0.000000	8.438876	0.649334
25000	0.990000	0.000000	0.000000	8.653412	0.643893
30000	0.990000	0.000000	0.000000	8.783908	0.640636
35000	0.990000	0.000000	0.000000	8.864228	0.638650
40000	0.990000	0.000000	0.000000	8.914012	0.637426
45000	0.990000	0.000000	0.000000	8.945000	0.636667
50000	0.990000	0.000000	0.000000	8.964339	0.636195
55000	0.990000	0.000000	0.000000	8.976427	0.635900
60000	0.990000	0.000000	0.000000	8.983991	0.635715
65000	0.990000	0.000000	0.000000	8.988726	0.635600
70000	0.990000	0.000000	0.000000	8.991692	0.635528
75000	0.990000	0.000000	0.000000	8.993550	0.635482
80000	0.990000	0.000000	0.000000	8.994715	0.635454
85000	0.990000	0.000000	0.000000	8.995444	0.635436
90000	0.990000	0.000000	0.000000	8.995901	0.635425
95000	0.990000	0.000000	0.000000	8.996188	0.635418
100000	0.990000	0.000000	0.000000	8.996367	0.635414

var1: 0.002500	 var2: 1.100000
gen	A2		B2		diseq		zbar		sexrat
0	0.990000	0.000000			3.000000	
5000	0.990000	0.000000	0.000000	6.253095	0.711558
10000	0.990000	0.000000	0.000000	7.450080	0.675860
15000	0.990000	0.000000	0.000000	8.078767	0.658711
20000	0.990000	0.000000	0.000000	8.438876	0.649334
25000	0.990000	0.000000	0.000000	8.653412	0.643893
30000	0.990000	0.000000	0.000000	8.783908	0.640636
35000	0.990000	0.000000	0.000000	8.864228	0.638650
40000	0.990000	0.000000	0.000000	8.914012	0.637426
45000	0.990000	0.000000	0.000000	8.945000	0.636667
50000	0.990000	0.000000	0.000000	8.964339	0.636195
55000	0.990000	0.000000	0.000000	8.976427	0.635900
60000	0.990000	0.000000	0.000000	8.983991	0.635715
65000	0.990000	0.000000	0.000000	8.988726	0.635600
70000	0.990000	0.000000	0.000000	8.991692	0.635528
75000	0.990000	0.000000	0.000000	8.993550	0.635482
80000	0.990000	0.000000	0.000000	8.994715	0.635454
85000	0.990000	0.000000	0.000000	8.995444	0.635436
90000	0.990000	0.000000	0.000000	8.995901	0.635425
95000	0.990000	0.000000	0.000000	8.996188	0.635418
100000	0.990000	0.000000	0.000000	8.996367	0.635414

var1: 0.002500	 var2: 1.200000
gen	A2		B2		diseq		zbar		sexrat
0	0.990000	0.000000			3.000000	
5000	0.990000	0.000000	0.000000	6.253095	0.711558
10000	0.990000	0.000000	0.000000	7.450080	0.675860
15000	0.990000	0.000000	0.000000	8.078767	0.658711
20000	0.990000	0.000000	0.000000	8.438876	0.649334
25000	0.990000	0.000000	0.000000	8.653412	0.643893
30000	0.990000	0.000000	0.000000	8.783908	0.640636
35000	0.990000	0.000000	0.000000	8.864228	0.638650
40000	0.990000	0.000000	0.000000	8.914012	0.637426
45000	0.990000	0.000000	0.000000	8.945000	0.636667
50000	0.990000	0.000000	0.000000	8.964339	0.636195
55000	0.990000	0.000000	0.000000	8.976427	0.635900
60000	0.990000	0.000000	0.000000	8.983991	0.635715
65000	0.990000	0.000000	0.000000	8.988726	0.635600
70000	0.990000	0.000000	0.000000	8.991692	0.635528
75000	0.990000	0.000000	0.000000	8.993550	0.635482
80000	0.990000	0.000000	0.000000	8.994715	0.635454
85000	0.990000	0.000000	0.000000	8.995444	0.635436
90000	0.990000	0.000000	0.000000	8.995901	0.635425
95000	0.990000	0.000000	0.000000	8.996188	0.635418
100000	0.990000	0.000000	0.000000	8.996367	0.635414

var1: 0.002500	 var2: 1.300000
gen	A2		B2		diseq		zbar		sexrat
0	0.990000	0.000000			3.000000	
5000	0.990000	0.000000	0.000000	6.253095	0.711558
10000	0.990000	0.000000	0.000000	7.450080	0.675860
15000	0.990000	0.000000	0.000000	8.078767	0.658711
20000	0.990000	0.000000	0.000000	8.438876	0.649334
25000	0.990000	0.000000	0.000000	8.653412	0.643893
30000	0.990000	0.000000	0.000000	8.783908	0.640636
35000	0.990000	0.000000	0.000000	8.864228	0.638650
40000	0.990000	0.000000	0.000000	8.914012	0.637426
45000	0.990000	0.000000	0.000000	8.945000	0.636667
50000	0.990000	0.000000	0.000000	8.964339	0.636195
55000	0.990000	0.000000	0.000000	8.976427	0.635900
60000	0.990000	0.000000	0.000000	8.983991	0.635715
65000	0.990000	0.000000	0.000000	8.988726	0.635600
70000	0.990000	0.000000	0.000000	8.991692	0.635528
75000	0.990000	0.000000	0.000000	8.993550	0.635482
80000	0.990000	0.000000	0.000000	8.994715	0.635454
85000	0.990000	0.000000	0.000000	8.995444	0.635436
90000	0.990000	0.000000	0.000000	8.995901	0.635425
95000	0.990000	0.000000	0.000000	8.996188	0.635418
100000	0.990000	0.000000	0.000000	8.996367	0.635414

var1: 0.002500	 var2: 1.400000
gen	A2		B2		diseq		zbar		sexrat
0	0.990000	0.000000			3.000000	
5000	0.990000	0.000000	0.000000	6.253095	0.711558
10000	0.990000	0.000000	0.000000	7.450080	0.675860
15000	0.990000	0.000000	0.000000	8.078767	0.658711
20000	0.990000	0.000000	0.000000	8.438876	0.649334
25000	0.990000	0.000000	0.000000	8.653412	0.643893
30000	0.990000	0.000000	0.000000	8.783908	0.640636
35000	0.990000	0.000000	0.000000	8.864228	0.638650
40000	0.990000	0.000000	0.000000	8.914012	0.637426
45000	0.990000	0.000000	0.000000	8.945000	0.636667
50000	0.990000	0.000000	0.000000	8.964339	0.636195
55000	0.990000	0.000000	0.000000	8.976427	0.635900
60000	0.990000	0.000000	0.000000	8.983991	0.635715
65000	0.990000	0.000000	0.000000	8.988726	0.635600
70000	0.990000	0.000000	0.000000	8.991692	0.635528
75000	0.990000	0.000000	0.000000	8.993550	0.635482
80000	0.990000	0.000000	0.000000	8.994715	0.635454
85000	0.990000	0.000000	0.000000	8.995444	0.635436
90000	0.990000	0.000000	0.000000	8.995901	0.635425
95000	0.990000	0.000000	0.000000	8.996188	0.635418
100000	0.990000	0.000000	0.000000	8.996367	0.635414

var1: 0.002500	 var2: 1.500000
gen	A2		B2		diseq		zbar		sexrat
0	0.990000	0.000000			3.000000	
5000	0.990000	0.000000	0.000000	6.253095	0.711558
10000	0.990000	0.000000	0.000000	7.450080	0.675860
15000	0.990000	0.000000	0.000000	8.078767	0.658711
20000	0.990000	0.000000	0.000000	8.438876	0.649334
25000	0.990000	0.000000	0.000000	8.653412	0.643893
30000	0.990000	0.000000	0.000000	8.783908	0.640636
35000	0.990000	0.000000	0.000000	8.864228	0.638650
40000	0.990000	0.000000	0.000000	8.914012	0.637426
45000	0.990000	0.000000	0.000000	8.945000	0.636667
50000	0.990000	0.000000	0.000000	8.964339	0.636195
55000	0.990000	0.000000	0.000000	8.976427	0.635900
60000	0.990000	0.000000	0.000000	8.983991	0.635715
65000	0.990000	0.000000	0.000000	8.988726	0.635600
70000	0.990000	0.000000	0.000000	8.991692	0.635528
75000	0.990000	0.000000	0.000000	8.993550	0.635482
80000	0.990000	0.000000	0.000000	8.994715	0.635454
85000	0.990000	0.000000	0.000000	8.995444	0.635436
90000	0.990000	0.000000	0.000000	8.995901	0.635425
95000	0.990000	0.000000	0.000000	8.996188	0.635418
100000	0.990000	0.000000	0.000000	8.996367	0.635414

var1: 0.002500	 var2: 1.600000
gen	A2		B2		diseq		zbar		sexrat
0	0.990000	0.000000			3.000000	
5000	0.990000	0.000000	0.000000	6.253095	0.711558
10000	0.990000	0.000000	0.000000	7.450080	0.675860
15000	0.990000	0.000000	0.000000	8.078767	0.658711
20000	0.990000	0.000000	0.000000	8.438876	0.649334
25000	0.990000	0.000000	0.000000	8.653412	0.643893
30000	0.990000	0.000000	0.000000	8.783908	0.640636
35000	0.990000	0.000000	0.000000	8.864228	0.638650
40000	0.990000	0.000000	0.000000	8.914012	0.637426
45000	0.990000	0.000000	0.000000	8.945000	0.636667
50000	0.990000	0.000000	0.000000	8.964339	0.636195
55000	0.990000	0.000000	0.000000	8.976427	0.635900
60000	0.990000	0.000000	0.000000	8.983991	0.635715
65000	0.990000	0.000000	0.000000	8.988726	0.635600
70000	0.990000	0.000000	0.000000	8.991692	0.635528
75000	0.990000	0.000000	0.000000	8.993550	0.635482
80000	0.990000	0.000000	0.000000	8.994715	0.635454
85000	0.990000	0.000000	0.000000	8.995444	0.635436
90000	0.990000	0.000000	0.000000	8.995901	0.635425
95000	0.990000	0.000000	0.000000	8.996188	0.635418
100000	0.990000	0.000000	0.000000	8.996367	0.635414

var1: 0.002500	 var2: 1.700000
gen	A2		B2		diseq		zbar		sexrat
0	0.990000	0.000000			3.000000	
5000	0.990000	0.000000	0.000000	6.253095	0.711558
10000	0.990000	0.000000	0.000000	7.450080	0.675860
15000	0.990000	0.000000	0.000000	8.078767	0.658711
20000	0.990000	0.000000	0.000000	8.438876	0.649334
25000	0.990000	0.000000	0.000000	8.653412	0.643893
30000	0.990000	0.000000	0.000000