308	1000
292	1000000
292	1000001
292	1000010
292	1000011
292	1000100
292	1000101
292	1000110
292	1000111
292	1001
292	1001000
292	1001001
292	1001010
292	1001011
292	1001100
292	1001101
292	1001110
292	1001111
292	1010000
292	1010001
292	1010010
292	1010011
292	1010100
292	1010101
292	1010110
292	1010111
292	1011000
292	1011001
292	1011010
292	1011011
292	1011100
292	1011101
292	1011110
292	1011111
3848	11
292	1100000
292	1100001
292	1100010
292	1100011
292	1100100
292	1100101
292	1100110
292	1100111
292	1101000
292	1101001
292	1101010
292	1101011
292	1101100
292	1101101
292	1101110
292	1101111
292	1110000
292	1110001
292	1110010
292	1110011
292	1110100
292	1110101
292	1110110
292	1110111
292	1111000
292	1111001
292	1111010
292	1111011
292	1111100
292	1111101
292	1111110
292	1111111
292	1200000
292	12000000
292	1200001
292	1200010
292	1200011
292	1200100
292	1200101
292	1200110
292	1200111
292	1201000
292	1201001
292	1201010
292	1201011
292	1201100
292	1201101
292	1201110
292	1201111
292	1210000
292	12100000
292	1210001
292	1210010
292	1210011
292	1210100
292	1210101
292	1210110
292	1210111
292	1211000
292	1211001
292	1211010
292	1211011
292	1211100
292	1211101
292	1211110
292	1211111
292	12300000
292	1300000
292	1300001
292	1300010
292	1300011
292	1300100
292	1300101
292	1300110
292	1300111
292	1301000
292	1301001
292	1301010
292	1301011
292	1301100
292	1301101
292	1301110
292	1301111
292	1310000
292	1310001
292	1310010
292	1310011
292	1310100
292	1310101
292	1310110
292	1310111
292	1311000
292	1311001
292	1311010
292	1311011
292	1311100
292	1311101
292	1311110
292	1311111
3848	154000000
3848	154100000
3848	154200000
3848	154300000
3848	155000000
3848	155100000
3848	155200000
3848	155300000
3852	184000000
3848	184100000
3848	184200000
3848	184300000
3848	185000000
3848	185100000
3848	185200000
3848	185300000
292	2000000
292	2000001
292	2000010
292	2000011
292	2000100
292	2000101
292	2000110
292	2000111
292	2001000
292	2001001
292	2001010
292	2001011
292	2001100
292	2001101
292	2001110
292	2001111
292	2010000
292	2010001
292	2010010
292	2010011
292	2010100
292	2010101
292	2010110
292	2010111
292	2011000
292	2011001
292	2011010
292	2011011
292	2011100
292	2011101
292	2011110
292	2011111
292	2100000
292	2100001
292	2100010
292	2100011
292	2100100
292	2100101
292	2100110
292	2100111
292	2101000
292	2101001
292	2101010
292	2101011
292	2101100
292	2101101
292	2101110
292	2101111
292	2110000
292	2110001
292	2110010
292	2110011
292	2110100
292	2110101
292	2110110
292	2110111
292	2111000
292	2111001
292	2111010
292	2111011
292	2111100
292	2111101
292	2111110
292	2111111
292	2200000
292	22000000
292	2200001
292	2200010
292	2200011
292	2200100
292	2200101
292	2200110
292	2200111
292	2201000
292	2201001
292	2201010
292	2201011
292	2201100
292	2201101
292	2201110
292	2201111
292	2210000
292	22100000
292	2210001
292	2210010
292	2210011
292	2210100
292	2210101
292	2210110
292	2210111
292	2211000
292	2211001
292	2211010
292	2211011
292	2211100
292	2211101
292	2211110
292	2211111
292	22300000
292	2300000
292	2300001
292	2300010
292	2300011
292	2300100
292	2300101
292	2300110
292	2300111
292	2301000
292	2301001
292	2301010
292	2301011
292	2301100
292	2301101
292	2301110
292	2301111
292	2310000
292	2310001
292	2310010
292	2310011
292	2310100
292	2310101
292	2310110
292	2310111
292	2311000
292	2311001
292	2311010
292	2311011
292	2311100
292	2311101
292	2311110
292	2311111
3848	254000000
3848	254100000
3848	254200000
3848	254300000
3848	284000000
3848	284100000
3848	284200000
3848	284300000
292	31000000
292	31000001
292	31000010
292	31000011
292	31000100
292	31000101
292	31000110
292	31000111
292	31001000
292	31001001
292	31001010
292	31001011
292	31001100
292	31001101
292	31001110
292	31001111
292	31010000
292	31010001
292	31010010
292	31010011
292	31010100
292	31010101
292	31010110
292	31010111
292	31011000
292	31011001
292	31011010
292	31011011
292	31011100
292	31011101
292	31011110
292	31011111
292	31100000
292	31100001
292	31100010
292	31100011
292	31100100
292	31100101
292	31100110
292	31100111
292	31101000
292	31101001
292	31101010
292	31101011
292	31101100
292	31101101
292	31101110
292	31101111
292	31110000
292	31110001
292	31110010
292	31110011
292	31110100
292	31110101
292	31110110
292	31110111
292	31111000
292	31111001
292	31111010
292	31111011
292	31111100
292	31111101
292	31111110
292	31111111
292	31200000
292	31200001
292	31200010
292	31200011
292	31200100
292	31200101
292	31200110
292	31200111
292	31201000
292	31201001
292	31201010
292	31201011
292	31201100
292	31201101
292	31201110
292	31201111
292	31210000
292	31210001
292	31210010
292	31210011
292	31210100
292	31210101
292	31210110
292	31210111
292	31211000
292	31211001
292	31211010
292	31211011
292	31211100
292	31211101
292	31211110
292	31211111
292	31300000
292	31300001
292	31300010
292	31300011
292	31300100
292	31300101
292	31300110
292	31300111
292	31301000
292	31301001
292	31301010
292	31301011
292	31301100
292	31301101
292	31301110
292	31301111
292	31310000
292	31310001
292	31310010
292	31310011
292	31310100
292	31310101
292	31310110
292	31310111
292	31311000
292	31311001
292	31311010
292	31311011
292	31311100
292	31311101
292	31311110
292	31311111
292	32000000
292	32000001
292	32000010
292	32000011
292	32000100
292	32000101
292	32000110
292	32000111
292	32001000
292	32001001
292	32001010
292	32001011
292	32001100
292	32001101
292	32001110
292	32001111
292	32010000
292	32010001
292	32010010
292	32010011
292	32010100
292	32010101
292	32010110
292	32010111
292	32011000
292	32011001
292	32011010
292	32011011
292	32011100
292	32011101
292	32011110
292	32011111
292	32100000
292	32100001
292	32100010
292	32100011
292	32100100
292	32100101
292	32100110
292	32100111
292	32101000
292	32101001
292	32101010
292	32101011
292	32101100
292	32101101
292	32101110
292	32101111
292	32110000
292	32110001
292	32110010
292	32110011
292	32110100
292	32110101
292	32110110
292	32110111
292	32111000
292	32111001
292	32111010
292	32111011
292	32111100
292	32111101
292	32111110
292	32111111
292	32200000
292	32200001
292	32200010
292	32200011
292	32200100
292	32200101
292	32200110
292	32200111
292	32201000
292	32201001
292	32201010
292	32201011
292	32201100
292	32201101
292	32201110
292	32201111
292	32210000
292	32210001
292	32210010
292	32210011
292	32210100
292	32210101
292	32210110
292	32210111
292	32211000
292	32211001
292	32211010
292	32211011
292	32211100
292	32211101
292	32211110
292	32211111
292	32300000
292	32300001
292	32300010
292	32300011
292	32300100
292	32300101
292	32300110
292	32300111
292	32301000
292	32301001
292	32301010
292	32301011
292	32301100
292	32301101
292	32301110
292	32301111
292	32310000
292	32310001
292	32310010
292	32310011
292	32310100
292	32310101
292	32310110
292	32310111
292	32311000
292	32311001
292	32311010
292	32311011
292	32311100
292	32311101
292	32311110
292	32311111
292	33000000
292	33100000
292	33300000
292	42000000
292	42100000
292	42300000
3848	51000000
3848	51100000
3848	51200000
3848	51300000
3848	53000000
3848	53100000
3848	53200000
3848	53300000
3848	55000000
3848	55100000
3848	55200000
3848	55300000
3848	7
3852	84000000
3852	84100000
3848	84200000
3848	84300000
3852	84900000
3852	85000000
3852	85100000
3848	85200000
3848	85300000
3852	94000000
3852	94100000
3848	94200000
3848	94300000
4	new1
4	new2
8	new_2_257.o3863217.10
8	new_2_257.o3863217.100
8	new_2_257.o3863217.101
8	new_2_257.o3863217.102
8	new_2_257.o3863217.103
8	new_2_257.o3863217.104
8	new_2_257.o3863217.105
8	new_2_257.o3863217.106
8	new_2_257.o3863217.107
8	new_2_257.o3863217.108
8	new_2_257.o3863217.109
8	new_2_257.o3863217.11
8	new_2_257.o3863217.110
8	new_2_257.o3863217.111
8	new_2_257.o3863217.112
8	new_2_257.o3863217.113
8	new_2_257.o3863217.114
8	new_2_257.o3863217.115
8	new_2_257.o3863217.116
8	new_2_257.o3863217.117
8	new_2_257.o3863217.118
8	new_2_257.o3863217.119
8	new_2_257.o3863217.12
8	new_2_257.o3863217.120
8	new_2_257.o3863217.121
8	new_2_257.o3863217.122
8	new_2_257.o3863217.123
8	new_2_257.o3863217.124
8	new_2_257.o3863217.125
8	new_2_257.o3863217.126
8	new_2_257.o3863217.127
8	new_2_257.o3863217.128
8	new_2_257.o3863217.129
8	new_2_257.o3863217.13
8	new_2_257.o3863217.130
8	new_2_257.o3863217.131
8	new_2_257.o3863217.132
8	new_2_257.o3863217.133
8	new_2_257.o3863217.134
8	new_2_257.o3863217.135
8	new_2_257.o3863217.136
8	new_2_257.o3863217.137
8	new_2_257.o3863217.138
8	new_2_257.o3863217.139
8	new_2_257.o3863217.14
8	new_2_257.o3863217.140
8	new_2_257.o3863217.141
8	new_2_257.o3863217.142
8	new_2_257.o3863217.143
8	new_2_257.o3863217.144
8	new_2_257.o3863217.145
8	new_2_257.o3863217.146
8	new_2_257.o3863217.147
8	new_2_257.o3863217.148
8	new_2_257.o3863217.149
8	new_2_257.o3863217.15
8	new_2_257.o3863217.150
8	new_2_257.o3863217.151
8	new_2_257.o3863217.152
8	new_2_257.o3863217.153
8	new_2_257.o3863217.154
8	new_2_257.o3863217.155
8	new_2_257.o3863217.156
8	new_2_257.o3863217.157
8	new_2_257.o3863217.158
8	new_2_257.o3863217.159
8	new_2_257.o3863217.16
8	new_2_257.o3863217.160
8	new_2_257.o3863217.161
8	new_2_257.o3863217.162
8	new_2_257.o3863217.163
8	new_2_257.o3863217.164
8	new_2_257.o3863217.165
8	new_2_257.o3863217.166
8	new_2_257.o3863217.167
8	new_2_257.o3863217.168
8	new_2_257.o3863217.169
8	new_2_257.o3863217.17
8	new_2_257.o3863217.170
8	new_2_257.o3863217.171
8	new_2_257.o3863217.172
8	new_2_257.o3863217.173
8	new_2_257.o3863217.174
8	new_2_257.o3863217.175
8	new_2_257.o3863217.176
8	new_2_257.o3863217.177
8	new_2_257.o3863217.178
8	new_2_257.o3863217.179
8	new_2_257.o3863217.18
8	new_2_257.o3863217.180
8	new_2_257.o3863217.181
8	new_2_257.o3863217.182
8	new_2_257.o3863217.183
8	new_2_257.o3863217.184
8	new_2_257.o3863217.185
8	new_2_257.o3863217.186
8	new_2_257.o3863217.187
8	new_2_257.o3863217.188
8	new_2_257.o3863217.189
8	new_2_257.o3863217.19
8	new_2_257.o3863217.190
8	new_2_257.o3863217.191
8	new_2_257.o3863217.192
8	new_2_257.o3863217.193
8	new_2_257.o3863217.194
8	new_2_257.o3863217.195
8	new_2_257.o3863217.196
8	new_2_257.o3863217.197
8	new_2_257.o3863217.198
8	new_2_257.o3863217.199
8	new_2_257.o3863217.2
8	new_2_257.o3863217.20
8	new_2_257.o3863217.200
8	new_2_257.o3863217.201
8	new_2_257.o3863217.202
8	new_2_257.o3863217.203
8	new_2_257.o3863217.204
8	new_2_257.o3863217.205
8	new_2_257.o3863217.206
8	new_2_257.o3863217.207
8	new_2_257.o3863217.208
8	new_2_257.o3863217.209
8	new_2_257.o3863217.21
8	new_2_257.o3863217.210
8	new_2_257.o3863217.211
8	new_2_257.o3863217.212
8	new_2_257.o3863217.213
8	new_2_257.o3863217.214
8	new_2_257.o3863217.215
8	new_2_257.o3863217.216
8	new_2_257.o3863217.217
8	new_2_257.o3863217.218
8	new_2_257.o3863217.219
8	new_2_257.o3863217.22
8	new_2_257.o3863217.220
8	new_2_257.o3863217.221
8	new_2_257.o3863217.222
8	new_2_257.o3863217.223
8	new_2_257.o3863217.224
8	new_2_257.o3863217.225
8	new_2_257.o3863217.226
8	new_2_257.o3863217.227
8	new_2_257.o3863217.228
8	new_2_257.o3863217.229
8	new_2_257.o3863217.23
8	new_2_257.o3863217.230
8	new_2_257.o3863217.231
8	new_2_257.o3863217.232
8	new_2_257.o3863217.233
8	new_2_257.o3863217.234
8	new_2_257.o3863217.235
8	new_2_257.o3863217.236
8	new_2_257.o3863217.237
8	new_2_257.o3863217.238
8	new_2_257.o3863217.239
8	new_2_257.o3863217.24
8	new_2_257.o3863217.240
8	new_2_257.o3863217.241
8	new_2_257.o3863217.242
8	new_2_257.o3863217.243
8	new_2_257.o3863217.244
8	new_2_257.o3863217.245
8	new_2_257.o3863217.246
8	new_2_257.o3863217.247
8	new_2_257.o3863217.248
8	new_2_257.o3863217.249
8	new_2_257.o3863217.25
8	new_2_257.o3863217.250
8	new_2_257.o3863217.251
8	new_2_257.o3863217.252
8	new_2_257.o3863217.253
8	new_2_257.o3863217.254
8	new_2_257.o3863217.255
8	new_2_257.o3863217.256
8	new_2_257.o3863217.257
8	new_2_257.o3863217.26
8	new_2_257.o3863217.27
8	new_2_257.o3863217.28
8	new_2_257.o3863217.29
8	new_2_257.o3863217.3
8	new_2_257.o3863217.30
8	new_2_257.o3863217.31
8	new_2_257.o3863217.32
8	new_2_257.o3863217.33
8	new_2_257.o3863217.34
8	new_2_257.o3863217.35
8	new_2_257.o3863217.36
8	new_2_257.o3863217.37
8	new_2_257.o3863217.38
8	new_2_257.o3863217.39
8	new_2_257.o3863217.4
8	new_2_257.o3863217.40
8	new_2_257.o3863217.41
8	new_2_257.o3863217.42
8	new_2_257.o3863217.43
8	new_2_257.o3863217.44
8	new_2_257.o3863217.45
8	new_2_257.o3863217.46
8	new_2_257.o3863217.47
8	new_2_257.o3863217.48
8	new_2_257.o3863217.49
8	new_2_257.o3863217.5
8	new_2_257.o3863217.50
8	new_2_257.o3863217.51
8	new_2_257.o3863217.52
8	new_2_257.o3863217.53
8	new_2_257.o3863217.54
8	new_2_257.o3863217.55
8	new_2_257.o3863217.56
8	new_2_257.o3863217.57
8	new_2_257.o3863217.58
8	new_2_257.o3863217.59
8	new_2_257.o3863217.6
8	new_2_257.o3863217.60
8	new_2_257.o3863217.61
8	new_2_257.o3863217.62
8	new_2_257.o3863217.63
8	new_2_257.o3863217.64
8	new_2_257.o3863217.65
8	new_2_257.o3863217.66
8	new_2_257.o3863217.67
8	new_2_257.o3863217.68
8	new_2_257.o3863217.69
8	new_2_257.o3863217.7
8	new_2_257.o3863217.70
8	new_2_257.o3863217.71
8	new_2_257.o3863217.72
8	new_2_257.o3863217.73
8	new_2_257.o3863217.74
8	new_2_257.o3863217.75
8	new_2_257.o3863217.76
8	new_2_257.o3863217.77
8	new_2_257.o3863217.78
8	new_2_257.o3863217.79
8	new_2_257.o3863217.8
8	new_2_257.o3863217.80
8	new_2_257.o3863217.81
8	new_2_257.o3863217.82
8	new_2_257.o3863217.83
8	new_2_257.o3863217.84
8	new_2_257.o3863217.85
8	new_2_257.o3863217.86
8	new_2_257.o3863217.87
8	new_2_257.o3863217.88
8	new_2_257.o3863217.89
8	new_2_257.o3863217.9
8	new_2_257.o3863217.90
8	new_2_257.o3863217.91
8	new_2_257.o3863217.92
8	new_2_257.o3863217.93
8	new_2_257.o3863217.94
8	new_2_257.o3863217.95
8	new_2_257.o3863217.96
8	new_2_257.o3863217.97
8	new_2_257.o3863217.98
8	new_2_257.o3863217.99
8	new_258_525.o3863238.258
8	new_258_525.o3863238.259
8	new_258_525.o3863238.260
8	new_258_525.o3863238.261
8	new_258_525.o3863238.262
8	new_258_525.o3863238.327
8	new_258_525.o3863238.328
8	new_258_525.o3863238.329
8	new_258_525.o3863238.330
8	new_258_525.o3863238.331
8	new_258_525.o3863238.332
8	new_258_525.o3863238.333
8	new_258_525.o3863238.334
8	new_258_525.o3863238.335
8	new_258_525.o3863238.336
8	new_258_525.o3863238.337
8	new_258_525.o3863238.338
8	new_258_525.o3863238.339
8	new_258_525.o3863238.340
8	new_258_525.o3863238.341
8	new_258_525.o3863238.342
8	new_258_525.o3863238.343
8	new_258_525.o3863238.344
8	new_258_525.o3863238.345
8	new_258_525.o3863238.346
8	new_258_525.o3863238.347
8	new_258_525.o3863238.348
8	new_258_525.o3863238.349
8	new_258_525.o3863238.350
8	new_258_525.o3863238.351
8	new_258_525.o3863238.352
8	new_258_525.o3863238.353
8	new_258_525.o3863238.354
8	new_258_525.o3863238.355
8	new_258_525.o3863238.356
8	new_258_525.o3863238.357
8	new_258_525.o3863238.358
8	new_258_525.o3863238.359
8	new_258_525.o3863238.360
8	new_258_525.o3863238.361
8	new_258_525.o3863238.362
8	new_258_525.o3863238.363
8	new_258_525.o3863238.364
8	new_258_525.o3863238.365
8	new_258_525.o3863238.366
8	new_258_525.o3863238.367
8	new_258_525.o3863238.368
8	new_258_525.o3863238.369
8	new_258_525.o3863238.370
8	new_258_525.o3863238.371
8	new_258_525.o3863238.372
8	new_258_525.o3863238.373
8	new_258_525.o3863238.374
8	new_258_525.o3863238.375
8	new_258_525.o3863238.376
8	new_258_525.o3863238.377
8	new_258_525.o3863238.378
8	new_258_525.o3863238.379
8	new_258_525.o3863238.380
8	new_258_525.o3863238.381
8	new_258_525.o3863238.382
8	new_258_525.o3863238.383
8	new_258_525.o3863238.384
8	new_258_525.o3863238.385
8	new_258_525.o3863238.386
8	new_258_525.o3863238.387
8	new_258_525.o3863238.388
8	new_258_525.o3863238.389
8	new_258_525.o3863238.390
8	new_258_525.o3863238.391
8	new_258_525.o3863238.392
8	new_258_525.o3863238.393
8	new_258_525.o3863238.394
8	new_258_525.o3863238.395
8	new_258_525.o3863238.396
8	new_258_525.o3863238.397
8	new_258_525.o3863238.398
8	new_258_525.o3863238.399
8	new_258_525.o3863238.400
8	new_258_525.o3863238.401
8	new_258_525.o3863238.402
8	new_258_525.o3863238.403
8	new_258_525.o3863238.404
8	new_258_525.o3863238.405
8	new_258_525.o3863238.406
8	new_258_525.o3863238.407
8	new_258_525.o3863238.408
8	new_258_525.o3863238.409
8	new_258_525.o3863238.410
8	new_258_525.o3863238.411
8	new_258_525.o3863238.412
8	new_258_525.o3863238.413
8	new_258_525.o3863238.414
8	new_258_525.o3863238.415
8	new_258_525.o3863238.416
8	new_258_525.o3863238.417
8	new_258_525.o3863238.418
8	new_258_525.o3863238.419
8	new_258_525.o3863238.420
8	new_258_525.o3863238.421
8	new_258_525.o3863238.422
8	new_258_525.o3863238.423
8	new_258_525.o3863238.424
8	new_258_525.o3863238.425
8	new_258_525.o3863238.426
8	new_258_525.o3863238.427
8	new_258_525.o3863238.428
8	new_258_525.o3863238.429
8	new_258_525.o3863238.430
8	new_258_525.o3863238.431
8	new_258_525.o3863238.432
8	new_258_525.o3863238.433
8	new_258_525.o3863238.434
8	new_258_525.o3863238.435
8	new_258_525.o3863238.436
8	new_258_525.o3863238.437
8	new_258_525.o3863238.438
8	new_258_525.o3863238.439
8	new_258_525.o3863238.440
8	new_258_525.o3863238.441
8	new_258_525.o3863238.442
8	new_258_525.o3863238.443
8	new_258_525.o3863238.444
8	new_258_525.o3863238.445
8	new_258_525.o3863238.446
8	new_258_525.o3863238.447
8	new_258_525.o3863238.448
8	new_258_525.o3863238.449
8	new_258_525.o3863238.450
8	new_258_525.o3863238.451
8	new_258_525.o3863238.452
8	new_258_525.o3863238.453
8	new_258_525.o3863238.454
8	new_258_525.o3863238.455
8	new_258_525.o3863238.456
8	new_258_525.o3863238.457
8	new_258_525.o3863238.458
8	new_258_525.o3863238.459
8	new_258_525.o3863238.460
8	new_258_525.o3863238.461
8	new_258_525.o3863238.462
8	new_258_525.o3863238.463
8	new_258_525.o3863238.464
8	new_258_525.o3863238.465
8	new_258_525.o3863238.466
8	new_258_525.o3863238.467
8	new_258_525.o3863238.468
8	new_258_525.o3863238.469
8	new_258_525.o3863238.470
8	new_258_525.o3863238.471
8	new_258_525.o3863238.472
8	new_258_525.o3863238.473
8	new_258_525.o3863238.474
8	new_258_525.o3863238.475
8	new_258_525.o3863238.476
8	new_258_525.o3863238.477
8	new_258_525.o3863238.478
8	new_258_525.o3863238.479
8	new_258_525.o3863238.480
8	new_258_525.o3863238.481
8	new_258_525.o3863238.482
8	new_258_525.o3863238.483
8	new_258_525.o3863238.484
8	new_258_525.o3863238.485
8	new_258_525.o3863238.486
8	new_258_525.o3863238.487
8	new_258_525.o3863238.488
8	new_258_525.o3863238.489
8	new_258_525.o3863238.490
8	new_258_525.o3863238.491
8	new_258_525.o3863238.492
8	new_258_525.o3863238.493
8	new_258_525.o3863238.494
8	new_258_525.o3863238.495
8	new_258_525.o3863238.496
8	new_258_525.o3863238.497
8	new_258_525.o3863238.498
8	new_258_525.o3863238.499
8	new_258_525.o3863238.500
8	new_258_525.o3863238.501
8	new_258_525.o3863238.502
8	new_258_525.o3863238.503
8	new_258_525.o3863238.504
8	new_258_525.o3863238.505
8	new_258_525.o3863238.506
8	new_258_525.o3863238.507
8	new_258_525.o3863238.508
8	new_258_525.o3863238.509
8	new_258_525.o3863238.510
8	new_258_525.o3863238.511
8	new_258_525.o3863238.512
8	new_258_525.o3863238.513
8	new_258_525.o3863238.514
8	new_258_525.o3863238.515
8	new_258_525.o3863238.516
8	new_258_525.o3863238.517
8	new_258_525.o3863238.518
8	new_258_525.o3863238.519
8	new_258_525.o3863238.520
8	new_258_525.o3863238.521
8	new_258_525.o3863238.522
8	new_258_525.o3863238.523
8	new_258_525.o3863238.524
8	new_258_525.o3863238.525
8	new_263_326.o3878789.263
8	new_263_326.o3878789.264
8	new_263_326.o3878789.265
8	new_263_326.o3878789.266
8	new_263_326.o3878789.267
8	new_263_326.o3878789.268
8	new_263_326.o3878789.269
8	new_263_326.o3878789.270
8	new_263_326.o3878789.271
8	new_263_326.o3878789.272
8	new_263_326.o3878789.273
8	new_263_326.o3878789.274
8	new_263_326.o3878789.316
8	new_263_326.o3878789.317
8	new_263_326.o3878789.318
8	new_263_326.o3878789.319
8	new_263_326.o3878789.320
8	new_263_326.o3878789.321
8	new_263_326.o3878789.322
8	new_263_326.o3878789.323
8	new_263_326.o3878789.324
8	new_263_326.o3878789.325
8	new_263_326.o3878789.326
4	new3
4	new4
100	new_526_574.o3863239.526
100	new_526_574.o3863239.527
100	new_526_574.o3863239.528
100	new_526_574.o3863239.529
100	new_526_574.o3863239.530
100	new_526_574.o3863239.531
100	new_526_574.o3863239.532
100	new_526_574.o3863239.533
100	new_526_574.o3863239.534
100	new_526_574.o3863239.535
100	new_526_574.o3863239.536
100	new_526_574.o3863239.537
100	new_526_574.o3863239.538
100	new_526_574.o3863239.539
100	new_526_574.o3863239.540
100	new_526_574.o3863239.541
100	new_526_574.o3863239.542
100	new_526_574.o3863239.543
100	new_526_574.o3863239.544
100	new_526_574.o3863239.545
100	new_526_574.o3863239.546
100	new_526_574.o3863239.547
100	new_526_574.o3863239.548
100	new_526_574.o3863239.549
100	new_526_574.o3863239.550
100	new_526_574.o3863239.551
100	new_526_574.o3863239.552
100	new_526_574.o3863239.553
100	new_526_574.o3863239.554
100	new_526_574.o3863239.555
100	new_526_574.o3863239.556
100	new_526_574.o3863239.557
100	new_526_574.o3863239.558
100	new_526_574.o3863239.559
100	new_526_574.o3863239.560
100	new_526_574.o3863239.561
100	new_526_574.o3863239.562
100	new_526_574.o3863239.563
100	new_526_574.o3863239.564
100	new_526_574.o3863239.565
100	new_526_574.o3863239.566
100	new_526_574.o3863239.567
100	new_526_574.o3863239.568
100	new_526_574.o3863239.569
100	new_526_574.o3863239.570
100	new_526_574.o3863239.571
100	new_526_574.o3863239.572
100	new_526_574.o3863239.573
100	new_526_574.o3863239.574
26696	newruns.tar.gz
68	params.tsv
44	popquantselnewtab
44	popquantselnewtab.c
