
########################### Run 1 ######################
var1: 0.000000	 var2: 0.000000
gen	A2		B2		diseq		zbar		sexrat
0	0.990000	0.000000			3.000000	
5000	0.990000	0.000000	0.000000	6.635920	0.733443
10000	0.990000	0.000000	0.000000	8.148628	0.692944
15000	0.990000	0.000000	0.000000	9.055885	0.670997
20000	0.990000	0.000000	0.000000	9.655530	0.657341
25000	0.990000	0.000000	0.000000	10.071044	0.648246
30000	0.990000	0.000000	0.000000	10.366972	0.641943
35000	0.990000	0.000000	0.000000	10.581434	0.637463
40000	0.990000	0.000000	0.000000	10.738679	0.634224
45000	0.990000	0.000000	0.000000	10.854912	0.631854
50000	0.990000	0.000000	0.000000	10.941323	0.630105
55000	0.990000	0.000000	0.000000	11.005832	0.628807
60000	0.990000	0.000000	0.000000	11.054137	0.627839
65000	0.990000	0.000000	0.000000	11.090389	0.627115
70000	0.990000	0.000000	0.000000	11.117640	0.626571
75000	0.990000	0.000000	0.000000	11.138152	0.626163
80000	0.990000	0.000000	0.000000	11.153604	0.625856
85000	0.990000	0.000000	0.000000	11.165253	0.625625
90000	0.990000	0.000000	0.000000	11.174040	0.625451
95000	0.990000	0.000000	0.000000	11.180670	0.625319
100000	0.990000	0.000000	0.000000	11.185674	0.625220

var1: 0.000000	 var2: 0.100000
gen	A2		B2		diseq		zbar		sexrat
0	0.990000	0.000000			3.000000	
5000	0.990000	0.000000	0.000000	6.635920	0.733443
10000	0.990000	0.000000	0.000000	8.148628	0.692944
15000	0.990000	0.000000	0.000000	9.055885	0.670997
20000	0.990000	0.000000	0.000000	9.655530	0.657341
25000	0.990000	0.000000	0.000000	10.071044	0.648246
30000	0.990000	0.000000	0.000000	10.366972	0.641943
35000	0.990000	0.000000	0.000000	10.581434	0.637463
40000	0.990000	0.000000	0.000000	10.738679	0.634224
45000	0.990000	0.000000	0.000000	10.854912	0.631854
50000	0.990000	0.000000	0.000000	10.941323	0.630105
55000	0.990000	0.000000	0.000000	11.005832	0.628807
60000	0.990000	0.000000	0.000000	11.054137	0.627839
65000	0.990000	0.000000	0.000000	11.090389	0.627115
70000	0.990000	0.000000	0.000000	11.117640	0.626571
75000	0.990000	0.000000	0.000000	11.138152	0.626163
80000	0.990000	0.000000	0.000000	11.153604	0.625856
85000	0.990000	0.000000	0.000000	11.165253	0.625625
90000	0.990000	0.000000	0.000000	11.174040	0.625451
95000	0.990000	0.000000	0.000000	11.180670	0.625319
100000	0.990000	0.000000	0.000000	11.185674	0.625220

var1: 0.000000	 var2: 0.200000
gen	A2		B2		diseq		zbar		sexrat
0	0.990000	0.000000			3.000000	
5000	0.990000	0.000000	0.000000	6.635920	0.733443
10000	0.990000	0.000000	0.000000	8.148628	0.692944
15000	0.990000	0.000000	0.000000	9.055885	0.670997
20000	0.990000	0.000000	0.000000	9.655530	0.657341
25000	0.990000	0.000000	0.000000	10.071044	0.648246
30000	0.990000	0.000000	0.000000	10.366972	0.641943
35000	0.990000	0.000000	0.000000	10.581434	0.637463
40000	0.990000	0.000000	0.000000	10.738679	0.634224
45000	0.990000	0.000000	0.000000	10.854912	0.631854
50000	0.990000	0.000000	0.000000	10.941323	0.630105
55000	0.990000	0.000000	0.000000	11.005832	0.628807
60000	0.990000	0.000000	0.000000	11.054137	0.627839
65000	0.990000	0.000000	0.000000	11.090389	0.627115
70000	0.990000	0.000000	0.000000	11.117640	0.626571
75000	0.990000	0.000000	0.000000	11.138152	0.626163
80000	0.990000	0.000000	0.000000	11.153604	0.625856
85000	0.990000	0.000000	0.000000	11.165253	0.625625
90000	0.990000	0.000000	0.000000	11.174040	0.625451
95000	0.990000	0.000000	0.000000	11.180670	0.625319
100000	0.990000	0.000000	0.000000	11.185674	0.625220

var1: 0.000000	 var2: 0.300000
gen	A2		B2		diseq		zbar		sexrat
0	0.990000	0.000000			3.000000	
5000	0.990000	0.000000	0.000000	6.635920	0.733443
10000	0.990000	0.000000	0.000000	8.148628	0.692944
15000	0.990000	0.000000	0.000000	9.055885	0.670997
20000	0.990000	0.000000	0.000000	9.655530	0.657341
25000	0.990000	0.000000	0.000000	10.071044	0.648246
30000	0.990000	0.000000	0.000000	10.366972	0.641943
35000	0.990000	0.000000	0.000000	10.581434	0.637463
40000	0.990000	0.000000	0.000000	10.738679	0.634224
45000	0.990000	0.000000	0.000000	10.854912	0.631854
50000	0.990000	0.000000	0.000000	10.941323	0.630105
55000	0.990000	0.000000	0.000000	11.005832	0.628807
60000	0.990000	0.000000	0.000000	11.054137	0.627839
65000	0.990000	0.000000	0.000000	11.090389	0.627115
70000	0.990000	0.000000	0.000000	11.117640	0.626571
75000	0.990000	0.000000	0.000000	11.138152	0.626163
80000	0.990000	0.000000	0.000000	11.153604	0.625856
85000	0.990000	0.000000	0.000000	11.165253	0.625625
90000	0.990000	0.000000	0.000000	11.174040	0.625451
95000	0.990000	0.000000	0.000000	11.180670	0.625319
100000	0.990000	0.000000	0.000000	11.185674	0.625220

var1: 0.000000	 var2: 0.400000
gen	A2		B2		diseq		zbar		sexrat
0	0.990000	0.000000			3.000000	
5000	0.990000	0.000000	0.000000	6.635920	0.733443
10000	0.990000	0.000000	0.000000	8.148628	0.692944
15000	0.990000	0.000000	0.000000	9.055885	0.670997
20000	0.990000	0.000000	0.000000	9.655530	0.657341
25000	0.990000	0.000000	0.000000	10.071044	0.648246
30000	0.990000	0.000000	0.000000	10.366972	0.641943
35000	0.990000	0.000000	0.000000	10.581434	0.637463
40000	0.990000	0.000000	0.000000	10.738679	0.634224
45000	0.990000	0.000000	0.000000	10.854912	0.631854
50000	0.990000	0.000000	0.000000	10.941323	0.630105
55000	0.990000	0.000000	0.000000	11.005832	0.628807
60000	0.990000	0.000000	0.000000	11.054137	0.627839
65000	0.990000	0.000000	0.000000	11.090389	0.627115
70000	0.990000	0.000000	0.000000	11.117640	0.626571
75000	0.990000	0.000000	0.000000	11.138152	0.626163
80000	0.990000	0.000000	0.000000	11.153604	0.625856
85000	0.990000	0.000000	0.000000	11.165253	0.625625
90000	0.990000	0.000000	0.000000	11.174040	0.625451
95000	0.990000	0.000000	0.000000	11.180670	0.625319
100000	0.990000	0.000000	0.000000	11.185674	0.625220

var1: 0.000000	 var2: 0.500000
gen	A2		B2		diseq		zbar		sexrat
0	0.990000	0.000000			3.000000	
5000	0.990000	0.000000	0.000000	6.635920	0.733443
10000	0.990000	0.000000	0.000000	8.148628	0.692944
15000	0.990000	0.000000	0.000000	9.055885	0.670997
20000	0.990000	0.000000	0.000000	9.655530	0.657341
25000	0.990000	0.000000	0.000000	10.071044	0.648246
30000	0.990000	0.000000	0.000000	10.366972	0.641943
35000	0.990000	0.000000	0.000000	10.581434	0.637463
40000	0.990000	0.000000	0.000000	10.738679	0.634224
45000	0.990000	0.000000	0.000000	10.854912	0.631854
50000	0.990000	0.000000	0.000000	10.941323	0.630105
55000	0.990000	0.000000	0.000000	11.005832	0.628807
60000	0.990000	0.000000	0.000000	11.054137	0.627839
65000	0.990000	0.000000	0.000000	11.090389	0.627115
70000	0.990000	0.000000	0.000000	11.117640	0.626571
75000	0.990000	0.000000	0.000000	11.138152	0.626163
80000	0.990000	0.000000	0.000000	11.153604	0.625856
85000	0.990000	0.000000	0.000000	11.165253	0.625625
90000	0.990000	0.000000	0.000000	11.174040	0.625451
95000	0.990000	0.000000	0.000000	11.180670	0.625319
100000	0.990000	0.000000	0.000000	11.185674	0.625220

var1: 0.000000	 var2: 0.600000
gen	A2		B2		diseq		zbar		sexrat
0	0.990000	0.000000			3.000000	
5000	0.990000	0.000000	0.000000	6.635920	0.733443
10000	0.990000	0.000000	0.000000	8.148628	0.692944
15000	0.990000	0.000000	0.000000	9.055885	0.670997
20000	0.990000	0.000000	0.000000	9.655530	0.657341
25000	0.990000	0.000000	0.000000	10.071044	0.648246
30000	0.990000	0.000000	0.000000	10.366972	0.641943
35000	0.990000	0.000000	0.000000	10.581434	0.637463
40000	0.990000	0.000000	0.000000	10.738679	0.634224
45000	0.990000	0.000000	0.000000	10.854912	0.631854
50000	0.990000	0.000000	0.000000	10.941323	0.630105
55000	0.990000	0.000000	0.000000	11.005832	0.628807
60000	0.990000	0.000000	0.000000	11.054137	0.627839
65000	0.990000	0.000000	0.000000	11.090389	0.627115
70000	0.990000	0.000000	0.000000	11.117640	0.626571
75000	0.990000	0.000000	0.000000	11.138152	0.626163
80000	0.990000	0.000000	0.000000	11.153604	0.625856
85000	0.990000	0.000000	0.000000	11.165253	0.625625
90000	0.990000	0.000000	0.000000	11.174040	0.625451
95000	0.990000	0.000000	0.000000	11.180670	0.625319
100000	0.990000	0.000000	0.000000	11.185674	0.625220

var1: 0.000000	 var2: 0.700000
gen	A2		B2		diseq		zbar		sexrat
0	0.990000	0.000000			3.000000	
5000	0.990000	0.000000	0.000000	6.635920	0.733443
10000	0.990000	0.000000	0.000000	8.148628	0.692944
15000	0.990000	0.000000	0.000000	9.055885	0.670997
20000	0.990000	0.000000	0.000000	9.655530	0.657341
25000	0.990000	0.000000	0.000000	10.071044	0.648246
30000	0.990000	0.000000	0.000000	10.366972	0.641943
35000	0.990000	0.000000	0.000000	10.581434	0.637463
40000	0.990000	0.000000	0.000000	10.738679	0.634224
45000	0.990000	0.000000	0.000000	10.854912	0.631854
50000	0.990000	0.000000	0.000000	10.941323	0.630105
55000	0.990000	0.000000	0.000000	11.005832	0.628807
60000	0.990000	0.000000	0.000000	11.054137	0.627839
65000	0.990000	0.000000	0.000000	11.090389	0.627115
70000	0.990000	0.000000	0.000000	11.117640	0.626571
75000	0.990000	0.000000	0.000000	11.138152	0.626163
80000	0.990000	0.000000	0.000000	11.153604	0.625856
85000	0.990000	0.000000	0.000000	11.165253	0.625625
90000	0.990000	0.000000	0.000000	11.174040	0.625451
95000	0.990000	0.000000	0.000000	11.180670	0.625319
100000	0.990000	0.000000	0.000000	11.185674	0.625220

var1: 0.000000	 var2: 0.800000
gen	A2		B2		diseq		zbar		sexrat
0	0.990000	0.000000			3.000000	
5000	0.990000	0.000000	0.000000	6.635920	0.733443
10000	0.990000	0.000000	0.000000	8.148628	0.692944
15000	0.990000	0.000000	0.000000	9.055885	0.670997
20000	0.990000	0.000000	0.000000	9.655530	0.657341
25000	0.990000	0.000000	0.000000	10.071044	0.648246
30000	0.990000	0.000000	0.000000	10.366972	0.641943
35000	0.990000	0.000000	0.000000	10.581434	0.637463
40000	0.990000	0.000000	0.000000	10.738679	0.634224
45000	0.990000	0.000000	0.000000	10.854912	0.631854
50000	0.990000	0.000000	0.000000	10.941323	0.630105
55000	0.990000	0.000000	0.000000	11.005832	0.628807
60000	0.990000	0.000000	0.000000	11.054137	0.627839
65000	0.990000	0.000000	0.000000	11.090389	0.627115
70000	0.990000	0.000000	0.000000	11.117640	0.626571
75000	0.990000	0.000000	0.000000	11.138152	0.626163
80000	0.990000	0.000000	0.000000	11.153604	0.625856
85000	0.990000	0.000000	0.000000	11.165253	0.625625
90000	0.990000	0.000000	0.000000	11.174040	0.625451
95000	0.990000	0.000000	0.000000	11.180670	0.625319
100000	0.990000	0.000000	0.000000	11.185674	0.625220

var1: 0.000000	 var2: 0.900000
gen	A2		B2		diseq		zbar		sexrat
0	0.990000	0.000000			3.000000	
5000	0.990000	0.000000	0.000000	6.635920	0.733443
10000	0.990000	0.000000	0.000000	8.148628	0.692944
15000	0.990000	0.000000	0.000000	9.055885	0.670997
20000	0.990000	0.000000	0.000000	9.655530	0.657341
25000	0.990000	0.000000	0.000000	10.071044	0.648246
30000	0.990000	0.000000	0.000000	10.366972	0.641943
35000	0.990000	0.000000	0.000000	10.581434	0.637463
40000	0.990000	0.000000	0.000000	10.738679	0.634224
45000	0.990000	0.000000	0.000000	10.854912	0.631854
50000	0.990000	0.000000	0.000000	10.941323	0.630105
55000	0.990000	0.000000	0.000000	11.005832	0.628807
60000	0.990000	0.000000	0.000000	11.054137	0.627839
65000	0.990000	0.000000	0.000000	11.090389	0.627115
70000	0.990000	0.000000	0.000000	11.117640	0.626571
75000	0.990000	0.000000	0.000000	11.138152	0.626163
80000	0.990000	0.000000	0.000000	11.153604	0.625856
85000	0.990000	0.000000	0.000000	11.165253	0.625625
90000	0.990000	0.000000	0.000000	11.174040	0.625451
95000	0.990000	0.000000	0.000000	11.180670	0.625319
100000	0.990000	0.000000	0.000000	11.185674	0.625220

var1: 0.000000	 var2: 1.000000
gen	A2		B2		diseq		zbar		sexrat
0	0.990000	0.000000			3.000000	
5000	0.990000	0.000000	0.000000	6.635920	0.733443
10000	0.990000	0.000000	0.000000	8.148628	0.692944
15000	0.990000	0.000000	0.000000	9.055885	0.670997
20000	0.990000	0.000000	0.000000	9.655530	0.657341
25000	0.990000	0.000000	0.000000	10.071044	0.648246
30000	0.990000	0.000000	0.000000	10.366972	0.641943
35000	0.990000	0.000000	0.000000	10.581434	0.637463
40000	0.990000	0.000000	0.000000	10.738679	0.634224
45000	0.990000	0.000000	0.000000	10.854912	0.631854
50000	0.990000	0.000000	0.000000	10.941323	0.630105
55000	0.990000	0.000000	0.000000	11.005832	0.628807
60000	0.990000	0.000000	0.000000	11.054137	0.627839
65000	0.990000	0.000000	0.000000	11.090389	0.627115
70000	0.990000	0.000000	0.000000	11.117640	0.626571
75000	0.990000	0.000000	0.000000	11.138152	0.626163
80000	0.990000	0.000000	0.000000	11.153604	0.625856
85000	0.990000	0.000000	0.000000	11.165253	0.625625
90000	0.990000	0.000000	0.000000	11.174040	0.625451
95000	0.990000	0.000000	0.000000	11.180670	0.625319
100000	0.990000	0.000000	0.000000	11.185674	0.625220

var1: 0.000000	 var2: 1.100000
gen	A2		B2		diseq		zbar		sexrat
0	0.990000	0.000000			3.000000	
5000	0.990000	0.000000	0.000000	6.635920	0.733443
10000	0.990000	0.000000	0.000000	8.148628	0.692944
15000	0.990000	0.000000	0.000000	9.055885	0.670997
20000	0.990000	0.000000	0.000000	9.655530	0.657341
25000	0.990000	0.000000	0.000000	10.071044	0.648246
30000	0.990000	0.000000	0.000000	10.366972	0.641943
35000	0.990000	0.000000	0.000000	10.581434	0.637463
40000	0.990000	0.000000	0.000000	10.738679	0.634224
45000	0.990000	0.000000	0.000000	10.854912	0.631854
50000	0.990000	0.000000	0.000000	10.941323	0.630105
55000	0.990000	0.000000	0.000000	11.005832	0.628807
60000	0.990000	0.000000	0.000000	11.054137	0.627839
65000	0.990000	0.000000	0.000000	11.090389	0.627115
70000	0.990000	0.000000	0.000000	11.117640	0.626571
75000	0.990000	0.000000	0.000000	11.138152	0.626163
80000	0.990000	0.000000	0.000000	11.153604	0.625856
85000	0.990000	0.000000	0.000000	11.165253	0.625625
90000	0.990000	0.000000	0.000000	11.174040	0.625451
95000	0.990000	0.000000	0.000000	11.180670	0.625319
100000	0.990000	0.000000	0.000000	11.185674	0.625220

var1: 0.000000	 var2: 1.200000
gen	A2		B2		diseq		zbar		sexrat
0	0.990000	0.000000			3.000000	
5000	0.990000	0.000000	0.000000	6.635920	0.733443
10000	0.990000	0.000000	0.000000	8.148628	0.692944
15000	0.990000	0.000000	0.000000	9.055885	0.670997
20000	0.990000	0.000000	0.000000	9.655530	0.657341
25000	0.990000	0.000000	0.000000	10.071044	0.648246
30000	0.990000	0.000000	0.000000	10.366972	0.641943
35000	0.990000	0.000000	0.000000	10.581434	0.637463
40000	0.990000	0.000000	0.000000	10.738679	0.634224
45000	0.990000	0.000000	0.000000	10.854912	0.631854
50000	0.990000	0.000000	0.000000	10.941323	0.630105
55000	0.990000	0.000000	0.000000	11.005832	0.628807
60000	0.990000	0.000000	0.000000	11.054137	0.627839
65000	0.990000	0.000000	0.000000	11.090389	0.627115
70000	0.990000	0.000000	0.000000	11.117640	0.626571
75000	0.990000	0.000000	0.000000	11.138152	0.626163
80000	0.990000	0.000000	0.000000	11.153604	0.625856
85000	0.990000	0.000000	0.000000	11.165253	0.625625
90000	0.990000	0.000000	0.000000	11.174040	0.625451
95000	0.990000	0.000000	0.000000	11.180670	0.625319
100000	0.990000	0.000000	0.000000	11.185674	0.625220

var1: 0.000000	 var2: 1.300000
gen	A2		B2		diseq		zbar		sexrat
0	0.990000	0.000000			3.000000	
5000	0.990000	0.000000	0.000000	6.635920	0.733443
10000	0.990000	0.000000	0.000000	8.148628	0.692944
15000	0.990000	0.000000	0.000000	9.055885	0.670997
20000	0.990000	0.000000	0.000000	9.655530	0.657341
25000	0.990000	0.000000	0.000000	10.071044	0.648246
30000	0.990000	0.000000	0.000000	10.366972	0.641943
35000	0.990000	0.000000	0.000000	10.581434	0.637463
40000	0.990000	0.000000	0.000000	10.738679	0.634224
45000	0.990000	0.000000	0.000000	10.854912	0.631854
50000	0.990000	0.000000	0.000000	10.941323	0.630105
55000	0.990000	0.000000	0.000000	11.005832	0.628807
60000	0.990000	0.000000	0.000000	11.054137	0.627839
65000	0.990000	0.000000	0.000000	11.090389	0.627115
70000	0.990000	0.000000	0.000000	11.117640	0.626571
75000	0.990000	0.000000	0.000000	11.138152	0.626163
80000	0.990000	0.000000	0.000000	11.153604	0.625856
85000	0.990000	0.000000	0.000000	11.165253	0.625625
90000	0.990000	0.000000	0.000000	11.174040	0.625451
95000	0.990000	0.000000	0.000000	11.180670	0.625319
100000	0.990000	0.000000	0.000000	11.185674	0.625220

var1: 0.000000	 var2: 1.400000
gen	A2		B2		diseq		zbar		sexrat
0	0.990000	0.000000			3.000000	
5000	0.990000	0.000000	0.000000	6.635920	0.733443
10000	0.990000	0.000000	0.000000	8.148628	0.692944
15000	0.990000	0.000000	0.000000	9.055885	0.670997
20000	0.990000	0.000000	0.000000	9.655530	0.657341
25000	0.990000	0.000000	0.000000	10.071044	0.648246
30000	0.990000	0.000000	0.000000	10.366972	0.641943
35000	0.990000	0.000000	0.000000	10.581434	0.637463
40000	0.990000	0.000000	0.000000	10.738679	0.634224
45000	0.990000	0.000000	0.000000	10.854912	0.631854
50000	0.990000	0.000000	0.000000	10.941323	0.630105
55000	0.990000	0.000000	0.000000	11.005832	0.628807
60000	0.990000	0.000000	0.000000	11.054137	0.627839
65000	0.990000	0.000000	0.000000	11.090389	0.627115
70000	0.990000	0.000000	0.000000	11.117640	0.626571
75000	0.990000	0.000000	0.000000	11.138152	0.626163
80000	0.990000	0.000000	0.000000	11.153604	0.625856
85000	0.990000	0.000000	0.000000	11.165253	0.625625
90000	0.990000	0.000000	0.000000	11.174040	0.625451
95000	0.990000	0.000000	0.000000	11.180670	0.625319
100000	0.990000	0.000000	0.000000	11.185674	0.625220

var1: 0.000000	 var2: 1.500000
gen	A2		B2		diseq		zbar		sexrat
0	0.990000	0.000000			3.000000	
5000	0.990000	0.000000	0.000000	6.635920	0.733443
10000	0.990000	0.000000	0.000000	8.148628	0.692944
15000	0.990000	0.000000	0.000000	9.055885	0.670997
20000	0.990000	0.000000	0.000000	9.655530	0.657341
25000	0.990000	0.000000	0.000000	10.071044	0.648246
30000	0.990000	0.000000	0.000000	10.366972	0.641943
35000	0.990000	0.000000	0.000000	10.581434	0.637463
40000	0.990000	0.000000	0.000000	10.738679	0.634224
45000	0.990000	0.000000	0.000000	10.854912	0.631854
50000	0.990000	0.000000	0.000000	10.941323	0.630105
55000	0.990000	0.000000	0.000000	11.005832	0.628807
60000	0.990000	0.000000	0.000000	11.054137	0.627839
65000	0.990000	0.000000	0.000000	11.090389	0.627115
70000	0.990000	0.000000	0.000000	11.117640	0.626571
75000	0.990000	0.000000	0.000000	11.138152	0.626163
80000	0.990000	0.000000	0.000000	11.153604	0.625856
85000	0.990000	0.000000	0.000000	11.165253	0.625625
90000	0.990000	0.000000	0.000000	11.174040	0.625451
95000	0.990000	0.000000	0.000000	11.180670	0.625319
100000	0.990000	0.000000	0.000000	11.185674	0.625220

var1: 0.000000	 var2: 1.600000
gen	A2		B2		diseq		zbar		sexrat
0	0.990000	0.000000			3.000000	
5000	0.990000	0.000000	0.000000	6.635920	0.733443
10000	0.990000	0.000000	0.000000	8.148628	0.692944
15000	0.990000	0.000000	0.000000	9.055885	0.670997
20000	0.990000	0.000000	0.000000	9.655530	0.657341
25000	0.990000	0.000000	0.000000	10.071044	0.648246
30000	0.990000	0.000000	0.000000	10.366972	0.641943
35000	0.990000	0.000000	0.000000	10.581434	0.637463
40000	0.990000	0.000000	0.000000	10.738679	0.634224
45000	0.990000	0.000000	0.000000	10.854912	0.631854
50000	0.990000	0.000000	0.000000	10.941323	0.630105
55000	0.990000	0.000000	0.000000	11.005832	0.628807
60000	0.990000	0.000000	0.000000	11.054137	0.627839
65000	0.990000	0.000000	0.000000	11.090389	0.627115
70000	0.990000	0.000000	0.000000	11.117640	0.626571
75000	0.990000	0.000000	0.000000	11.138152	0.626163
80000	0.990000	0.000000	0.000000	11.153604	0.625856
85000	0.990000	0.000000	0.000000	11.165253	0.625625
90000	0.990000	0.000000	0.000000	11.174040	0.625451
95000	0.990000	0.000000	0.000000	11.180670	0.625319
100000	0.990000	0.000000	0.000000	11.185674	0.625220

var1: 0.000000	 var2: 1.700000
gen	A2		B2		diseq		zbar		sexrat
0	0.990000	0.000000			3.000000	
5000	0.990000	0.000000	0.000000	6.635920	0.733443
10000	0.990000	0.000000	0.000000	8.148628	0.692944
15000	0.990000	0.000000	0.000000	9.055885	0.670997
20000	0.990000	0.000000	0.000000	9.655530	0.657341
25000	0.990000	0.000000	0.000000	10.071044	0.648246
30000	0.990000	0.000000	0.000000	10.366972	0.641943
35000	0.990000	0.000000	0.000000	10.581434	0.637463
40000	0.990000	0.000000	0.000000	10.738679	0.634224
45000	0.990000	0.000000	0.000000	10.854912	0.631854
50000	0.990000	0.000000	0.000000	10.941323	0.630105
55000	0.990000	0.000000	0.000000	11.005832	0.628807
60000	0.990000	0.000000	0.000000	11.054137	0.627839
65000	0.990000	0.000000	0.000000	11.090389	0.627115
70000	0.990000	0.000000	0.000000	11.117640	0.626571
75000	0.990000	0.000000	0.000000	11.138152	0.626163
80000	0.990000	0.000000	0.000000	11.153604	0.625856
85000	0.990000	0.000000	0.000000	11.165253	0.625625
90000	0.990000	0.000000	0.000000	11.174040	0.625451
95000	0.990000	0.000000	0.000000	11.180670	0.625319
100000	0.990000	0.000000	0.000000	11.185674	0.625220

var1: 0.000000	 var2: 1.800000
gen	A2		B2		diseq		zbar		sexrat
0	0.990000	0.000000			3.000000	
5000	0.990000	0.000000	0.000000	6.635920	0.733443
10000	0.990000	0.000000	0.000000	8.148628	0.692944
15000	0.990000	0.000000	0.000000	9.055885	0.670997
20000	0.990000	0.000000	0.000000	9.655530	0.657341
25000	0.990000	0.000000	0.000000	10.071044	0.648246
30000	0.990000	0.000000	0.000000	10.366972	0.641943
35000	0.990000	0.000000	0.000000	10.581434	0.637463
40000	0.990000	0.000000	0.000000	10.738679	0.634224
45000	0.990000	0.000000	0.000000	10.854912	0.631854
50000	0.990000	0.000000	0.000000	10.941323	0.630105
55000	0.990000	0.000000	0.000000	11.005832	0.628807
60000	0.990000	0.000000	0.000000	11.054137	0.627839
65000	0.990000	0.000000	0.000000	11.090389	0.627115
70000	0.990000	0.000000	0.000000	11.117640	0.626571
75000	0.990000	0.000000	0.000000	11.138152	0.626163
80000	0.990000	0.000000	0.000000	11.153604	0.625856
85000	0.990000	0.000000	0.000000	11.165253	0.625625
90000	0.990000	0.000000	0.000000	11.174040	0.625451
95000	0.990000	0.000000	0.000000	11.180670	0.625319
100000	0.990000	0.000000	0.000000	11.185674	0.625220

var1: 0.000000	 var2: 1.900000
gen	A2		B2		diseq		zbar		sexrat
0	0.990000	0.000000			3.000000	
5000	0.990000	0.000000	0.000000	6.635920	0.733443
10000	0.990000	0.000000	0.000000	8.148628	0.692944
15000	0.990000	0.000000	0.000000	9.055885	0.670997
20000	0.990000	0.000000	0.000000	9.655530	0.657341
25000	0.990000	0.000000	0.000000	10.071044	0.648246
30000	0.990000	0.000000	0.000000	10.366972	0.641943
35000	0.990000	0.000000	0.000000	10.581434	0.637463
40000	0.990000	0.000000	0.000000	10.738679	0.634224
45000	0.990000	0.000000	0.000000	10.854912	0.631854
50000	0.990000	0.000000	0.000000	10.941323	0.630105
55000	0.990000	0.000000	0.000000	11.005832	0.628807
60000	0.990000	0.000000	0.000000	11.054137	0.627839
65000	0.990000	0.000000	0.000000	11.090389	0.627115
70000	0.990000	0.000000	0.000000	11.117640	0.626571
75000	0.990000	0.000000	0.000000	11.138152	0.626163
80000	0.990000	0.000000	0.000000	11.153604	0.625856
85000	0.990000	0.000000	0.000000	11.165253	0.625625
90000	0.990000	0.000000	0.000000	11.174040	0.625451
95000	0.990000	0.000000	0.000000	11.180670	0.625319
100000	0.990000	0.000000	0.000000	11.185674	0.625220

var1: 0.000000	 var2: 2.000000
gen	A2		B2		diseq		zbar		sexrat
0	0.990000	0.000000			3.000000	
5000	0.990000	0.000000	0.000000	6.635920	0.733443
10000	0.990000	0.000000	0.000000	8.148628	0.692944
15000	0.990000	0.000000	0.000000	9.055885	0.670997
20000	0.990000	0.000000	0.000000	9.655530	0.657341
25000	0.990000	0.000000	0.000000	10.071044	0.648246
30000	0.990000	0.000000	0.000000	10.366972	0.641943
35000	0.990000	0.000000	0.000000	10.581434	0.637463
40000	0.990000	0.000000	0.000000	10.738679	0.634224
45000	0.990000	0.000000	0.000000	10.854912	0.631854
50000	0.990000	0.000000	0.000000	10.941323	0.630105
55000	0.990000	0.000000	0.000000	11.005832	0.628807
60000	0.990000	0.000000	0.000000	11.054137	0.627839
65000	0.990000	0.000000	0.000000	11.090389	0.627115
70000	0.990000	0.000000	0.000000	11.117640	0.626571
75000	0.990000	0.000000	0.000000	11.138152	0.626163
80000	0.990000	0.000000	0.000000	11.153604	0.625856
85000	0.990000	0.000000	0.000000	11.165253	0.625625
90000	0.990000	0.000000	0.000000	11.174040	0.625451
95000	0.990000	0.000000	0.000000	11.180670	0.625319
100000	0.990000	0.000000	0.000000	11.185674	0.625220

var1: 0.000000	 var2: 2.100000
gen	A2		B2		diseq		zbar		sexrat
0	0.990000	0.000000			3.000000	
5000	0.990000	0.000000	0.000000	6.635920	0.733443
10000	0.990000	0.000000	0.000000	8.148628	0.692944
15000	0.990000	0.000000	0.000000	9.055885	0.670997
20000	0.990000	0.000000	0.000000	9.655530	0.657341
25000	0.990000	0.000000	0.000000	10.071044	0.648246
30000	0.990000	0.000000	0.000000	10.366972	0.641943
35000	0.990000	0.000000	0.000000	10.581434	0.637463
40000	0.990000	0.000000	0.000000	10.738679	0.634224
45000	0.990000	0.000000	0.000000	10.854912	0.631854
50000	0.990000	0.000000	0.000000	10.941323	0.630105
55000	0.990000	0.000000	0.000000	11.005832	0.628807
60000	0.990000	0.000000	0.000000	11.054137	0.627839
65000	0.990000	0.000000	0.000000	11.090389	0.627115
70000	0.990000	0.000000	0.000000	11.117640	0.626571
75000	0.990000	0.000000	0.000000	11.138152	0.626163
80000	0.990000	0.000000	0.000000	11.153604	0.625856
85000	0.990000	0.000000	0.000000	11.165253	0.625625
90000	0.990000	0.000000	0.000000	11.174040	0.625451
95000	0.990000	0.000000	0.000000	11.180670	0.625319
100000	0.990000	0.000000	0.000000	11.185674	0.625220

var1: 0.000000	 var2: 2.200000
gen	A2		B2		diseq		zbar		sexrat
0	0.990000	0.000000			3.000000	
5000	0.990000	0.000000	0.000000	6.635920	0.733443
10000	0.990000	0.000000	0.000000	8.148628	0.692944
15000	0.990000	0.000000	0.000000	9.055885	0.670997
20000	0.990000	0.000000	0.000000	9.655530	0.657341
25000	0.990000	0.000000	0.000000	10.071044	0.648246
30000	0.990000	0.000000	0.000000	10.366972	0.641943
35000	0.990000	0.000000	0.000000	10.581434	0.637463
40000	0.990000	0.000000	0.000000	10.738679	0.634224
45000	0.990000	0.000000	0.000000	10.854912	0.631854
50000	0.990000	0.000000	0.000000	10.941323	0.630105
55000	0.990000	0.000000	0.000000	11.005832	0.628807
60000	0.990000	0.000000	0.000000	11.054137	0.627839
65000	0.990000	0.000000	0.000000	11.090389	0.627115
70000	0.990000	0.000000	0.000000	11.117640	0.626571
75000	0.990000	0.000000	0.000000	11.138152	0.626163
80000	0.990000	0.000000	0.000000	11.153604	0.625856
85000	0.990000	0.000000	0.000000	11.165253	0.625625
90000	0.990000	0.000000	0.000000	11.174040	0.625451
95000	0.990000	0.000000	0.000000	11.180670	0.625319
100000	0.990000	0.000000	0.000000	11.185674	0.625220

var1: 0.000000	 var2: 2.300000
gen	A2		B2		diseq		zbar		sexrat
0	0.990000	0.000000			3.000000	
5000	0.990000	0.000000	0.000000	6.635920	0.733443
10000	0.990000	0.000000	0.000000	8.148628	0.692944
15000	0.990000	0.000000	0.000000	9.055885	0.670997
20000	0.990000	0.000000	0.000000	9.655530	0.657341
25000	0.990000	0.000000	0.000000	10.071044	0.648246
30000	0.990000	0.000000	0.000000	10.366972	0.641943
35000	0.990000	0.000000	0.000000	10.581434	0.637463
40000	0.990000	0.000000	0.000000	10.738679	0.634224
45000	0.990000	0.000000	0.000000	10.854912	0.631854
50000	0.990000	0.000000	0.000000	10.941323	0.630105
55000	0.990000	0.000000	0.000000	11.005832	0.628807
60000	0.990000	0.000000	0.000000	11.054137	0.627839
65000	0.990000	0.000000	0.000000	11.090389	0.627115
70000	0.990000	0.000000	0.000000	11.117640	0.626571
75000	0.990000	0.000000	0.000000	11.138152	0.626163
80000	0.990000	0.000000	0.000000	11.153604	0.625856
85000	0.990000	0.000000	0.000000	11.165253	0.625625
90000	0.990000	0.000000	0.000000	11.174040	0.625451
95000	0.990000	0.000000	0.000000	11.180670	0.625319
100000	0.990000	0.000000	0.000000	11.185674	0.625220

var1: 0.000000	 var2: 2.400000
gen	A2		B2		diseq		zbar		sexrat
0	0.990000	0.000000			3.000000	
5000	0.990000	0.000000	0.000000	6.635920	0.733443
10000	0.990000	0.000000	0.000000	8.148628	0.692944
15000	0.990000	0.000000	0.000000	9.055885	0.670997
20000	0.990000	0.000000	0.000000	9.655530	0.657341
25000	0.990000	0.000000	0.000000	10.071044	0.648246
30000	0.990000	0.000000	0.000000	10.366972	0.641943
35000	0.990000	0.000000	0.000000	10.581434	0.637463
40000	0.990000	0.000000	0.000000	10.738679	0.634224
45000	0.990000	0.000000	0.000000	10.854912	0.631854
50000	0.990000	0.000000	0.000000	10.941323	0.630105
55000	0.990000	0.000000	0.000000	11.005832	0.628807
60000	0.990000	0.000000	0.000000	11.054137	0.627839
65000	0.990000	0.000000	0.000000	11.090389	0.627115
70000	0.990000	0.000000	0.000000	11.117640	0.626571
75000	0.990000	0.000000	0.000000	11.138152	0.626163
80000	0.990000	0.000000	0.000000	11.153604	0.625856
85000	0.990000	0.000000	0.000000	11.165253	0.625625
90000	0.990000	0.000000	0.000000	11.174040	0.625451
95000	0.990000	0.000000	0.000000	11.180670	0.625319
100000	0.990000	0.000000	0.000000	11.185674	0.625220

var1: 0.000000	 var2: 2.500000
gen	A2		B2		diseq		zbar		sexrat
0	0.990000	0.000000			3.000000	
5000	0.990000	0.000000	0.000000	6.635920	0.733443
10000	0.990000	0.000000	0.000000	8.148628	0.692944
15000	0.990000	0.000000	0.000000	9.055885	0.670997
20000	0.990000	0.000000	0.000000	9.655530	0.657341
25000	0.990000	0.000000	0.000000	10.071044	0.648246
30000	0.990000	0.000000	0.000000	10.366972	0.641943
35000	0.990000	0.000000	0.000000	10.581434	0.637463
40000	0.990000	0.000000	0.000000	10.738679	0.634224
45000	0.990000	0.000000	0.000000	10.854912	0.631854
50000	0.990000	0.000000	0.000000	10.941323	0.630105
55000	0.990000	0.000000	0.000000	11.005832	0.628807
60000	0.990000	0.000000	0.000000	11.054137	0.627839
65000	0.990000	0.000000	0.000000	11.090389	0.627115
70000	0.990000	0.000000	0.000000	11.117640	0.626571
75000	0.990000	0.000000	0.000000	11.138152	0.626163
80000	0.990000	0.000000	0.000000	11.153604	0.625856
85000	0.990000	0.000000	0.000000	11.165253	0.625625
90000	0.990000	0.000000	0.000000	11.174040	0.625451
95000	0.990000	0.000000	0.000000	11.180670	0.625319
100000	0.990000	0.000000	0.000000	11.185674	0.625220

var1: 0.000000	 var2: 2.600000
gen	A2		B2		diseq		zbar		sexrat
0	0.990000	0.000000			3.000000	
5000	0.990000	0.000000	0.000000	6.635920	0.733443
10000	0.990000	0.000000	0.000000	8.148628	0.692944
15000	0.990000	0.000000	0.000000	9.055885	0.670997
20000	0.990000	0.000000	0.000000	9.655530	0.657341
25000	0.990000	0.000000	0.000000	10.071044	0.648246
30000	0.990000	0.000000	0.000000	10.366972	0.641943
35000	0.990000	0.000000	0.000000	10.581434	0.637463
40000	0.990000	0.000000	0.000000	10.738679	0.634224
45000	0.990000	0.000000	0.000000	10.854912	0.631854
50000	0.990000	0.000000	0.000000	10.941323	0.630105
55000	0.990000	0.000000	0.000000	11.005832	0.628807
60000	0.990000	0.000000	0.000000	11.054137	0.627839
65000	0.990000	0.000000	0.000000	11.090389	0.627115
70000	0.990000	0.000000	0.000000	11.117640	0.626571
75000	0.990000	0.000000	0.000000	11.138152	0.626163
80000	0.990000	0.000000	0.000000	11.153604	0.625856
85000	0.990000	0.000000	0.000000	11.165253	0.625625
90000	0.990000	0.000000	0.000000	11.174040	0.625451
95000	0.990000	0.000000	0.000000	11.180670	0.625319
100000	0.990000	0.000000	0.000000	11.185674	0.625220

var1: 0.000000	 var2: 2.700000
gen	A2		B2		diseq		zbar		sexrat
0	0.990000	0.000000			3.000000	
5000	0.990000	0.000000	0.000000	6.635920	0.733443
10000	0.990000	0.000000	0.000000	8.148628	0.692944
15000	0.990000	0.000000	0.000000	9.055885	0.670997
20000	0.990000	0.000000	0.000000	9.655530	0.657341
25000	0.990000	0.000000	0.000000	10.071044	0.648246
30000	0.990000	0.000000	0.000000	10.366972	0.641943
35000	0.990000	0.000000	0.000000	10.581434	0.637463
40000	0.990000	0.000000	0.000000	10.738679	0.634224
45000	0.990000	0.000000	0.000000	10.854912	0.631854
50000	0.990000	0.000000	0.000000	10.941323	0.630105
55000	0.990000	0.000000	0.000000	11.005832	0.628807
60000	0.990000	0.000000	0.000000	11.054137	0.627839
65000	0.990000	0.000000	0.000000	11.090389	0.627115
70000	0.990000	0.000000	0.000000	11.117640	0.626571
75000	0.990000	0.000000	0.000000	11.138152	0.626163
80000	0.990000	0.000000	0.000000	11.153604	0.625856
85000	0.990000	0.000000	0.000000	11.165253	0.625625
90000	0.990000	0.000000	0.000000	11.174040	0.625451
95000	0.990000	0.000000	0.000000	11.180670	0.625319
100000	0.990000	0.000000	0.000000	11.185674	0.625220

var1: 0.000000	 var2: 2.800000
gen	A2		B2		diseq		zbar		sexrat
0	0.990000	0.000000			3.000000	
5000	0.990000	0.000000	0.000000	6.635920	0.733443
10000	0.990000	0.000000	0.000000	8.148628	0.692944
15000	0.990000	0.000000	0.000000	9.055885	0.670997
20000	0.990000	0.000000	0.000000	9.655530	0.657341
25000	0.990000	0.000000	0.000000	10.071044	0.648246
30000	0.990000	0.000000	0.000000	10.366972	0.641943
35000	0.990000	0.000000	0.000000	10.581434	0.637463
40000	0.990000	0.000000	0.000000	10.738679	0.634224
45000	0.990000	0.000000	0.000000	10.854912	0.631854
50000	0.990000	0.000000	0.000000	10.941323	0.630105
55000	0.990000	0.000000	0.000000	11.005832	0.628807
60000	0.990000	0.000000	0.000000	11.054137	0.627839
65000	0.990000	0.000000	0.000000	11.090389	0.627115
70000	0.990000	0.000000	0.000000	11.117640	0.626571
75000	0.990000	0.000000	0.000000	11.138152	0.626163
80000	0.990000	0.000000	0.000000	11.153604	0.625856
85000	0.990000	0.000000	0.000000	11.165253	0.625625
90000	0.990000	0.000000	0.000000	11.174040	0.625451
95000	0.990000	0.000000	0.000000	11.180670	0.625319
100000	0.990000	0.000000	0.000000	11.185674	0.625220

var1: 0.000000	 var2: 2.900000
gen	A2		B2		diseq		zbar		sexrat
0	0.990000	0.000000			3.000000	
5000	0.990000	0.000000	0.000000	6.635920	0.733443
10000	0.990000	0.000000	0.000000	8.148628	0.692944
15000	0.990000	0.000000	0.000000	9.055885	0.670997
20000	0.990000	0.000000	0.000000	9.655530	0.657341
25000	0.990000	0.000000	0.000000	10.071044	0.648246
30000	0.990000	0.000000	0.000000	10.366972	0.641943
35000	0.990000	0.000000	0.000000	10.581434	0.637463
40000	0.990000	0.000000	0.000000	10.738679	0.634224
45000	0.990000	0.000000	0.000000	10.854912	0.631854
50000	0.990000	0.000000	0.000000	10.941323	0.630105
55000	0.990000	0.000000	0.000000	11.005832	0.628807
60000	0.990000	0.000000	0.000000	11.054137	0.627839
65000	0.990000	0.000000	0.000000	11.090389	0.627115
70000	0.990000	0.000000	0.000000	11.117640	0.626571
75000	0.990000	0.000000	0.000000	11.138152	0.626163
80000	0.990000	0.000000	0.000000	11.153604	0.625856
85000	0.990000	0.000000	0.000000	11.165253	0.625625
90000	0.990000	0.000000	0.000000	11.174040	0.625451
95000	0.990000	0.000000	0.000000	11.180670	0.625319
100000	0.990000	0.000000	0.000000	11.185674	0.625220

var1: 0.000000	 var2: 3.000000
gen	A2		B2		diseq		zbar		sexrat
0	0.990000	0.000000			3.000000	
5000	0.990000	0.000000	0.000000	6.635920	0.733443
10000	0.990000	0.000000	0.000000	8.148628	0.692944
15000	0.990000	0.000000	0.000000	9.055885	0.670997
20000	0.990000	0.000000	0.000000	9.655530	0.657341
25000	0.990000	0.000000	0.000000	10.071044	0.648246
30000	0.990000	0.000000	0.000000	10.366972	0.641943
35000	0.990000	0.000000	0.000000	10.581434	0.637463
40000	0.990000	0.000000	0.000000	10.738679	0.634224
45000	0.990000	0.000000	0.000000	10.854912	0.631854
50000	0.990000	0.000000	0.000000	10.941323	0.630105
55000	0.990000	0.000000	0.000000	11.005832	0.628807
60000	0.990000	0.000000	0.000000	11.054137	0.627839
65000	0.990000	0.000000	0.000000	11.090389	0.627115
70000	0.990000	0.000000	0.000000	11.117640	0.626571
75000	0.990000	0.000000	0.000000	11.138152	0.626163
80000	0.990000	0.000000	0.000000	11.153604	0.625856
85000	0.990000	0.000000	0.000000	11.165253	0.625625
90000	0.990000	0.000000	0.000000	11.174040	0.625451
95000	0.990000	0.000000	0.000000	11.180670	0.625319
100000	0.990000	0.000000	0.000000	11.185674	0.625220

var1: 0.000000	 var2: 3.100000
gen	A2		B2		diseq		zbar		sexrat
0	0.990000	0.000000			3.000000	
5000	0.990000	0.000000	0.000000	6.635920	0.733443
10000	0.990000	0.000000	0.000000	8.148628	0.692944
15000	0.990000	0.000000	0.000000	9.055885	0.670997
20000	0.990000	0.000000	0.000000	9.655530	0.657341
25000	0.990000	0.000000	0.000000	10.071044	0.648246
30000	0.990000	0.000000	0.000000	10.366972	0.641943
35000	0.990000	0.000000	0.000000	10.581434	0.637463
40000	0.990000	0.000000	0.000000	10.738679	0.634224
45000	0.990000	0.000000	0.000000	10.854912	0.631854
50000	0.990000	0.000000	0.000000	10.941323	0.630105
55000	0.990000	0.000000	0.000000	11.005832	0.628807
60000	0.990000	0.000000	0.000000	11.054137	0.627839
65000	0.990000	0.000000	0.000000	11.090389	0.627115
70000	0.990000	0.000000	0.000000	11.117640	0.626571
75000	0.990000	0.000000	0.000000	11.138152	0.626163
80000	0.990000	0.000000	0.000000	11.153604	0.625856
85000	0.990000	0.000000	0.000000	11.165253	0.625625
90000	0.990000	0.000000	0.000000	11.174040	0.625451
95000	0.990000	0.000000	0.000000	11.180670	0.625319
100000	0.990000	0.000000	0.000000	11.185674	0.625220

var1: 0.000000	 var2: 3.200000
gen	A2		B2		diseq		zbar		sexrat
0	0.990000	0.000000			3.000000	
5000	0.990000	0.000000	0.000000	6.635920	0.733443
10000	0.990000	0.000000	0.000000	8.148628	0.692944
15000	0.990000	0.000000	0.000000	9.055885	0.670997
20000	0.990000	0.000000	0.000000	9.655530	0.657341
25000	0.990000	0.000000	0.000000	10.071044	0.648246
30000	0.990000	0.000000	0.000000	10.366972	0.641943
35000	0.990000	0.000000	0.000000	10.581434	0.637463
40000	0.990000	0.000000	0.000000	10.738679	0.634224
45000	0.990000	0.000000	0.000000	10.854912	0.631854
50000	0.990000	0.000000	0.000000	10.941323	0.630105
55000	0.990000	0.000000	0.000000	11.005832	0.628807
60000	0.990000	0.000000	0.000000	11.054137	0.627839
65000	0.990000	0.000000	0.000000	11.090389	0.627115
70000	0.990000	0.000000	0.000000	11.117640	0.626571
75000	0.990000	0.000000	0.000000	11.138152	0.626163
80000	0.990000	0.000000	0.000000	11.153604	0.625856
85000	0.990000	0.000000	0.000000	11.165253	0.625625
90000	0.990000	0.000000	0.000000	11.174040	0.625451
95000	0.990000	0.000000	0.000000	11.180670	0.625319
100000	0.990000	0.000000	0.000000	11.185674	0.625220

var1: 0.000000	 var2: 3.300000
gen	A2		B2		diseq		zbar		sexrat
0	0.990000	0.000000			3.000000	
5000	0.990000	0.000000	0.000000	6.635920	0.733443
10000	0.990000	0.000000	0.000000	8.148628	0.692944
15000	0.990000	0.000000	0.000000	9.055885	0.670997
20000	0.990000	0.000000	0.000000	9.655530	0.657341
25000	0.990000	0.000000	0.000000	10.071044	0.648246
30000	0.990000	0.000000	0.000000	10.366972	0.641943
35000	0.990000	0.000000	0.000000	10.581434	0.637463
40000	0.990000	0.000000	0.000000	10.738679	0.634224
45000	0.990000	0.000000	0.000000	10.854912	0.631854
50000	0.990000	0.000000	0.000000	10.941323	0.630105
55000	0.990000	0.000000	0.000000	11.005832	0.628807
60000	0.990000	0.000000	0.000000	11.054137	0.627839
65000	0.990000	0.000000	0.000000	11.090389	0.627115
70000	0.990000	0.000000	0.000000	11.117640	0.626571
75000	0.990000	0.000000	0.000000	11.138152	0.626163
80000	0.990000	0.000000	0.000000	11.153604	0.625856
85000	0.990000	0.000000	0.000000	11.165253	0.625625
90000	0.990000	0.000000	0.000000	11.174040	0.625451
95000	0.990000	0.000000	0.000000	11.180670	0.625319
100000	0.990000	0.000000	0.000000	11.185674	0.625220

var1: 0.000000	 var2: 3.400000
gen	A2		B2		diseq		zbar		sexrat
0	0.990000	0.000000			3.000000	
5000	0.990000	0.000000	0.000000	6.635920	0.733443
10000	0.990000	0.000000	0.000000	8.148628	0.692944
15000	0.990000	0.000000	0.000000	9.055885	0.670997
20000	0.990000	0.000000	0.000000	9.655530	0.657341
25000	0.990000	0.000000	0.000000	10.071044	0.648246
30000	0.990000	0.000000	0.000000	10.366972	0.641943
35000	0.990000	0.000000	0.000000	10.581434	0.637463
40000	0.990000	0.000000	0.000000	10.738679	0.634224
45000	0.990000	0.000000	0.000000	10.854912	0.631854
50000	0.990000	0.000000	0.000000	10.941323	0.630105
55000	0.990000	0.000000	0.000000	11.005832	0.628807
60000	0.990000	0.000000	0.000000	11.054137	0.627839
65000	0.990000	0.000000	0.000000	11.090389	0.627115
70000	0.990000	0.000000	0.000000	11.117640	0.626571
75000	0.990000	0.000000	0.000000	11.138152	0.626163
80000	0.990000	0.000000	0.000000	11.153604	0.625856
85000	0.990000	0.000000	0.000000	11.165253	0.625625
90000	0.990000	0.000000	0.000000	11.174040	0.625451
95000	0.990000	0.000000	0.000000	11.180670	0.625319
100000	0.990000	0.000000	0.000000	11.185674	0.625220

var1: 0.000000	 var2: 3.500000
gen	A2		B2		diseq		zbar		sexrat
0	0.990000	0.000000			3.000000	
5000	0.990000	0.000000	0.000000	6.635920	0.733443
10000	0.990000	0.000000	0.000000	8.148628	0.692944
15000	0.990000	0.000000	0.000000	9.055885	0.670997
20000	0.990000	0.000000	0.000000	9.655530	0.657341
25000	0.990000	0.000000	0.000000	10.071044	0.648246
30000	0.990000	0.000000	0.000000	10.366972	0.641943
35000	0.990000	0.000000	0.000000	10.581434	0.637463
40000	0.990000	0.000000	0.000000	10.738679	0.634224
45000	0.990000	0.000000	0.000000	10.854912	0.631854
50000	0.990000	0.000000	0.000000	10.941323	0.630105
55000	0.990000	0.000000	0.000000	11.005832	0.628807
60000	0.990000	0.000000	0.000000	11.054137	0.627839
65000	0.990000	0.000000	0.000000	11.090389	0.627115
70000	0.990000	0.000000	0.000000	11.117640	0.626571
75000	0.990000	0.000000	0.000000	11.138152	0.626163
80000	0.990000	0.000000	0.000000	11.153604	0.625856
85000	0.990000	0.000000	0.000000	11.165253	0.625625
90000	0.990000	0.000000	0.000000	11.174040	0.625451
95000	0.990000	0.000000	0.000000	11.180670	0.625319
100000	0.990000	0.000000	0.000000	11.185674	0.625220

var1: 0.000000	 var2: 3.600000
gen	A2		B2		diseq		zbar		sexrat
0	0.990000	0.000000			3.000000	
5000	0.990000	0.000000	0.000000	6.635920	0.733443
10000	0.990000	0.000000	0.000000	8.148628	0.692944
15000	0.990000	0.000000	0.000000	9.055885	0.670997
20000	0.990000	0.000000	0.000000	9.655530	0.657341
25000	0.990000	0.000000	0.000000	10.071044	0.648246
30000	0.990000	0.000000	0.000000	10.366972	0.641943
35000	0.990000	0.000000	0.000000	10.581434	0.637463
40000	0.990000	0.000000	0.000000	10.738679	0.634224
45000	0.990000	0.000000	0.000000	10.854912	0.631854
50000	0.990000	0.000000	0.000000	10.941323	0.630105
55000	0.990000	0.000000	0.000000	11.005832	0.628807
60000	0.990000	0.000000	0.000000	11.054137	0.627839
65000	0.990000	0.000000	0.000000	11.090389	0.627115
70000	0.990000	0.000000	0.000000	11.117640	0.626571
75000	0.990000	0.000000	0.000000	11.138152	0.626163
80000	0.990000	0.000000	0.000000	11.153604	0.625856
85000	0.990000	0.000000	0.000000	11.165253	0.625625
90000	0.990000	0.000000	0.000000	11.174040	0.625451
95000	0.990000	0.000000	0.000000	11.180670	0.625319
100000	0.990000	0.000000	0.000000	11.185674	0.625220

var1: 0.000000	 var2: 3.700000
gen	A2		B2		diseq		zbar		sexrat
0	0.990000	0.000000			3.000000	
5000	0.990000	0.000000	0.000000	6.635920	0.733443
10000	0.990000	0.000000	0.000000	8.148628	0.692944
15000	0.990000	0.000000	0.000000	9.055885	0.670997
20000	0.990000	0.000000	0.000000	9.655530	0.657341
25000	0.990000	0.000000	0.000000	10.071044	0.648246
30000	0.990000	0.000000	0.000000	10.366972	0.641943
35000	0.990000	0.000000	0.000000	10.581434	0.637463
40000	0.990000	0.000000	0.000000	10.738679	0.634224
45000	0.990000	0.000000	0.000000	10.854912	0.631854
50000	0.990000	0.000000	0.000000	10.941323	0.630105
55000	0.990000	0.000000	0.000000	11.005832	0.628807
60000	0.990000	0.000000	0.000000	11.054137	0.627839
65000	0.990000	0.000000	0.000000	11.090389	0.627115
70000	0.990000	0.000000	0.000000	11.117640	0.626571
75000	0.990000	0.000000	0.000000	11.138152	0.626163
80000	0.990000	0.000000	0.000000	11.153604	0.625856
85000	0.990000	0.000000	0.000000	11.165253	0.625625
90000	0.990000	0.000000	0.000000	11.174040	0.625451
95000	0.990000	0.000000	0.000000	11.180670	0.625319
100000	0.990000	0.000000	0.000000	11.185674	0.625220

var1: 0.000000	 var2: 3.800000
gen	A2		B2		diseq		zbar		sexrat
0	0.990000	0.000000			3.000000	
5000	0.990000	0.000000	0.000000	6.635920	0.733443
10000	0.990000	0.000000	0.000000	8.148628	0.692944
15000	0.990000	0.000000	0.000000	9.055885	0.670997
20000	0.990000	0.000000	0.000000	9.655530	0.657341
25000	0.990000	0.000000	0.000000	10.071044	0.648246
30000	0.990000	0.000000	0.000000	10.366972	0.641943
35000	0.990000	0.000000	0.000000	10.581434	0.637463
40000	0.990000	0.000000	0.000000	10.738679	0.634224
45000	0.990000	0.000000	0.000000	10.854912	0.631854
50000	0.990000	0.000000	0.000000	10.941323	0.630105
55000	0.990000	0.000000	0.000000	11.005832	0.628807
60000	0.990000	0.000000	0.000000	11.054137	0.627839
65000	0.990000	0.000000	0.000000	11.090389	0.627115
70000	0.990000	0.000000	0.000000	11.117640	0.626571
75000	0.990000	0.000000	0.000000	11.138152	0.626163
80000	0.990000	0.000000	0.000000	11.153604	0.625856
85000	0.990000	0.000000	0.000000	11.165253	0.625625
90000	0.990000	0.000000	0.000000	11.174040	0.625451
95000	0.990000	0.000000	0.000000	11.180670	0.625319
100000	0.990000	0.000000	0.000000	11.185674	0.625220

var1: 0.000000	 var2: 3.900000
gen	A2		B2		diseq		zbar		sexrat
0	0.990000	0.000000			3.000000	
5000	0.990000	0.000000	0.000000	6.635920	0.733443
10000	0.990000	0.000000	0.000000	8.148628	0.692944
15000	0.990000	0.000000	0.000000	9.055885	0.670997
20000	0.990000	0.000000	0.000000	9.655530	0.657341
25000	0.990000	0.000000	0.000000	10.071044	0.648246
30000	0.990000	0.000000	0.000000	10.366972	0.641943
35000	0.990000	0.000000	0.000000	10.581434	0.637463
40000	0.990000	0.000000	0.000000	10.738679	0.634224
45000	0.990000	0.000000	0.000000	10.854912	0.631854
50000	0.990000	0.000000	0.000000	10.941323	0.630105
55000	0.990000	0.000000	0.000000	11.005832	0.628807
60000	0.990000	0.000000	0.000000	11.054137	0.627839
65000	0.990000	0.000000	0.000000	11.090389	0.627115
70000	0.990000	0.000000	0.000000	11.117640	0.626571
75000	0.990000	0.000000	0.000000	11.138152	0.626163
80000	0.990000	0.000000	0.000000	11.153604	0.625856
85000	0.990000	0.000000	0.000000	11.165253	0.625625
90000	0.990000	0.000000	0.000000	11.174040	0.625451
95000	0.990000	0.000000	0.000000	11.180670	0.625319
100000	0.990000	0.000000	0.000000	11.185674	0.625220

var1: 0.000000	 var2: 4.000000
gen	A2		B2		diseq		zbar		sexrat
0	0.990000	0.000000			3.000000	
5000	0.990000	0.000000	0.000000	6.635920	0.733443
10000	0.990000	0.000000	0.000000	8.148628	0.692944
15000	0.990000	0.000000	0.000000	9.055885	0.670997
20000	0.990000	0.000000	0.000000	9.655530	0.657341
25000	0.990000	0.000000	0.000000	10.071044	0.648246
30000	0.990000	0.000000	0.000000	10.366972	0.641943
35000	0.990000	0.000000	0.000000	10.581434	0.637463
40000	0.990000	0.000000	0.000000	10.738679	0.634224
45000	0.990000	0.000000	0.000000	10.854912	0.631854
50000	0.990000	0.000000	0.000000	10.941323	0.630105
55000	0.990000	0.000000	0.000000	11.005832	0.628807
60000	0.990000	0.000000	0.000000	11.054137	0.627839
65000	0.990000	0.000000	0.000000	11.090389	0.627115
70000	0.990000	0.000000	0.000000	11.117640	0.626571
75000	0.990000	0.000000	0.000000	11.138152	0.626163
80000	0.990000	0.000000	0.000000	11.153604	0.625856
85000	0.990000	0.000000	0.000000	11.165253	0.625625
90000	0.990000	0.000000	0.000000	11.174040	0.625451
95000	0.990000	0.000000	0.000000	11.180670	0.625319
100000	0.990000	0.000000	0.000000	11.185674	0.625220

var1: 0.002500	 var2: 0.000000
gen	A2		B2		diseq		zbar		sexrat
0	0.990000	0.000000			3.000000	
5000	0.990000	0.000000	0.000000	6.588626	0.788394
10000	0.990000	0.000000	0.000000	7.991218	0.755949
15000	0.990000	0.000000	0.000000	8.777639	0.739135
20000	0.990000	0.000000	0.000000	9.261268	0.729242
25000	0.990000	0.000000	0.000000	9.571832	0.723059
30000	0.990000	0.000000	0.000000	9.776096	0.719063
35000	0.990000	0.000000	0.000000	9.912392	0.716426
40000	0.990000	0.000000	0.000000	10.004167	0.714664
45000	0.990000	0.000000	0.000000	10.066328	0.713477
50000	0.990000	0.000000	0.000000	10.108596	0.712673
55000	0.990000	0.000000	0.000000	10.137411	0.712125
60000	0.990000	0.000000	0.000000	10.157091	0.711752
65000	0.990000	0.000000	0.000000	10.170547	0.711497
70000	0.990000	0.000000	0.000000	10.179755	0.711323
75000	0.990000	0.000000	0.000000	10.186059	0.711204
80000	0.990000	0.000000	0.000000	10.190378	0.711122
85000	0.990000	0.000000	0.000000	10.193336	0.711066
90000	0.990000	0.000000	0.000000	10.195364	0.711028
95000	0.990000	0.000000	0.000000	10.196753	0.711002
100000	0.990000	0.000000	0.000000	10.197705	0.710984

var1: 0.002500	 var2: 0.100000
gen	A2		B2		diseq		zbar		sexrat
0	0.990000	0.000000			3.000000	
5000	0.990000	0.000000	0.000000	6.588626	0.788394
10000	0.990000	0.000000	0.000000	7.991218	0.755949
15000	0.990000	0.000000	0.000000	8.777639	0.739135
20000	0.990000	0.000000	0.000000	9.261268	0.729242
25000	0.990000	0.000000	0.000000	9.571832	0.723059
30000	0.990000	0.000000	0.000000	9.776096	0.719063
35000	0.990000	0.000000	0.000000	9.912392	0.716426
40000	0.990000	0.000000	0.000000	10.004167	0.714664
45000	0.990000	0.000000	0.000000	10.066328	0.713477
50000	0.990000	0.000000	0.000000	10.108596	0.712673
55000	0.990000	0.000000	0.000000	10.137411	0.712125
60000	0.990000	0.000000	0.000000	10.157091	0.711752
65000	0.990000	0.000000	0.000000	10.170547	0.711497
70000	0.990000	0.000000	0.000000	10.179755	0.711323
75000	0.990000	0.000000	0.000000	10.186059	0.711204
80000	0.990000	0.000000	0.000000	10.190378	0.711122
85000	0.990000	0.000000	0.000000	10.193336	0.711066
90000	0.990000	0.000000	0.000000	10.195364	0.711028
95000	0.990000	0.000000	0.000000	10.196753	0.711002
100000	0.990000	0.000000	0.000000	10.197705	0.710984

var1: 0.002500	 var2: 0.200000
gen	A2		B2		diseq		zbar		sexrat
0	0.990000	0.000000			3.000000	
5000	0.990000	0.000000	0.000000	6.588626	0.788394
10000	0.990000	0.000000	0.000000	7.991218	0.755949
15000	0.990000	0.000000	0.000000	8.777639	0.739135
20000	0.990000	0.000000	0.000000	9.261268	0.729242
25000	0.990000	0.000000	0.000000	9.571832	0.723059
30000	0.990000	0.000000	0.000000	9.776096	0.719063
35000	0.990000	0.000000	0.000000	9.912392	0.716426
40000	0.990000	0.000000	0.000000	10.004167	0.714664
45000	0.990000	0.000000	0.000000	10.066328	0.713477
50000	0.990000	0.000000	0.000000	10.108596	0.712673
55000	0.990000	0.000000	0.000000	10.137411	0.712125
60000	0.990000	0.000000	0.000000	10.157091	0.711752
65000	0.990000	0.000000	0.000000	10.170547	0.711497
70000	0.990000	0.000000	0.000000	10.179755	0.711323
75000	0.990000	0.000000	0.000000	10.186059	0.711204
80000	0.990000	0.000000	0.000000	10.190378	0.711122
85000	0.990000	0.000000	0.000000	10.193336	0.711066
90000	0.990000	0.000000	0.000000	10.195364	0.711028
95000	0.990000	0.000000	0.000000	10.196753	0.711002
100000	0.990000	0.000000	0.000000	10.197705	0.710984

var1: 0.002500	 var2: 0.300000
gen	A2		B2		diseq		zbar		sexrat
0	0.990000	0.000000			3.000000	
5000	0.990000	0.000000	0.000000	6.588626	0.788394
10000	0.990000	0.000000	0.000000	7.991218	0.755949
15000	0.990000	0.000000	0.000000	8.777639	0.739135
20000	0.990000	0.000000	0.000000	9.261268	0.729242
25000	0.990000	0.000000	0.000000	9.571832	0.723059
30000	0.990000	0.000000	0.000000	9.776096	0.719063
35000	0.990000	0.000000	0.000000	9.912392	0.716426
40000	0.990000	0.000000	0.000000	10.004167	0.714664
45000	0.990000	0.000000	0.000000	10.066328	0.713477
50000	0.990000	0.000000	0.000000	10.108596	0.712673
55000	0.990000	0.000000	0.000000	10.137411	0.712125
60000	0.990000	0.000000	0.000000	10.157091	0.711752
65000	0.990000	0.000000	0.000000	10.170547	0.711497
70000	0.990000	0.000000	0.000000	10.179755	0.711323
75000	0.990000	0.000000	0.000000	10.186059	0.711204
80000	0.990000	0.000000	0.000000	10.190378	0.711122
85000	0.990000	0.000000	0.000000	10.193336	0.711066
90000	0.990000	0.000000	0.000000	10.195364	0.711028
95000	0.990000	0.000000	0.000000	10.196753	0.711002
100000	0.990000	0.000000	0.000000	10.197705	0.710984

var1: 0.002500	 var2: 0.400000
gen	A2		B2		diseq		zbar		sexrat
0	0.990000	0.000000			3.000000	
5000	0.990000	0.000000	0.000000	6.588626	0.788394
10000	0.990000	0.000000	0.000000	7.991218	0.755949
15000	0.990000	0.000000	0.000000	8.777639	0.739135
20000	0.990000	0.000000	0.000000	9.261268	0.729242
25000	0.990000	0.000000	0.000000	9.571832	0.723059
30000	0.990000	0.000000	0.000000	9.776096	0.719063
35000	0.990000	0.000000	0.000000	9.912392	0.716426
40000	0.990000	0.000000	0.000000	10.004167	0.714664
45000	0.990000	0.000000	0.000000	10.066328	0.713477
50000	0.990000	0.000000	0.000000	10.108596	0.712673
55000	0.990000	0.000000	0.000000	10.137411	0.712125
60000	0.990000	0.000000	0.000000	10.157091	0.711752
65000	0.990000	0.000000	0.000000	10.170547	0.711497
70000	0.990000	0.000000	0.000000	10.179755	0.711323
75000	0.990000	0.000000	0.000000	10.186059	0.711204
80000	0.990000	0.000000	0.000000	10.190378	0.711122
85000	0.990000	0.000000	0.000000	10.193336	0.711066
90000	0.990000	0.000000	0.000000	10.195364	0.711028
95000	0.990000	0.000000	0.000000	10.196753	0.711002
100000	0.990000	0.000000	0.000000	10.197705	0.710984

var1: 0.002500	 var2: 0.500000
gen	A2		B2		diseq		zbar		sexrat
0	0.990000	0.000000			3.000000	
5000	0.990000	0.000000	0.000000	6.588626	0.788394
10000	0.990000	0.000000	0.000000	7.991218	0.755949
15000	0.990000	0.000000	0.000000	8.777639	0.739135
20000	0.990000	0.000000	0.000000	9.261268	0.729242
25000	0.990000	0.000000	0.000000	9.571832	0.723059
30000	0.990000	0.000000	0.000000	9.776096	0.719063
35000	0.990000	0.000000	0.000000	9.912392	0.716426
40000	0.990000	0.000000	0.000000	10.004167	0.714664
45000	0.990000	0.000000	0.000000	10.066328	0.713477
50000	0.990000	0.000000	0.000000	10.108596	0.712673
55000	0.990000	0.000000	0.000000	10.137411	0.712125
60000	0.990000	0.000000	0.000000	10.157091	0.711752
65000	0.990000	0.000000	0.000000	10.170547	0.711497
70000	0.990000	0.000000	0.000000	10.179755	0.711323
75000	0.990000	0.000000	0.000000	10.186059	0.711204
80000	0.990000	0.000000	0.000000	10.190378	0.711122
85000	0.990000	0.000000	0.000000	10.193336	0.711066
90000	0.990000	0.000000	0.000000	10.195364	0.711028
95000	0.990000	0.000000	0.000000	10.196753	0.711002
100000	0.990000	0.000000	0.000000	10.197705	0.710984

var1: 0.002500	 var2: 0.600000
gen	A2		B2		diseq		zbar		sexrat
0	0.990000	0.000000			3.000000	
5000	0.990000	0.000000	0.000000	6.588626	0.788394
10000	0.990000	0.000000	0.000000	7.991218	0.755949
15000	0.990000	0.000000	0.000000	8.777639	0.739135
20000	0.990000	0.000000	0.000000	9.261268	0.729242
25000	0.990000	0.000000	0.000000	9.571832	0.723059
30000	0.990000	0.000000	0.000000	9.776096	0.719063
35000	0.990000	0.000000	0.000000	9.912392	0.716426
40000	0.990000	0.000000	0.000000	10.004167	0.714664
45000	0.990000	0.000000	0.000000	10.066328	0.713477
50000	0.990000	0.000000	0.000000	10.108596	0.712673
55000	0.990000	0.000000	0.000000	10.137411	0.712125
60000	0.990000	0.000000	0.000000	10.157091	0.711752
65000	0.990000	0.000000	0.000000	10.170547	0.711497
70000	0.990000	0.000000	0.000000	10.179755	0.711323
75000	0.990000	0.000000	0.000000	10.186059	0.711204
80000	0.990000	0.000000	0.000000	10.190378	0.711122
85000	0.990000	0.000000	0.000000	10.193336	0.711066
90000	0.990000	0.000000	0.000000	10.195364	0.711028
95000	0.990000	0.000000	0.000000	10.196753	0.711002
100000	0.990000	0.000000	0.000000	10.197705	0.710984

var1: 0.002500	 var2: 0.700000
gen	A2		B2		diseq		zbar		sexrat
0	0.990000	0.000000			3.000000	
5000	0.990000	0.000000	0.000000	6.588626	0.788394
10000	0.990000	0.000000	0.000000	7.991218	0.755949
15000	0.990000	0.000000	0.000000	8.777639	0.739135
20000	0.990000	0.000000	0.000000	9.261268	0.729242
25000	0.990000	0.000000	0.000000	9.571832	0.723059
30000	0.990000	0.000000	0.000000	9.776096	0.719063
35000	0.990000	0.000000	0.000000	9.912392	0.716426
40000	0.990000	0.000000	0.000000	10.004167	0.714664
45000	0.990000	0.000000	0.000000	10.066328	0.713477
50000	0.990000	0.000000	0.000000	10.108596	0.712673
55000	0.990000	0.000000	0.000000	10.137411	0.712125
60000	0.990000	0.000000	0.000000	10.157091	0.711752
65000	0.990000	0.000000	0.000000	10.170547	0.711497
70000	0.990000	0.000000	0.000000	10.179755	0.711323
75000	0.990000	0.000000	0.000000	10.186059	0.711204
80000	0.990000	0.000000	0.000000	10.190378	0.711122
85000	0.990000	0.000000	0.000000	10.193336	0.711066
90000	0.990000	0.000000	0.000000	10.195364	0.711028
95000	0.990000	0.000000	0.000000	10.196753	0.711002
100000	0.990000	0.000000	0.000000	10.197705	0.710984

var1: 0.002500	 var2: 0.800000
gen	A2		B2		diseq		zbar		sexrat
0	0.990000	0.000000			3.000000	
5000	0.990000	0.000000	0.000000	6.588626	0.788394
10000	0.990000	0.000000	0.000000	7.991218	0.755949
15000	0.990000	0.000000	0.000000	8.777639	0.739135
20000	0.990000	0.000000	0.000000	9.261268	0.729242
25000	0.990000	0.000000	0.000000	9.571832	0.723059
30000	0.990000	0.000000	0.000000	9.776096	0.719063
35000	0.990000	0.000000	0.000000	9.912392	0.716426
40000	0.990000	0.000000	0.000000	10.004167	0.714664
45000	0.990000	0.000000	0.000000	10.066328	0.713477
50000	0.990000	0.000000	0.000000	10.108596	0.712673
55000	0.990000	0.000000	0.000000	10.137411	0.712125
60000	0.990000	0.000000	0.000000	10.157091	0.711752
65000	0.990000	0.000000	0.000000	10.170547	0.711497
70000	0.990000	0.000000	0.000000	10.179755	0.711323
75000	0.990000	0.000000	0.000000	10.186059	0.711204
80000	0.990000	0.000000	0.000000	10.190378	0.711122
85000	0.990000	0.000000	0.000000	10.193336	0.711066
90000	0.990000	0.000000	0.000000	10.195364	0.711028
95000	0.990000	0.000000	0.000000	10.196753	0.711002
100000	0.990000	0.000000	0.000000	10.197705	0.710984

var1: 0.002500	 var2: 0.900000
gen	A2		B2		diseq		zbar		sexrat
0	0.990000	0.000000			3.000000	
5000	0.990000	0.000000	0.000000	6.588626	0.788394
10000	0.990000	0.000000	0.000000	7.991218	0.755949
15000	0.990000	0.000000	0.000000	8.777639	0.739135
20000	0.990000	0.000000	0.000000	9.261268	0.729242
25000	0.990000	0.000000	0.000000	9.571832	0.723059
30000	0.990000	0.000000	0.000000	9.776096	0.719063
35000	0.990000	0.000000	0.000000	9.912392	0.716426
40000	0.990000	0.000000	0.000000	10.004167	0.714664
45000	0.990000	0.000000	0.000000	10.066328	0.713477
50000	0.990000	0.000000	0.000000	10.108596	0.712673
55000	0.990000	0.000000	0.000000	10.137411	0.712125
60000	0.990000	0.000000	0.000000	10.157091	0.711752
65000	0.990000	0.000000	0.000000	10.170547	0.711497
70000	0.990000	0.000000	0.000000	10.179755	0.711323
75000	0.990000	0.000000	0.000000	10.186059	0.711204
80000	0.990000	0.000000	0.000000	10.190378	0.711122
85000	0.990000	0.000000	0.000000	10.193336	0.711066
90000	0.990000	0.000000	0.000000	10.195364	0.711028
95000	0.990000	0.000000	0.000000	10.196753	0.711002
100000	0.990000	0.000000	0.000000	10.197705	0.710984

var1: 0.002500	 var2: 1.000000
gen	A2		B2		diseq		zbar		sexrat
0	0.990000	0.000000			3.000000	
5000	0.990000	0.000000	0.000000	6.588626	0.788394
10000	0.990000	0.000000	0.000000	7.991218	0.755949
15000	0.990000	0.000000	0.000000	8.777639	0.739135
20000	0.990000	0.000000	0.000000	9.261268	0.729242
25000	0.990000	0.000000	0.000000	9.571832	0.723059
30000	0.990000	0.000000	0.000000	9.776096	0.719063
35000	0.990000	0.000000	0.000000	9.912392	0.716426
40000	0.990000	0.000000	0.000000	10.004167	0.714664
45000	0.990000	0.000000	0.000000	10.066328	0.713477
50000	0.990000	0.000000	0.000000	10.108596	0.712673
55000	0.990000	0.000000	0.000000	10.137411	0.712125
60000	0.990000	0.000000	0.000000	10.157091	0.711752
65000	0.990000	0.000000	0.000000	10.170547	0.711497
70000	0.990000	0.000000	0.000000	10.179755	0.711323
75000	0.990000	0.000000	0.000000	10.186059	0.711204
80000	0.990000	0.000000	0.000000	10.190378	0.711122
85000	0.990000	0.000000	0.000000	10.193336	0.711066
90000	0.990000	0.000000	0.000000	10.195364	0.711028
95000	0.990000	0.000000	0.000000	10.196753	0.711002
100000	0.990000	0.000000	0.000000	10.197705	0.710984

var1: 0.002500	 var2: 1.100000
gen	A2		B2		diseq		zbar		sexrat
0	0.990000	0.000000			3.000000	
5000	0.990000	0.000000	0.000000	6.588626	0.788394
10000	0.990000	0.000000	0.000000	7.991218	0.755949
15000	0.990000	0.000000	0.000000	8.777639	0.739135
20000	0.990000	0.000000	0.000000	9.261268	0.729242
25000	0.990000	0.000000	0.000000	9.571832	0.723059
30000	0.990000	0.000000	0.000000	9.776096	0.719063
35000	0.990000	0.000000	0.000000	9.912392	0.716426
40000	0.990000	0.000000	0.000000	10.004167	0.714664
45000	0.990000	0.000000	0.000000	10.066328	0.713477
50000	0.990000	0.000000	0.000000	10.108596	0.712673
55000	0.990000	0.000000	0.000000	10.137411	0.712125
60000	0.990000	0.000000	0.000000	10.157091	0.711752
65000	0.990000	0.000000	0.000000	10.170547	0.711497
70000	0.990000	0.000000	0.000000	10.179755	0.711323
75000	0.990000	0.000000	0.000000	10.186059	0.711204
80000	0.990000	0.000000	0.000000	10.190378	0.711122
85000	0.990000	0.000000	0.000000	10.193336	0.711066
90000	0.990000	0.000000	0.000000	10.195364	0.711028
95000	0.990000	0.000000	0.000000	10.196753	0.711002
100000	0.990000	0.000000	0.000000	10.197705	0.710984

var1: 0.002500	 var2: 1.200000
gen	A2		B2		diseq		zbar		sexrat
0	0.990000	0.000000			3.000000	
5000	0.990000	0.000000	0.000000	6.588626	0.788394
10000	0.990000	0.000000	0.000000	7.991218	0.755949
15000	0.990000	0.000000	0.000000	8.777639	0.739135
20000	0.990000	0.000000	0.000000	9.261268	0.729242
25000	0.990000	0.000000	0.000000	9.571832	0.723059
30000	0.990000	0.000000	0.000000	9.776096	0.719063
35000	0.990000	0.000000	0.000000	9.912392	0.716426
40000	0.990000	0.000000	0.000000	10.004167	0.714664
45000	0.990000	0.000000	0.000000	10.066328	0.713477
50000	0.990000	0.000000	0.000000	10.108596	0.712673
55000	0.990000	0.000000	0.000000	10.137411	0.712125
60000	0.990000	0.000000	0.000000	10.157091	0.711752
65000	0.990000	0.000000	0.000000	10.170547	0.711497
70000	0.990000	0.000000	0.000000	10.179755	0.711323
75000	0.990000	0.000000	0.000000	10.186059	0.711204
80000	0.990000	0.000000	0.000000	10.190378	0.711122
85000	0.990000	0.000000	0.000000	10.193336	0.711066
90000	0.990000	0.000000	0.000000	10.195364	0.711028
95000	0.990000	0.000000	0.000000	10.196753	0.711002
100000	0.990000	0.000000	0.000000	10.197705	0.710984

var1: 0.002500	 var2: 1.300000
gen	A2		B2		diseq		zbar		sexrat
0	0.990000	0.000000			3.000000	
5000	0.990000	0.000000	0.000000	6.588626	0.788394
10000	0.990000	0.000000	0.000000	7.991218	0.755949
15000	0.990000	0.000000	0.000000	8.777639	0.739135
20000	0.990000	0.000000	0.000000	9.261268	0.729242
25000	0.990000	0.000000	0.000000	9.571832	0.723059
30000	0.990000	0.000000	0.000000	9.776096	0.719063
35000	0.990000	0.000000	0.000000	9.912392	0.716426
40000	0.990000	0.000000	0.000000	10.004167	0.714664
45000	0.990000	0.000000	0.000000	10.066328	0.713477
50000	0.990000	0.000000	0.000000	10.108596	0.712673
55000	0.990000	0.000000	0.000000	10.137411	0.712125
60000	0.990000	0.000000	0.000000	10.157091	0.711752
65000	0.990000	0.000000	0.000000	10.170547	0.711497
70000	0.990000	0.000000	0.000000	10.179755	0.711323
75000	0.990000	0.000000	0.000000	10.186059	0.711204
80000	0.990000	0.000000	0.000000	10.190378	0.711122
85000	0.990000	0.000000	0.000000	10.193336	0.711066
90000	0.990000	0.000000	0.000000	10.195364	0.711028
95000	0.990000	0.000000	0.000000	10.196753	0.711002
100000	0.990000	0.000000	0.000000	10.197705	0.710984

var1: 0.002500	 var2: 1.400000
gen	A2		B2		diseq		zbar		sexrat
0	0.990000	0.000000			3.000000	
5000	0.990000	0.000000	0.000000	6.588626	0.788394
10000	0.990000	0.000000	0.000000	7.991218	0.755949
15000	0.990000	0.000000	0.000000	8.777639	0.739135
20000	0.990000	0.000000	0.000000	9.261268	0.729242
25000	0.990000	0.000000	0.000000	9.571832	0.723059
30000	0.990000	0.000000	0.000000	9.776096	0.719063
35000	0.990000	0.000000	0.000000	9.912392	0.716426
40000	0.990000	0.000000	0.000000	10.004167	0.714664
45000	0.990000	0.000000	0.000000	10.066328	0.713477
50000	0.990000	0.000000	0.000000	10.108596	0.712673
55000	0.990000	0.000000	0.000000	10.137411	0.712125
60000	0.990000	0.000000	0.000000	10.157091	0.711752
65000	0.990000	0.000000	0.000000	10.170547	0.711497
70000	0.990000	0.000000	0.000000	10.179755	0.711323
75000	0.990000	0.000000	0.000000	10.186059	0.711204
80000	0.990000	0.000000	0.000000	10.190378	0.711122
85000	0.990000	0.000000	0.000000	10.193336	0.711066
90000	0.990000	0.000000	0.000000	10.195364	0.711028
95000	0.990000	0.000000	0.000000	10.196753	0.711002
100000	0.990000	0.000000	0.000000	10.197705	0.710984

var1: 0.002500	 var2: 1.500000
gen	A2		B2		diseq		zbar		sexrat
0	0.990000	0.000000			3.000000	
5000	0.990000	0.000000	0.000000	6.588626	0.788394
10000	0.990000	0.000000	0.000000	7.991218	0.755949
15000	0.990000	0.000000	0.000000	8.777639	0.739135
20000	0.990000	0.000000	0.000000	9.261268	0.729242
25000	0.990000	0.000000	0.000000	9.571832	0.723059
30000	0.990000	0.000000	0.000000	9.776096	0.719063
35000	0.990000	0.000000	0.000000	9.912392	0.716426
40000	0.990000	0.000000	0.000000	10.004167	0.714664
45000	0.990000	0.000000	0.000000	10.066328	0.713477
50000	0.990000	0.000000	0.000000	10.108596	0.712673
55000	0.990000	0.000000	0.000000	10.137411	0.712125
60000	0.990000	0.000000	0.000000	10.157091	0.711752
65000	0.990000	0.000000	0.000000	10.170547	0.711497
70000	0.990000	0.000000	0.000000	10.179755	0.711323
75000	0.990000	0.000000	0.000000	10.186059	0.711204
80000	0.990000	0.000000	0.000000	10.190378	0.711122
85000	0.990000	0.000000	0.000000	10.193336	0.711066
90000	0.990000	0.000000	0.000000	10.195364	0.711028
95000	0.990000	0.000000	0.000000	10.196753	0.711002
100000	0.990000	0.000000	0.000000	10.197705	0.710984

var1: 0.002500	 var2: 1.600000
gen	A2		B2		diseq		zbar		sexrat
0	0.990000	0.000000			3.000000	
5000	0.990000	0.000000	0.000000	6.588626	0.788394
10000	0.990000	0.000000	0.000000	7.991218	0.755949
15000	0.990000	0.000000	0.000000	8.777639	0.739135
20000	0.990000	0.000000	0.000000	9.261268	0.729242
25000	0.990000	0.000000	0.000000	9.571832	0.723059
30000	0.990000	0.000000	0.000000	9.776096	0.719063
35000	0.990000	0.000000	0.000000	9.912392	0.716426
40000	0.990000	0.000000	0.000000	10.004167	0.714664
45000	0.990000	0.000000	0.000000	10.066328	0.713477
50000	0.990000	0.000000	0.000000	10.108596	0.712673
55000	0.990000	0.000000	0.000000	10.137411	0.712125
60000	0.990000	0.000000	0.000000	10.157091	0.711752
65000	0.990000	0.000000	0.000000	10.170547	0.711497
70000	0.990000	0.000000	0.000000	10.179755	0.711323
75000	0.990000	0.000000	0.000000	10.186059	0.711204
80000	0.990000	0.000000	0.000000	10.190378	0.711122
85000	0.990000	0.000000	0.000000	10.193336	0.711066
90000	0.990000	0.000000	0.00000