
########################### Run 1 ######################
var1: 0.000000	 var2: 0.000000
gen	A2		B2		diseq		zbar		sexrat
0	0.990000	0.000000			3.336000	
600	0.990000	0.000000	0.000000	5.136803	1.000000
1200	0.990000	0.000000	0.000000	5.196915	1.000000
1800	0.990000	0.000000	0.000000	5.199848	1.000000
2400	0.990000	0.000000	0.000000	5.199992	1.000000
3000	0.990000	0.000000	0.000000	5.200000	1.000000

var1: 0.000000	 var2: 0.050000
gen	A2		B2		diseq		zbar		sexrat
0	0.990000	0.000000			3.336000	
600	0.990000	0.000000	0.000000	4.775179	0.825489
1200	0.990000	0.000000	0.000000	4.790907	0.825062
1800	0.990000	0.000000	0.000000	4.791139	0.825056
2400	0.990000	0.000000	0.000000	4.791142	0.825056
3000	0.990000	0.000000	0.000000	4.791142	0.825056

var1: 0.000000	 var2: 0.100000
gen	A2		B2		diseq		zbar		sexrat
0	0.990000	0.000000			3.336000	
600	0.990000	0.000000	0.000000	4.602367	0.732226
1200	0.990000	0.000000	0.000000	4.609347	0.731987
1800	0.990000	0.000000	0.000000	4.609397	0.731985
2400	0.990000	0.000000	0.000000	4.609398	0.731985
3000	0.990000	0.000000	0.000000	4.609398	0.731985

var1: 0.000000	 var2: 0.150000
gen	A2		B2		diseq		zbar		sexrat
0	0.990000	0.000000			3.336000	
600	0.990000	0.000000	0.000000	4.526235	0.672447
1200	0.990000	0.000000	0.000000	4.530706	0.672292
1800	0.990000	0.000000	0.000000	4.530728	0.672291
2400	0.990000	0.000000	0.000000	4.530728	0.672291
3000	0.990000	0.000000	0.000000	4.530728	0.672291

var1: 0.000000	 var2: 0.200000
gen	A2		B2		diseq		zbar		sexrat
0	0.990000	0.000000			3.336000	
600	0.990000	0.000000	0.000000	4.506410	0.630616
1200	0.990000	0.000000	0.000000	4.510074	0.630496
1800	0.990000	0.000000	0.000000	4.510089	0.630496
2400	0.990000	0.000000	0.000000	4.510089	0.630496
3000	0.990000	0.000000	0.000000	4.510089	0.630496

var1: 0.000000	 var2: 0.250000
gen	A2		B2		diseq		zbar		sexrat
0	0.990000	0.000000			3.336000	
600	0.990000	0.000000	0.000000	4.521750	0.599927
1200	0.990000	0.000000	0.000000	4.525269	0.599826
1800	0.990000	0.000000	0.000000	4.525282	0.599825
2400	0.990000	0.000000	0.000000	4.525282	0.599825
3000	0.990000	0.000000	0.000000	4.525282	0.599825

var1: 0.050000	 var2: 0.000000
gen	A2		B2		diseq		zbar		sexrat
0	0.990000	0.000000			3.336000	
600	0.990000	0.000000	0.000000	4.775179	1.211404
1200	0.990000	0.000000	0.000000	4.790907	1.212030
1800	0.990000	0.000000	0.000000	4.791139	1.212039
2400	0.990000	0.000000	0.000000	4.791142	1.212039
3000	0.990000	0.000000	0.000000	4.791142	1.212039

var1: 0.050000	 var2: 0.050000
gen	A2		B2		diseq		zbar		sexrat
0	0.990000	0.000000			3.336000	
600	0.990000	0.000000	0.000000	4.482253	1.000000
1200	0.990000	0.000000	0.000000	4.485586	1.000000
1800	0.990000	0.000000	0.000000	4.485598	1.000000
2400	0.990000	0.000000	0.000000	4.485598	1.000000
3000	0.990000	0.000000	0.000000	4.485598	1.000000

var1: 0.050000	 var2: 0.100000
gen	A2		B2		diseq		zbar		sexrat
0	0.990000	0.000000			3.336000	
600	0.990000	0.000000	0.000000	4.372627	0.865364
1200	0.990000	0.000000	0.000000	4.374284	0.865333
1800	0.990000	0.000000	0.000000	4.374287	0.865332
2400	0.990000	0.000000	0.000000	4.374287	0.865332
3000	0.990000	0.000000	0.000000	4.374287	0.865332

var1: 0.050000	 var2: 0.150000
gen	A2		B2		diseq		zbar		sexrat
0	0.990000	0.000000			3.336000	
600	0.990000	0.000000	0.000000	4.326972	0.782469
1200	0.990000	0.000000	0.000000	4.328112	0.782442
1800	0.990000	0.000000	0.000000	4.328114	0.782442
2400	0.990000	0.000000	0.000000	4.328114	0.782442
3000	0.990000	0.000000	0.000000	4.328114	0.782442

var1: 0.050000	 var2: 0.200000
gen	A2		B2		diseq		zbar		sexrat
0	0.990000	0.000000			3.336000	
600	0.990000	0.000000	0.000000	4.322615	0.726282
1200	0.990000	0.000000	0.000000	4.323603	0.726258
1800	0.990000	0.000000	0.000000	4.323604	0.726258
2400	0.990000	0.000000	0.000000	4.323604	0.726258
3000	0.990000	0.000000	0.000000	4.323604	0.726258

var1: 0.050000	 var2: 0.250000
gen	A2		B2		diseq		zbar		sexrat
0	0.990000	0.000000			3.336000	
600	0.990000	0.000000	0.000000	4.345573	0.686073
1200	0.990000	0.000000	0.000000	4.346567	0.686052
1800	0.990000	0.000000	0.000000	4.346568	0.686052
2400	0.990000	0.000000	0.000000	4.346568	0.686052
3000	0.990000	0.000000	0.000000	4.346568	0.686052

var1: 0.100000	 var2: 0.000000
gen	A2		B2		diseq		zbar		sexrat
0	0.990000	0.000000			3.336000	
600	0.990000	0.000000	0.000000	4.602367	1.365699
1200	0.990000	0.000000	0.000000	4.609347	1.366145
1800	0.990000	0.000000	0.000000	4.609397	1.366148
2400	0.990000	0.000000	0.000000	4.609398	1.366148
3000	0.990000	0.000000	0.000000	4.609398	1.366148

var1: 0.100000	 var2: 0.050000
gen	A2		B2		diseq		zbar		sexrat
0	0.990000	0.000000			3.336000	
600	0.990000	0.000000	0.000000	4.372627	1.155584
1200	0.990000	0.000000	0.000000	4.374284	1.155625
1800	0.990000	0.000000	0.000000	4.374287	1.155625
2400	0.990000	0.000000	0.000000	4.374287	1.155625
3000	0.990000	0.000000	0.000000	4.374287	1.155625

var1: 0.100000	 var2: 0.100000
gen	A2		B2		diseq		zbar		sexrat
0	0.990000	0.000000			3.336000	
600	0.990000	0.000000	0.000000	4.212455	1.000000
1200	0.990000	0.000000	0.000000	4.212891	1.000000
1800	0.990000	0.000000	0.000000	4.212891	1.000000
2400	0.990000	0.000000	0.000000	4.212891	1.000000
3000	0.990000	0.000000	0.000000	4.212891	1.000000

var1: 0.100000	 var2: 0.150000
gen	A2		B2		diseq		zbar		sexrat
0	0.990000	0.000000			3.336000	
600	0.990000	0.000000	0.000000	4.189825	0.891605
1200	0.990000	0.000000	0.000000	4.190159	0.891601
1800	0.990000	0.000000	0.000000	4.190159	0.891601
2400	0.990000	0.000000	0.000000	4.190159	0.891601
3000	0.990000	0.000000	0.000000	4.190159	0.891601

var1: 0.100000	 var2: 0.200000
gen	A2		B2		diseq		zbar		sexrat
0	0.990000	0.000000			3.336000	
600	0.990000	0.000000	0.000000	4.197527	0.819770
1200	0.990000	0.000000	0.000000	4.197839	0.819766
1800	0.990000	0.000000	0.000000	4.197839	0.819766
2400	0.990000	0.000000	0.000000	4.197839	0.819766
3000	0.990000	0.000000	0.000000	4.197839	0.819766

var1: 0.100000	 var2: 0.250000
gen	A2		B2		diseq		zbar		sexrat
0	0.990000	0.000000			3.336000	
600	0.990000	0.000000	0.000000	4.226802	0.769267
1200	0.990000	0.000000	0.000000	4.227134	0.769263
1800	0.990000	0.000000	0.000000	4.227134	0.769263
2400	0.990000	0.000000	0.000000	4.227134	0.769263
3000	0.990000	0.000000	0.000000	4.227134	0.769263

var1: 0.150000	 var2: 0.000000
gen	A2		B2		diseq		zbar		sexrat
0	0.990000	0.000000			3.336000	
600	0.990000	0.000000	0.000000	4.526235	1.487105
1200	0.990000	0.000000	0.000000	4.530706	1.487449
1800	0.990000	0.000000	0.000000	4.530728	1.487451
2400	0.990000	0.000000	0.000000	4.530728	1.487451
3000	0.990000	0.000000	0.000000	4.530728	1.487451

var1: 0.150000	 var2: 0.050000
gen	A2		B2		diseq		zbar		sexrat
0	0.990000	0.000000			3.336000	
600	0.990000	0.000000	0.000000	4.326972	1.278006
1200	0.990000	0.000000	0.000000	4.328112	1.278050
1800	0.990000	0.000000	0.000000	4.328114	1.278050
2400	0.990000	0.000000	0.000000	4.328114	1.278050
3000	0.990000	0.000000	0.000000	4.328114	1.278050

var1: 0.150000	 var2: 0.100000
gen	A2		B2		diseq		zbar		sexrat
0	0.990000	0.000000			3.336000	
600	0.990000	0.000000	0.000000	4.189825	1.121572
1200	0.990000	0.000000	0.000000	4.190159	1.121577
1800	0.990000	0.000000	0.000000	4.190159	1.121577
2400	0.990000	0.000000	0.000000	4.190159	1.121577
3000	0.990000	0.000000	0.000000	4.190159	1.121577

var1: 0.150000	 var2: 0.150000
gen	A2		B2		diseq		zbar		sexrat
0	0.990000	0.000000			3.336000	
600	0.990000	0.000000	0.000000	4.099427	1.000000
1200	0.990000	0.000000	0.000000	4.099544	1.000000
1800	0.990000	0.000000	0.000000	4.099544	1.000000
2400	0.990000	0.000000	0.000000	4.099544	1.000000
3000	0.990000	0.000000	0.000000	4.099544	1.000000

var1: 0.150000	 var2: 0.200000
gen	A2		B2		diseq		zbar		sexrat
0	0.990000	0.000000			3.336000	
600	0.990000	0.000000	0.000000	4.116502	0.911114
1200	0.990000	0.000000	0.000000	4.116621	0.911113
1800	0.990000	0.000000	0.000000	4.116621	0.911113
2400	0.990000	0.000000	0.000000	4.116621	0.911113
3000	0.990000	0.000000	0.000000	4.116621	0.911113

var1: 0.150000	 var2: 0.250000
gen	A2		B2		diseq		zbar		sexrat
0	0.990000	0.000000			3.336000	
600	0.990000	0.000000	0.000000	4.150933	0.849550
1200	0.990000	0.000000	0.000000	4.151067	0.849549
1800	0.990000	0.000000	0.000000	4.151067	0.849549
2400	0.990000	0.000000	0.000000	4.151067	0.849549
3000	0.990000	0.000000	0.000000	4.151067	0.849549

var1: 0.200000	 var2: 0.000000
gen	A2		B2		diseq		zbar		sexrat
0	0.990000	0.000000			3.336000	
600	0.990000	0.000000	0.000000	4.506410	1.585752
1200	0.990000	0.000000	0.000000	4.510074	1.586052
1800	0.990000	0.000000	0.000000	4.510089	1.586053
2400	0.990000	0.000000	0.000000	4.510089	1.586053
3000	0.990000	0.000000	0.000000	4.510089	1.586053

var1: 0.200000	 var2: 0.050000
gen	A2		B2		diseq		zbar		sexrat
0	0.990000	0.000000			3.336000	
600	0.990000	0.000000	0.000000	4.322615	1.376875
1200	0.990000	0.000000	0.000000	4.323603	1.376920
1800	0.990000	0.000000	0.000000	4.323604	1.376920
2400	0.990000	0.000000	0.000000	4.323604	1.376920
3000	0.990000	0.000000	0.000000	4.323604	1.376920

var1: 0.200000	 var2: 0.100000
gen	A2		B2		diseq		zbar		sexrat
0	0.990000	0.000000			3.336000	
600	0.990000	0.000000	0.000000	4.197527	1.219854
1200	0.990000	0.000000	0.000000	4.197839	1.219861
1800	0.990000	0.000000	0.000000	4.197839	1.219861
2400	0.990000	0.000000	0.000000	4.197839	1.219861
3000	0.990000	0.000000	0.000000	4.197839	1.219861

var1: 0.200000	 var2: 0.150000
gen	A2		B2		diseq		zbar		sexrat
0	0.990000	0.000000			3.336000	
600	0.990000	0.000000	0.000000	4.116502	1.097557
1200	0.990000	0.000000	0.000000	4.116621	1.097558
1800	0.990000	0.000000	0.000000	4.116621	1.097558
2400	0.990000	0.000000	0.000000	4.116621	1.097558
3000	0.990000	0.000000	0.000000	4.116621	1.097558

var1: 0.200000	 var2: 0.200000
gen	A2		B2		diseq		zbar		sexrat
0	0.990000	0.000000			3.336000	
600	0.990000	0.000000	0.000000	4.069838	1.000000
1200	0.990000	0.000000	0.000000	4.069893	1.000000
1800	0.990000	0.000000	0.000000	4.069893	1.000000
2400	0.990000	0.000000	0.000000	4.069893	1.000000
3000	0.990000	0.000000	0.000000	4.069893	1.000000

var1: 0.200000	 var2: 0.250000
gen	A2		B2		diseq		zbar		sexrat
0	0.990000	0.000000			3.336000	
600	0.990000	0.000000	0.000000	4.108328	0.926642
1200	0.990000	0.000000	0.000000	4.108395	0.926642
1800	0.990000	0.000000	0.000000	4.108395	0.926642
2400	0.990000	0.000000	0.000000	4.108395	0.926642
3000	0.990000	0.000000	0.000000	4.108395	0.926642

var1: 0.250000	 var2: 0.000000
gen	A2		B2		diseq		zbar		sexrat
0	0.990000	0.000000			3.336000	
600	0.990000	0.000000	0.000000	4.521750	1.666869
1200	0.990000	0.000000	0.000000	4.525269	1.667151
1800	0.990000	0.000000	0.000000	4.525282	1.667152
2400	0.990000	0.000000	0.000000	4.525282	1.667152
3000	0.990000	0.000000	0.000000	4.525282	1.667152

var1: 0.250000	 var2: 0.050000
gen	A2		B2		diseq		zbar		sexrat
0	0.990000	0.000000			3.336000	
600	0.990000	0.000000	0.000000	4.345573	1.457571
1200	0.990000	0.000000	0.000000	4.346567	1.457616
1800	0.990000	0.000000	0.000000	4.346568	1.457616
2400	0.990000	0.000000	0.000000	4.346568	1.457616
3000	0.990000	0.000000	0.000000	4.346568	1.457616

var1: 0.250000	 var2: 0.100000
gen	A2		B2		diseq		zbar		sexrat
0	0.990000	0.000000			3.336000	
600	0.990000	0.000000	0.000000	4.226802	1.299938
1200	0.990000	0.000000	0.000000	4.227134	1.299946
1800	0.990000	0.000000	0.000000	4.227134	1.299946
2400	0.990000	0.000000	0.000000	4.227134	1.299946
3000	0.990000	0.000000	0.000000	4.227134	1.299946

var1: 0.250000	 var2: 0.150000
gen	A2		B2		diseq		zbar		sexrat
0	0.990000	0.000000			3.336000	
600	0.990000	0.000000	0.000000	4.150933	1.177094
1200	0.990000	0.000000	0.000000	4.151067	1.177095
1800	0.990000	0.000000	0.000000	4.151067	1.177095
2400	0.990000	0.000000	0.000000	4.151067	1.177095
3000	0.990000	0.000000	0.000000	4.151067	1.177095

var1: 0.250000	 var2: 0.200000
gen	A2		B2		diseq		zbar		sexrat
0	0.990000	0.000000			3.336000	
600	0.990000	0.000000	0.000000	4.108328	1.079165
1200	0.990000	0.000000	0.000000	4.108395	1.079165
1800	0.990000	0.000000	0.000000	4.108395	1.079165
2400	0.990000	0.000000	0.000000	4.108395	1.079165
3000	0.990000	0.000000	0.000000	4.108395	1.079165

var1: 0.250000	 var2: 0.250000
gen	A2		B2		diseq		zbar		sexrat
0	0.990000	0.000000			3.336000	
600	0.990000	0.000000	0.000000	4.092254	1.000000
1200	0.990000	0.000000	0.000000	4.092294	1.000000
1800	0.990000	0.000000	0.000000	4.092294	1.000000
2400	0.990000	0.000000	0.000000	4.092294	1.000000
3000	0.990000	0.000000	0.000000	4.092294	1.000000


########################### Run 2 ######################
var1: 0.000000	 var2: 0.000000
gen	A2		B2		diseq		zbar		sexrat
0	0.990000	0.100000			5.200000	
600	0.989209	0.000399	-0.000000	5.194335	0.999996
1200	0.989206	0.000001	-0.000000	5.199700	1.000000
1800	0.989206	0.000000	-0.000000	5.199985	1.000000
2400	0.989206	0.000000	-0.000000	5.199999	1.000000
3000	0.989206	0.000000	-0.000000	5.200000	1.000000

var1: 0.000000	 var2: 0.050000
gen	A2		B2		diseq		zbar		sexrat
0	0.990000	0.100000			4.791142	
600	0.989788	0.000013	-0.000000	4.789871	0.825090
1200	0.989788	0.000000	-0.000000	4.791123	0.825056
1800	0.989788	0.000000	-0.000000	4.791142	0.825056
2400	0.989788	0.000000	-0.000000	4.791142	0.825056
3000	0.989788	0.000000	-0.000000	4.791142	0.825056

var1: 0.000000	 var2: 0.100000
gen	A2		B2		diseq		zbar		sexrat
0	0.990000	0.100000			4.609398	
600	0.989923	0.000004	-0.000000	4.608742	0.732007
1200	0.989923	0.000000	-0.000000	4.609393	0.731985
1800	0.989923	0.000000	-0.000000	4.609398	0.731985
2400	0.989923	0.000000	-0.000000	4.609398	0.731985
3000	0.989923	0.000000	-0.000000	4.609398	0.731985

var1: 0.000000	 var2: 0.150000
gen	A2		B2		diseq		zbar		sexrat
0	0.990000	0.100000			4.530728	
600	0.989967	0.000004	-0.000000	4.530223	0.672308
1200	0.989967	0.000000	-0.000000	4.530725	0.672291
1800	0.989967	0.000000	-0.000000	4.530728	0.672291
2400	0.989967	0.000000	-0.000000	4.530728	0.672291
3000	0.989967	0.000000	-0.000000	4.530728	0.672291

var1: 0.000000	 var2: 0.200000
gen	A2		B2		diseq		zbar		sexrat
0	0.990000	0.100000			4.510089	
600	0.989970	0.000005	-0.000000	4.509597	0.630512
1200	0.989970	0.000000	-0.000000	4.510087	0.630496
1800	0.989970	0.000000	-0.000000	4.510089	0.630496
2400	0.989970	0.000000	-0.000000	4.510089	0.630496
3000	0.989970	0.000000	-0.000000	4.510089	0.630496

var1: 0.000000	 var2: 0.250000
gen	A2		B2		diseq		zbar		sexrat
0	0.990000	0.100000			4.525282	
600	0.989948	0.000008	-0.000000	4.524731	0.599841
1200	0.989948	0.000000	-0.000000	4.525280	0.599825
1800	0.989948	0.000000	-0.000000	4.525282	0.599825
2400	0.989948	0.000000	-0.000000	4.525282	0.599825
3000	0.989948	0.000000	-0.000000	4.525282	0.599825

var1: 0.050000	 var2: 0.000000
gen	A2		B2		diseq		zbar		sexrat
0	0.990000	0.100000			4.791142	
600	0.987079	0.004666	-0.000001	4.779342	1.211753
1200	0.986934	0.000165	-0.000000	4.790511	1.212021
1800	0.986929	0.000006	-0.000000	4.791117	1.212039
2400	0.986929	0.000000	-0.000000	4.791141	1.212039
3000	0.986929	0.000000	-0.000000	4.791142	1.212039

var1: 0.050000	 var2: 0.050000
gen	A2		B2		diseq		zbar		sexrat
0	0.990000	0.100000			4.485598	
600	0.989068	0.000064	-0.000000	4.484639	1.000000
1200	0.989067	0.000000	-0.000000	4.485594	1.000000
1800	0.989067	0.000000	-0.000000	4.485598	1.000000
2400	0.989067	0.000000	-0.000000	4.485598	1.000000
3000	0.989067	0.000000	-0.000000	4.485598	1.000000

var1: 0.050000	 var2: 0.100000
gen	A2		B2		diseq		zbar		sexrat
0	0.990000	0.100000			4.374287	
600	0.989419	0.000011	-0.000000	4.373895	0.865340
1200	0.989419	0.000000	-0.000000	4.374286	0.865333
1800	0.989419	0.000000	-0.000000	4.374287	0.865332
2400	0.989419	0.000000	-0.000000	4.374287	0.865332
3000	0.989419	0.000000	-0.000000	4.374287	0.865332

var1: 0.050000	 var2: 0.150000
gen	A2		B2		diseq		zbar		sexrat
0	0.990000	0.100000			4.328114	
600	0.989523	0.000007	-0.000000	4.327826	0.782448
1200	0.989523	0.000000	-0.000000	4.328113	0.782442
1800	0.989523	0.000000	-0.000000	4.328114	0.782442
2400	0.989523	0.000000	-0.000000	4.328114	0.782442
3000	0.989523	0.000000	-0.000000	4.328114	0.782442

var1: 0.050000	 var2: 0.200000
gen	A2		B2		diseq		zbar		sexrat
0	0.990000	0.100000			4.323604	
600	0.989538	0.000009	-0.000000	4.323319	0.726265
1200	0.989538	0.000000	-0.000000	4.323604	0.726258
1800	0.989538	0.000000	-0.000000	4.323604	0.726258
2400	0.989538	0.000000	-0.000000	4.323604	0.726258
3000	0.989538	0.000000	-0.000000	4.323604	0.726258

var1: 0.050000	 var2: 0.250000
gen	A2		B2		diseq		zbar		sexrat
0	0.990000	0.100000			4.346568	
600	0.989503	0.000014	-0.000000	4.346233	0.686059
1200	0.989503	0.000000	-0.000000	4.346567	0.686052
1800	0.989503	0.000000	-0.000000	4.346568	0.686052
2400	0.989503	0.000000	-0.000000	4.346568	0.686052
3000	0.989503	0.000000	-0.000000	4.346568	0.686052

var1: 0.100000	 var2: 0.000000
gen	A2		B2		diseq		zbar		sexrat
0	0.990000	0.100000			4.609398	
600	0.984450	0.016137	-0.000002	4.585155	1.365665
1200	0.983406	0.001875	-0.000000	4.606175	1.366066
1800	0.983285	0.000198	-0.000000	4.609047	1.366139
2400	0.983272	0.000021	-0.000000	4.609361	1.366147
3000	0.983271	0.000002	-0.000000	4.609394	1.366148

var1: 0.100000	 var2: 0.050000
gen	A2		B2		diseq		zbar		sexrat
0	0.990000	0.100000			4.374287	
600	0.988408	0.000260	-0.000000	4.372864	1.155595
1200	0.988404	0.000001	-0.000000	4.374281	1.155625
1800	0.988404	0.000000	-0.000000	4.374287	1.155625
2400	0.988404	0.000000	-0.000000	4.374287	1.155625
3000	0.988404	0.000000	-0.000000	4.374287	1.155625

var1: 0.100000	 var2: 0.100000
gen	A2		B2		diseq		zbar		sexrat
0	0.990000	0.100000			4.212891	
600	0.989009	0.000027	0.000000	4.212589	1.000000
1200	0.989008	0.000000	0.000000	4.212891	1.000000
1800	0.989008	0.000000	0.000000	4.212891	1.000000
2400	0.989008	0.000000	0.000000	4.212891	1.000000
3000	0.989008	0.000000	0.000000	4.212891	1.000000

var1: 0.100000	 var2: 0.150000
gen	A2		B2		diseq		zbar		sexrat
0	0.990000	0.100000			4.190159	
600	0.989191	0.000013	0.000000	4.189960	0.891604
1200	0.989191	0.000000	0.000000	4.190159	0.891601
1800	0.989191	0.000000	0.000000	4.190159	0.891601
2400	0.989191	0.000000	0.000000	4.190159	0.891601
3000	0.989191	0.000000	0.000000	4.190159	0.891601

var1: 0.100000	 var2: 0.200000
gen	A2		B2		diseq		zbar		sexrat
0	0.990000	0.100000			4.197839	
600	0.989225	0.000014	0.000000	4.197643	0.819768
1200	0.989225	0.000000	0.000000	4.197839	0.819766
1800	0.989225	0.000000	0.000000	4.197839	0.819766
2400	0.989225	0.000000	0.000000	4.197839	0.819766
3000	0.989225	0.000000	0.000000	4.197839	0.819766

var1: 0.100000	 var2: 0.250000
gen	A2		B2		diseq		zbar		sexrat
0	0.990000	0.100000			4.227134	
600	0.989183	0.000021	0.000000	4.226893	0.769266
1200	0.989183	0.000000	0.000000	4.227134	0.769263
1800	0.989183	0.000000	0.000000	4.227134	0.769263
2400	0.989183	0.000000	0.000000	4.227134	0.769263
3000	0.989183	0.000000	0.000000	4.227134	0.769263

var1: 0.150000	 var2: 0.000000
gen	A2		B2		diseq		zbar		sexrat
0	0.990000	0.100000			4.530728	
600	0.982525	0.028107	-0.000003	4.495271	1.486927
1200	0.979837	0.005691	-0.000001	4.522851	1.487288
1800	0.979281	0.000985	-0.000000	4.529326	1.487420
2400	0.979185	0.000165	-0.000000	4.530491	1.487446
3000	0.979169	0.000028	-0.000000	4.530688	1.487450

var1: 0.150000	 var2: 0.050000
gen	A2		B2		diseq		zbar		sexrat
0	0.990000	0.100000			4.328114	
600	0.988008	0.000533	-0.000000	4.326172	1.277992
1200	0.987997	0.000002	-0.000000	4.328103	1.278050
1800	0.987997	0.000000	-0.000000	4.328114	1.278050
2400	0.987997	0.000000	-0.000000	4.328114	1.278050
3000	0.987997	0.000000	-0.000000	4.328114	1.278050

var1: 0.150000	 var2: 0.100000
gen	A2		B2		diseq		zbar		sexrat
0	0.990000	0.100000			4.190159	
600	0.988738	0.000059	0.000000	4.189758	1.121572
1200	0.988737	0.000000	0.000000	4.190159	1.121577
1800	0.988737	0.000000	0.000000	4.190159	1.121577
2400	0.988737	0.000000	0.000000	4.190159	1.121577
3000	0.988737	0.000000	0.000000	4.190159	1.121577

var1: 0.150000	 var2: 0.150000
gen	A2		B2		diseq		zbar		sexrat
0	0.990000	0.100000			4.099544	
600	0.988974	0.000020	0.000000	4.099384	1.000000
1200	0.988974	0.000000	0.000000	4.099544	1.000000
1800	0.988974	0.000000	0.000000	4.099544	1.000000
2400	0.988974	0.000000	0.000000	4.099544	1.000000
3000	0.988974	0.000000	0.000000	4.099544	1.000000

var1: 0.150000	 var2: 0.200000
gen	A2		B2		diseq		zbar		sexrat
0	0.990000	0.100000			4.116621	
600	0.989031	0.000019	0.000000	4.116467	0.911114
1200	0.989031	0.000000	0.000000	4.116621	0.911113
1800	0.989031	0.000000	0.000000	4.116621	0.911113
2400	0.989031	0.000000	0.000000	4.116621	0.911113
3000	0.989031	0.000000	0.000000	4.116621	0.911113

var1: 0.150000	 var2: 0.250000
gen	A2		B2		diseq		zbar		sexrat
0	0.990000	0.100000			4.151067	
600	0.988988	0.000028	0.000000	4.150872	0.849550
1200	0.988988	0.000000	0.000000	4.151067	0.849549
1800	0.988988	0.000000	0.000000	4.151067	0.849549
2400	0.988988	0.000000	0.000000	4.151067	0.849549
3000	0.988988	0.000000	0.000000	4.151067	0.849549

var1: 0.200000	 var2: 0.000000
gen	A2		B2		diseq		zbar		sexrat
0	0.990000	0.100000			4.510089	
600	0.982271	0.031372	-0.000003	4.471844	1.585458
1200	0.979124	0.007053	-0.000001	4.500735	1.585852
1800	0.978398	0.001331	-0.000000	4.508273	1.586011
2400	0.978260	0.000242	-0.000000	4.509757	1.586045
3000	0.978235	0.000043	-0.000000	4.510029	1.586052

var1: 0.200000	 var2: 0.050000
gen	A2		B2		diseq		zbar		sexrat
0	0.990000	0.100000			4.323604	
600	0.987901	0.000688	-0.000000	4.321399	1.376845
1200	0.987886	0.000003	-0.000000	4.323590	1.376920
1800	0.987886	0.000000	-0.000000	4.323604	1.376920
2400	0.987886	0.000000	-0.000000	4.323604	1.376920
3000	0.987886	0.000000	-0.000000	4.323604	1.376920

var1: 0.200000	 var2: 0.100000
gen	A2		B2		diseq		zbar		sexrat
0	0.990000	0.100000			4.197839	
600	0.988652	0.000082	0.000000	4.197373	1.219852
1200	0.988651	0.000000	0.000000	4.197839	1.219861
1800	0.988651	0.000000	0.000000	4.197839	1.219861
2400	0.988651	0.000000	0.000000	4.197839	1.219861
3000	0.988651	0.000000	0.000000	4.197839	1.219861

var1: 0.200000	 var2: 0.150000
gen	A2		B2		diseq		zbar		sexrat
0	0.990000	0.100000			4.116621	
600	0.988888	0.000028	0.000000	4.116428	1.097557
1200	0.988887	0.000000	0.000000	4.116621	1.097558
1800	0.988887	0.000000	0.000000	4.116621	1.097558
2400	0.988887	0.000000	0.000000	4.116621	1.097558
3000	0.988887	0.000000	0.000000	4.116621	1.097558

var1: 0.200000	 var2: 0.200000
gen	A2		B2		diseq		zbar		sexrat
0	0.990000	0.100000			4.069893	
600	0.988952	0.000020	0.000000	4.069768	1.000000
1200	0.988952	0.000000	0.000000	4.069893	1.000000
1800	0.988952	0.000000	0.000000	4.069893	1.000000
2400	0.988952	0.000000	0.000000	4.069893	1.000000
3000	0.988952	0.000000	0.000000	4.069893	1.000000

var1: 0.200000	 var2: 0.250000
gen	A2		B2		diseq		zbar		sexrat
0	0.990000	0.100000			4.108395	
600	0.988912	0.000029	0.000000	4.108234	0.926642
1200	0.988912	0.000000	0.000000	4.108395	0.926642
1800	0.988912	0.000000	0.000000	4.108395	0.926642
2400	0.988912	0.000000	0.000000	4.108395	0.926642
3000	0.988912	0.000000	0.000000	4.108395	0.926642

var1: 0.250000	 var2: 0.000000
gen	A2		B2		diseq		zbar		sexrat
0	0.990000	0.100000			4.525282	
600	0.983280	0.026245	-0.000003	4.491870	1.666442
1200	0.981124	0.004794	-0.000001	4.518608	1.666972
1800	0.980726	0.000753	-0.000000	4.524208	1.667122
2400	0.980664	0.000115	-0.000000	4.525117	1.667148
3000	0.980654	0.000018	-0.000000	4.525257	1.667152

var1: 0.250000	 var2: 0.050000
gen	A2		B2		diseq		zbar		sexrat
0	0.990000	0.100000			4.346568	
600	0.988017	0.000650	-0.000000	4.344440	1.457539
1200	0.988004	0.000003	-0.000000	4.346555	1.457616
1800	0.988004	0.000000	-0.000000	4.346568	1.457616
2400	0.988004	0.000000	-0.000000	4.346568	1.457616
3000	0.988004	0.000000	-0.000000	4.346568	1.457616

var1: 0.250000	 var2: 0.100000
gen	A2		B2		diseq		zbar		sexrat
0	0.990000	0.100000			4.227134	
600	0.988702	0.000082	0.000000	4.226660	1.299935
1200	0.988701	0.000000	0.000000	4.227134	1.299946
1800	0.988701	0.000000	0.000000	4.227134	1.299946
2400	0.988701	0.000000	0.000000	4.227134	1.299946
3000	0.988701	0.000000	0.000000	4.227134	1.299946

var1: 0.250000	 var2: 0.150000
gen	A2		B2		diseq		zbar		sexrat
0	0.990000	0.100000			4.151067	
600	0.988918	0.000029	0.000000	4.150864	1.177093
1200	0.988917	0.000000	0.000000	4.151067	1.177095
1800	0.988917	0.000000	0.000000	4.151067	1.177095
2400	0.988917	0.000000	0.000000	4.151067	1.177095
3000	0.988917	0.000000	0.000000	4.151067	1.177095

var1: 0.250000	 var2: 0.200000
gen	A2		B2		diseq		zbar		sexrat
0	0.990000	0.100000			4.108395	
600	0.988973	0.000021	0.000000	4.108260	1.079165
1200	0.988973	0.000000	0.000000	4.108395	1.079165
1800	0.988973	0.000000	0.000000	4.108395	1.079165
2400	0.988973	0.000000	0.000000	4.108395	1.079165
3000	0.988973	0.000000	0.000000	4.108395	1.079165

var1: 0.250000	 var2: 0.250000
gen	A2		B2		diseq		zbar		sexrat
0	0.990000	0.100000			4.092294	
600	0.988936	0.000025	0.000000	4.092169	1.000000
1200	0.988936	0.000000	0.000000	4.092294	1.000000
1800	0.988936	0.000000	0.000000	4.092294	1.000000
2400	0.988936	0.000000	0.000000	4.092294	1.000000
3000	0.988936	0.000000	0.000000	4.092294	1.000000

