
########################### Run 1 ######################
var1: 0.000000	 var2: 0.000000
gen	A2		B2		diseq		zbar		sexrat
0	0.990000	0.000000			3.000000	
5000	0.990000	0.000000	0.000000	6.777393	0.279446
10000	0.990000	0.000000	0.000000	8.151099	0.249688
15000	0.990000	0.000000	0.000000	8.889484	0.236835
20000	0.990000	0.000000	0.000000	9.327585	0.230016
25000	0.990000	0.000000	0.000000	9.599756	0.226043
30000	0.990000	0.000000	0.000000	9.773151	0.223611
35000	0.990000	0.000000	0.000000	9.885271	0.222076
40000	0.990000	0.000000	0.000000	9.958439	0.221091
45000	0.990000	0.000000	0.000000	10.006466	0.220450
50000	0.990000	0.000000	0.000000	10.038108	0.220032
55000	0.990000	0.000000	0.000000	10.059007	0.219756
60000	0.990000	0.000000	0.000000	10.072831	0.219574
65000	0.990000	0.000000	0.000000	10.081986	0.219454
70000	0.990000	0.000000	0.000000	10.088053	0.219375
75000	0.990000	0.000000	0.000000	10.092075	0.219322
80000	0.990000	0.000000	0.000000	10.094743	0.219287
85000	0.990000	0.000000	0.000000	10.096512	0.219264
90000	0.990000	0.000000	0.000000	10.097686	0.219249
95000	0.990000	0.000000	0.000000	10.098464	0.219239
100000	0.990000	0.000000	0.000000	10.098981	0.219232

var1: 0.000000	 var2: 0.100000
gen	A2		B2		diseq		zbar		sexrat
0	0.990000	0.000000			3.000000	
5000	0.990000	0.000000	0.000000	6.777393	0.279446
10000	0.990000	0.000000	0.000000	8.151099	0.249688
15000	0.990000	0.000000	0.000000	8.889484	0.236835
20000	0.990000	0.000000	0.000000	9.327585	0.230016
25000	0.990000	0.000000	0.000000	9.599756	0.226043
30000	0.990000	0.000000	0.000000	9.773151	0.223611
35000	0.990000	0.000000	0.000000	9.885271	0.222076
40000	0.990000	0.000000	0.000000	9.958439	0.221091
45000	0.990000	0.000000	0.000000	10.006466	0.220450
50000	0.990000	0.000000	0.000000	10.038108	0.220032
55000	0.990000	0.000000	0.000000	10.059007	0.219756
60000	0.990000	0.000000	0.000000	10.072831	0.219574
65000	0.990000	0.000000	0.000000	10.081986	0.219454
70000	0.990000	0.000000	0.000000	10.088053	0.219375
75000	0.990000	0.000000	0.000000	10.092075	0.219322
80000	0.990000	0.000000	0.000000	10.094743	0.219287
85000	0.990000	0.000000	0.000000	10.096512	0.219264
90000	0.990000	0.000000	0.000000	10.097686	0.219249
95000	0.990000	0.000000	0.000000	10.098464	0.219239
100000	0.990000	0.000000	0.000000	10.098981	0.219232

var1: 0.000000	 var2: 0.200000
gen	A2		B2		diseq		zbar		sexrat
0	0.990000	0.000000			3.000000	
5000	0.990000	0.000000	0.000000	6.777393	0.279446
10000	0.990000	0.000000	0.000000	8.151099	0.249688
15000	0.990000	0.000000	0.000000	8.889484	0.236835
20000	0.990000	0.000000	0.000000	9.327585	0.230016
25000	0.990000	0.000000	0.000000	9.599756	0.226043
30000	0.990000	0.000000	0.000000	9.773151	0.223611
35000	0.990000	0.000000	0.000000	9.885271	0.222076
40000	0.990000	0.000000	0.000000	9.958439	0.221091
45000	0.990000	0.000000	0.000000	10.006466	0.220450
50000	0.990000	0.000000	0.000000	10.038108	0.220032
55000	0.990000	0.000000	0.000000	10.059007	0.219756
60000	0.990000	0.000000	0.000000	10.072831	0.219574
65000	0.990000	0.000000	0.000000	10.081986	0.219454
70000	0.990000	0.000000	0.000000	10.088053	0.219375
75000	0.990000	0.000000	0.000000	10.092075	0.219322
80000	0.990000	0.000000	0.000000	10.094743	0.219287
85000	0.990000	0.000000	0.000000	10.096512	0.219264
90000	0.990000	0.000000	0.000000	10.097686	0.219249
95000	0.990000	0.000000	0.000000	10.098464	0.219239
100000	0.990000	0.000000	0.000000	10.098981	0.219232

var1: 0.000000	 var2: 0.300000
gen	A2		B2		diseq		zbar		sexrat
0	0.990000	0.000000			3.000000	
5000	0.990000	0.000000	0.000000	6.777393	0.279446
10000	0.990000	0.000000	0.000000	8.151099	0.249688
15000	0.990000	0.000000	0.000000	8.889484	0.236835
20000	0.990000	0.000000	0.000000	9.327585	0.230016
25000	0.990000	0.000000	0.000000	9.599756	0.226043
30000	0.990000	0.000000	0.000000	9.773151	0.223611
35000	0.990000	0.000000	0.000000	9.885271	0.222076
40000	0.990000	0.000000	0.000000	9.958439	0.221091
45000	0.990000	0.000000	0.000000	10.006466	0.220450
50000	0.990000	0.000000	0.000000	10.038108	0.220032
55000	0.990000	0.000000	0.000000	10.059007	0.219756
60000	0.990000	0.000000	0.000000	10.072831	0.219574
65000	0.990000	0.000000	0.000000	10.081986	0.219454
70000	0.990000	0.000000	0.000000	10.088053	0.219375
75000	0.990000	0.000000	0.000000	10.092075	0.219322
80000	0.990000	0.000000	0.000000	10.094743	0.219287
85000	0.990000	0.000000	0.000000	10.096512	0.219264
90000	0.990000	0.000000	0.000000	10.097686	0.219249
95000	0.990000	0.000000	0.000000	10.098464	0.219239
100000	0.990000	0.000000	0.000000	10.098981	0.219232

var1: 0.000000	 var2: 0.400000
gen	A2		B2		diseq		zbar		sexrat
0	0.990000	0.000000			3.000000	
5000	0.990000	0.000000	0.000000	6.777393	0.279446
10000	0.990000	0.000000	0.000000	8.151099	0.249688
15000	0.990000	0.000000	0.000000	8.889484	0.236835
20000	0.990000	0.000000	0.000000	9.327585	0.230016
25000	0.990000	0.000000	0.000000	9.599756	0.226043
30000	0.990000	0.000000	0.000000	9.773151	0.223611
35000	0.990000	0.000000	0.000000	9.885271	0.222076
40000	0.990000	0.000000	0.000000	9.958439	0.221091
45000	0.990000	0.000000	0.000000	10.006466	0.220450
50000	0.990000	0.000000	0.000000	10.038108	0.220032
55000	0.990000	0.000000	0.000000	10.059007	0.219756
60000	0.990000	0.000000	0.000000	10.072831	0.219574
65000	0.990000	0.000000	0.000000	10.081986	0.219454
70000	0.990000	0.000000	0.000000	10.088053	0.219375
75000	0.990000	0.000000	0.000000	10.092075	0.219322
80000	0.990000	0.000000	0.000000	10.094743	0.219287
85000	0.990000	0.000000	0.000000	10.096512	0.219264
90000	0.990000	0.000000	0.000000	10.097686	0.219249
95000	0.990000	0.000000	0.000000	10.098464	0.219239
100000	0.990000	0.000000	0.000000	10.098981	0.219232

var1: 0.000000	 var2: 0.500000
gen	A2		B2		diseq		zbar		sexrat
0	0.990000	0.000000			3.000000	
5000	0.990000	0.000000	0.000000	6.777393	0.279446
10000	0.990000	0.000000	0.000000	8.151099	0.249688
15000	0.990000	0.000000	0.000000	8.889484	0.236835
20000	0.990000	0.000000	0.000000	9.327585	0.230016
25000	0.990000	0.000000	0.000000	9.599756	0.226043
30000	0.990000	0.000000	0.000000	9.773151	0.223611
35000	0.990000	0.000000	0.000000	9.885271	0.222076
40000	0.990000	0.000000	0.000000	9.958439	0.221091
45000	0.990000	0.000000	0.000000	10.006466	0.220450
50000	0.990000	0.000000	0.000000	10.038108	0.220032
55000	0.990000	0.000000	0.000000	10.059007	0.219756
60000	0.990000	0.000000	0.000000	10.072831	0.219574
65000	0.990000	0.000000	0.000000	10.081986	0.219454
70000	0.990000	0.000000	0.000000	10.088053	0.219375
75000	0.990000	0.000000	0.000000	10.092075	0.219322
80000	0.990000	0.000000	0.000000	10.094743	0.219287
85000	0.990000	0.000000	0.000000	10.096512	0.219264
90000	0.990000	0.000000	0.000000	10.097686	0.219249
95000	0.990000	0.000000	0.000000	10.098464	0.219239
100000	0.990000	0.000000	0.000000	10.098981	0.219232

var1: 0.000000	 var2: 0.600000
gen	A2		B2		diseq		zbar		sexrat
0	0.990000	0.000000			3.000000	
5000	0.990000	0.000000	0.000000	6.777393	0.279446
10000	0.990000	0.000000	0.000000	8.151099	0.249688
15000	0.990000	0.000000	0.000000	8.889484	0.236835
20000	0.990000	0.000000	0.000000	9.327585	0.230016
25000	0.990000	0.000000	0.000000	9.599756	0.226043
30000	0.990000	0.000000	0.000000	9.773151	0.223611
35000	0.990000	0.000000	0.000000	9.885271	0.222076
40000	0.990000	0.000000	0.000000	9.958439	0.221091
45000	0.990000	0.000000	0.000000	10.006466	0.220450
50000	0.990000	0.000000	0.000000	10.038108	0.220032
55000	0.990000	0.000000	0.000000	10.059007	0.219756
60000	0.990000	0.000000	0.000000	10.072831	0.219574
65000	0.990000	0.000000	0.000000	10.081986	0.219454
70000	0.990000	0.000000	0.000000	10.088053	0.219375
75000	0.990000	0.000000	0.000000	10.092075	0.219322
80000	0.990000	0.000000	0.000000	10.094743	0.219287
85000	0.990000	0.000000	0.000000	10.096512	0.219264
90000	0.990000	0.000000	0.000000	10.097686	0.219249
95000	0.990000	0.000000	0.000000	10.098464	0.219239
100000	0.990000	0.000000	0.000000	10.098981	0.219232

var1: 0.000000	 var2: 0.700000
gen	A2		B2		diseq		zbar		sexrat
0	0.990000	0.000000			3.000000	
5000	0.990000	0.000000	0.000000	6.777393	0.279446
10000	0.990000	0.000000	0.000000	8.151099	0.249688
15000	0.990000	0.000000	0.000000	8.889484	0.236835
20000	0.990000	0.000000	0.000000	9.327585	0.230016
25000	0.990000	0.000000	0.000000	9.599756	0.226043
30000	0.990000	0.000000	0.000000	9.773151	0.223611
35000	0.990000	0.000000	0.000000	9.885271	0.222076
40000	0.990000	0.000000	0.000000	9.958439	0.221091
45000	0.990000	0.000000	0.000000	10.006466	0.220450
50000	0.990000	0.000000	0.000000	10.038108	0.220032
55000	0.990000	0.000000	0.000000	10.059007	0.219756
60000	0.990000	0.000000	0.000000	10.072831	0.219574
65000	0.990000	0.000000	0.000000	10.081986	0.219454
70000	0.990000	0.000000	0.000000	10.088053	0.219375
75000	0.990000	0.000000	0.000000	10.092075	0.219322
80000	0.990000	0.000000	0.000000	10.094743	0.219287
85000	0.990000	0.000000	0.000000	10.096512	0.219264
90000	0.990000	0.000000	0.000000	10.097686	0.219249
95000	0.990000	0.000000	0.000000	10.098464	0.219239
100000	0.990000	0.000000	0.000000	10.098981	0.219232

var1: 0.000000	 var2: 0.800000
gen	A2		B2		diseq		zbar		sexrat
0	0.990000	0.000000			3.000000	
5000	0.990000	0.000000	0.000000	6.777393	0.279446
10000	0.990000	0.000000	0.000000	8.151099	0.249688
15000	0.990000	0.000000	0.000000	8.889484	0.236835
20000	0.990000	0.000000	0.000000	9.327585	0.230016
25000	0.990000	0.000000	0.000000	9.599756	0.226043
30000	0.990000	0.000000	0.000000	9.773151	0.223611
35000	0.990000	0.000000	0.000000	9.885271	0.222076
40000	0.990000	0.000000	0.000000	9.958439	0.221091
45000	0.990000	0.000000	0.000000	10.006466	0.220450
50000	0.990000	0.000000	0.000000	10.038108	0.220032
55000	0.990000	0.000000	0.000000	10.059007	0.219756
60000	0.990000	0.000000	0.000000	10.072831	0.219574
65000	0.990000	0.000000	0.000000	10.081986	0.219454
70000	0.990000	0.000000	0.000000	10.088053	0.219375
75000	0.990000	0.000000	0.000000	10.092075	0.219322
80000	0.990000	0.000000	0.000000	10.094743	0.219287
85000	0.990000	0.000000	0.000000	10.096512	0.219264
90000	0.990000	0.000000	0.000000	10.097686	0.219249
95000	0.990000	0.000000	0.000000	10.098464	0.219239
100000	0.990000	0.000000	0.000000	10.098981	0.219232

var1: 0.000000	 var2: 0.900000
gen	A2		B2		diseq		zbar		sexrat
0	0.990000	0.000000			3.000000	
5000	0.990000	0.000000	0.000000	6.777393	0.279446
10000	0.990000	0.000000	0.000000	8.151099	0.249688
15000	0.990000	0.000000	0.000000	8.889484	0.236835
20000	0.990000	0.000000	0.000000	9.327585	0.230016
25000	0.990000	0.000000	0.000000	9.599756	0.226043
30000	0.990000	0.000000	0.000000	9.773151	0.223611
35000	0.990000	0.000000	0.000000	9.885271	0.222076
40000	0.990000	0.000000	0.000000	9.958439	0.221091
45000	0.990000	0.000000	0.000000	10.006466	0.220450
50000	0.990000	0.000000	0.000000	10.038108	0.220032
55000	0.990000	0.000000	0.000000	10.059007	0.219756
60000	0.990000	0.000000	0.000000	10.072831	0.219574
65000	0.990000	0.000000	0.000000	10.081986	0.219454
70000	0.990000	0.000000	0.000000	10.088053	0.219375
75000	0.990000	0.000000	0.000000	10.092075	0.219322
80000	0.990000	0.000000	0.000000	10.094743	0.219287
85000	0.990000	0.000000	0.000000	10.096512	0.219264
90000	0.990000	0.000000	0.000000	10.097686	0.219249
95000	0.990000	0.000000	0.000000	10.098464	0.219239
100000	0.990000	0.000000	0.000000	10.098981	0.219232

var1: 0.000000	 var2: 1.000000
gen	A2		B2		diseq		zbar		sexrat
0	0.990000	0.000000			3.000000	
5000	0.990000	0.000000	0.000000	6.777393	0.279446
10000	0.990000	0.000000	0.000000	8.151099	0.249688
15000	0.990000	0.000000	0.000000	8.889484	0.236835
20000	0.990000	0.000000	0.000000	9.327585	0.230016
25000	0.990000	0.000000	0.000000	9.599756	0.226043
30000	0.990000	0.000000	0.000000	9.773151	0.223611
35000	0.990000	0.000000	0.000000	9.885271	0.222076
40000	0.990000	0.000000	0.000000	9.958439	0.221091
45000	0.990000	0.000000	0.000000	10.006466	0.220450
50000	0.990000	0.000000	0.000000	10.038108	0.220032
55000	0.990000	0.000000	0.000000	10.059007	0.219756
60000	0.990000	0.000000	0.000000	10.072831	0.219574
65000	0.990000	0.000000	0.000000	10.081986	0.219454
70000	0.990000	0.000000	0.000000	10.088053	0.219375
75000	0.990000	0.000000	0.000000	10.092075	0.219322
80000	0.990000	0.000000	0.000000	10.094743	0.219287
85000	0.990000	0.000000	0.000000	10.096512	0.219264
90000	0.990000	0.000000	0.000000	10.097686	0.219249
95000	0.990000	0.000000	0.000000	10.098464	0.219239
100000	0.990000	0.000000	0.000000	10.098981	0.219232

var1: 0.000000	 var2: 1.100000
gen	A2		B2		diseq		zbar		sexrat
0	0.990000	0.000000			3.000000	
5000	0.990000	0.000000	0.000000	6.777393	0.279446
10000	0.990000	0.000000	0.000000	8.151099	0.249688
15000	0.990000	0.000000	0.000000	8.889484	0.236835
20000	0.990000	0.000000	0.000000	9.327585	0.230016
25000	0.990000	0.000000	0.000000	9.599756	0.226043
30000	0.990000	0.000000	0.000000	9.773151	0.223611
35000	0.990000	0.000000	0.000000	9.885271	0.222076
40000	0.990000	0.000000	0.000000	9.958439	0.221091
45000	0.990000	0.000000	0.000000	10.006466	0.220450
50000	0.990000	0.000000	0.000000	10.038108	0.220032
55000	0.990000	0.000000	0.000000	10.059007	0.219756
60000	0.990000	0.000000	0.000000	10.072831	0.219574
65000	0.990000	0.000000	0.000000	10.081986	0.219454
70000	0.990000	0.000000	0.000000	10.088053	0.219375
75000	0.990000	0.000000	0.000000	10.092075	0.219322
80000	0.990000	0.000000	0.000000	10.094743	0.219287
85000	0.990000	0.000000	0.000000	10.096512	0.219264
90000	0.990000	0.000000	0.000000	10.097686	0.219249
95000	0.990000	0.000000	0.000000	10.098464	0.219239
100000	0.990000	0.000000	0.000000	10.098981	0.219232

var1: 0.000000	 var2: 1.200000
gen	A2		B2		diseq		zbar		sexrat
0	0.990000	0.000000			3.000000	
5000	0.990000	0.000000	0.000000	6.777393	0.279446
10000	0.990000	0.000000	0.000000	8.151099	0.249688
15000	0.990000	0.000000	0.000000	8.889484	0.236835
20000	0.990000	0.000000	0.000000	9.327585	0.230016
25000	0.990000	0.000000	0.000000	9.599756	0.226043
30000	0.990000	0.000000	0.000000	9.773151	0.223611
35000	0.990000	0.000000	0.000000	9.885271	0.222076
40000	0.990000	0.000000	0.000000	9.958439	0.221091
45000	0.990000	0.000000	0.000000	10.006466	0.220450
50000	0.990000	0.000000	0.000000	10.038108	0.220032
55000	0.990000	0.000000	0.000000	10.059007	0.219756
60000	0.990000	0.000000	0.000000	10.072831	0.219574
65000	0.990000	0.000000	0.000000	10.081986	0.219454
70000	0.990000	0.000000	0.000000	10.088053	0.219375
75000	0.990000	0.000000	0.000000	10.092075	0.219322
80000	0.990000	0.000000	0.000000	10.094743	0.219287
85000	0.990000	0.000000	0.000000	10.096512	0.219264
90000	0.990000	0.000000	0.000000	10.097686	0.219249
95000	0.990000	0.000000	0.000000	10.098464	0.219239
100000	0.990000	0.000000	0.000000	10.098981	0.219232

var1: 0.000000	 var2: 1.300000
gen	A2		B2		diseq		zbar		sexrat
0	0.990000	0.000000			3.000000	
5000	0.990000	0.000000	0.000000	6.777393	0.279446
10000	0.990000	0.000000	0.000000	8.151099	0.249688
15000	0.990000	0.000000	0.000000	8.889484	0.236835
20000	0.990000	0.000000	0.000000	9.327585	0.230016
25000	0.990000	0.000000	0.000000	9.599756	0.226043
30000	0.990000	0.000000	0.000000	9.773151	0.223611
35000	0.990000	0.000000	0.000000	9.885271	0.222076
40000	0.990000	0.000000	0.000000	9.958439	0.221091
45000	0.990000	0.000000	0.000000	10.006466	0.220450
50000	0.990000	0.000000	0.000000	10.038108	0.220032
55000	0.990000	0.000000	0.000000	10.059007	0.219756
60000	0.990000	0.000000	0.000000	10.072831	0.219574
65000	0.990000	0.000000	0.000000	10.081986	0.219454
70000	0.990000	0.000000	0.000000	10.088053	0.219375
75000	0.990000	0.000000	0.000000	10.092075	0.219322
80000	0.990000	0.000000	0.000000	10.094743	0.219287
85000	0.990000	0.000000	0.000000	10.096512	0.219264
90000	0.990000	0.000000	0.000000	10.097686	0.219249
95000	0.990000	0.000000	0.000000	10.098464	0.219239
100000	0.990000	0.000000	0.000000	10.098981	0.219232

var1: 0.000000	 var2: 1.400000
gen	A2		B2		diseq		zbar		sexrat
0	0.990000	0.000000			3.000000	
5000	0.990000	0.000000	0.000000	6.777393	0.279446
10000	0.990000	0.000000	0.000000	8.151099	0.249688
15000	0.990000	0.000000	0.000000	8.889484	0.236835
20000	0.990000	0.000000	0.000000	9.327585	0.230016
25000	0.990000	0.000000	0.000000	9.599756	0.226043
30000	0.990000	0.000000	0.000000	9.773151	0.223611
35000	0.990000	0.000000	0.000000	9.885271	0.222076
40000	0.990000	0.000000	0.000000	9.958439	0.221091
45000	0.990000	0.000000	0.000000	10.006466	0.220450
50000	0.990000	0.000000	0.000000	10.038108	0.220032
55000	0.990000	0.000000	0.000000	10.059007	0.219756
60000	0.990000	0.000000	0.000000	10.072831	0.219574
65000	0.990000	0.000000	0.000000	10.081986	0.219454
70000	0.990000	0.000000	0.000000	10.088053	0.219375
75000	0.990000	0.000000	0.000000	10.092075	0.219322
80000	0.990000	0.000000	0.000000	10.094743	0.219287
85000	0.990000	0.000000	0.000000	10.096512	0.219264
90000	0.990000	0.000000	0.000000	10.097686	0.219249
95000	0.990000	0.000000	0.000000	10.098464	0.219239
100000	0.990000	0.000000	0.000000	10.098981	0.219232

var1: 0.000000	 var2: 1.500000
gen	A2		B2		diseq		zbar		sexrat
0	0.990000	0.000000			3.000000	
5000	0.990000	0.000000	0.000000	6.777393	0.279446
10000	0.990000	0.000000	0.000000	8.151099	0.249688
15000	0.990000	0.000000	0.000000	8.889484	0.236835
20000	0.990000	0.000000	0.000000	9.327585	0.230016
25000	0.990000	0.000000	0.000000	9.599756	0.226043
30000	0.990000	0.000000	0.000000	9.773151	0.223611
35000	0.990000	0.000000	0.000000	9.885271	0.222076
40000	0.990000	0.000000	0.000000	9.958439	0.221091
45000	0.990000	0.000000	0.000000	10.006466	0.220450
50000	0.990000	0.000000	0.000000	10.038108	0.220032
55000	0.990000	0.000000	0.000000	10.059007	0.219756
60000	0.990000	0.000000	0.000000	10.072831	0.219574
65000	0.990000	0.000000	0.000000	10.081986	0.219454
70000	0.990000	0.000000	0.000000	10.088053	0.219375
75000	0.990000	0.000000	0.000000	10.092075	0.219322
80000	0.990000	0.000000	0.000000	10.094743	0.219287
85000	0.990000	0.000000	0.000000	10.096512	0.219264
90000	0.990000	0.000000	0.000000	10.097686	0.219249
95000	0.990000	0.000000	0.000000	10.098464	0.219239
100000	0.990000	0.000000	0.000000	10.098981	0.219232

var1: 0.000000	 var2: 1.600000
gen	A2		B2		diseq		zbar		sexrat
0	0.990000	0.000000			3.000000	
5000	0.990000	0.000000	0.000000	6.777393	0.279446
10000	0.990000	0.000000	0.000000	8.151099	0.249688
15000	0.990000	0.000000	0.000000	8.889484	0.236835
20000	0.990000	0.000000	0.000000	9.327585	0.230016
25000	0.990000	0.000000	0.000000	9.599756	0.226043
30000	0.990000	0.000000	0.000000	9.773151	0.223611
35000	0.990000	0.000000	0.000000	9.885271	0.222076
40000	0.990000	0.000000	0.000000	9.958439	0.221091
45000	0.990000	0.000000	0.000000	10.006466	0.220450
50000	0.990000	0.000000	0.000000	10.038108	0.220032
55000	0.990000	0.000000	0.000000	10.059007	0.219756
60000	0.990000	0.000000	0.000000	10.072831	0.219574
65000	0.990000	0.000000	0.000000	10.081986	0.219454
70000	0.990000	0.000000	0.000000	10.088053	0.219375
75000	0.990000	0.000000	0.000000	10.092075	0.219322
80000	0.990000	0.000000	0.000000	10.094743	0.219287
85000	0.990000	0.000000	0.000000	10.096512	0.219264
90000	0.990000	0.000000	0.000000	10.097686	0.219249
95000	0.990000	0.000000	0.000000	10.098464	0.219239
100000	0.990000	0.000000	0.000000	10.098981	0.219232

var1: 0.000000	 var2: 1.700000
gen	A2		B2		diseq		zbar		sexrat
0	0.990000	0.000000			3.000000	
5000	0.990000	0.000000	0.000000	6.777393	0.279446
10000	0.990000	0.000000	0.000000	8.151099	0.249688
15000	0.990000	0.000000	0.000000	8.889484	0.236835
20000	0.990000	0.000000	0.000000	9.327585	0.230016
25000	0.990000	0.000000	0.000000	9.599756	0.226043
30000	0.990000	0.000000	0.000000	9.773151	0.223611
35000	0.990000	0.000000	0.000000	9.885271	0.222076
40000	0.990000	0.000000	0.000000	9.958439	0.221091
45000	0.990000	0.000000	0.000000	10.006466	0.220450
50000	0.990000	0.000000	0.000000	10.038108	0.220032
55000	0.990000	0.000000	0.000000	10.059007	0.219756
60000	0.990000	0.000000	0.000000	10.072831	0.219574
65000	0.990000	0.000000	0.000000	10.081986	0.219454
70000	0.990000	0.000000	0.000000	10.088053	0.219375
75000	0.990000	0.000000	0.000000	10.092075	0.219322
80000	0.990000	0.000000	0.000000	10.094743	0.219287
85000	0.990000	0.000000	0.000000	10.096512	0.219264
90000	0.990000	0.000000	0.000000	10.097686	0.219249
95000	0.990000	0.000000	0.000000	10.098464	0.219239
100000	0.990000	0.000000	0.000000	10.098981	0.219232

var1: 0.000000	 var2: 1.800000
gen	A2		B2		diseq		zbar		sexrat
0	0.990000	0.000000			3.000000	
5000	0.990000	0.000000	0.000000	6.777393	0.279446
10000	0.990000	0.000000	0.000000	8.151099	0.249688
15000	0.990000	0.000000	0.000000	8.889484	0.236835
20000	0.990000	0.000000	0.000000	9.327585	0.230016
25000	0.990000	0.000000	0.000000	9.599756	0.226043
30000	0.990000	0.000000	0.000000	9.773151	0.223611
35000	0.990000	0.000000	0.000000	9.885271	0.222076
40000	0.990000	0.000000	0.000000	9.958439	0.221091
45000	0.990000	0.000000	0.000000	10.006466	0.220450
50000	0.990000	0.000000	0.000000	10.038108	0.220032
55000	0.990000	0.000000	0.000000	10.059007	0.219756
60000	0.990000	0.000000	0.000000	10.072831	0.219574
65000	0.990000	0.000000	0.000000	10.081986	0.219454
70000	0.990000	0.000000	0.000000	10.088053	0.219375
75000	0.990000	0.000000	0.000000	10.092075	0.219322
80000	0.990000	0.000000	0.000000	10.094743	0.219287
85000	0.990000	0.000000	0.000000	10.096512	0.219264
90000	0.990000	0.000000	0.000000	10.097686	0.219249
95000	0.990000	0.000000	0.000000	10.098464	0.219239
100000	0.990000	0.000000	0.000000	10.098981	0.219232

var1: 0.000000	 var2: 1.900000
gen	A2		B2		diseq		zbar		sexrat
0	0.990000	0.000000			3.000000	
5000	0.990000	0.000000	0.000000	6.777393	0.279446
10000	0.990000	0.000000	0.000000	8.151099	0.249688
15000	0.990000	0.000000	0.000000	8.889484	0.236835
20000	0.990000	0.000000	0.000000	9.327585	0.230016
25000	0.990000	0.000000	0.000000	9.599756	0.226043
30000	0.990000	0.000000	0.000000	9.773151	0.223611
35000	0.990000	0.000000	0.000000	9.885271	0.222076
40000	0.990000	0.000000	0.000000	9.958439	0.221091
45000	0.990000	0.000000	0.000000	10.006466	0.220450
50000	0.990000	0.000000	0.000000	10.038108	0.220032
55000	0.990000	0.000000	0.000000	10.059007	0.219756
60000	0.990000	0.000000	0.000000	10.072831	0.219574
65000	0.990000	0.000000	0.000000	10.081986	0.219454
70000	0.990000	0.000000	0.000000	10.088053	0.219375
75000	0.990000	0.000000	0.000000	10.092075	0.219322
80000	0.990000	0.000000	0.000000	10.094743	0.219287
85000	0.990000	0.000000	0.000000	10.096512	0.219264
90000	0.990000	0.000000	0.000000	10.097686	0.219249
95000	0.990000	0.000000	0.000000	10.098464	0.219239
100000	0.990000	0.000000	0.000000	10.098981	0.219232

var1: 0.000000	 var2: 2.000000
gen	A2		B2		diseq		zbar		sexrat
0	0.990000	0.000000			3.000000	
5000	0.990000	0.000000	0.000000	6.777393	0.279446
10000	0.990000	0.000000	0.000000	8.151099	0.249688
15000	0.990000	0.000000	0.000000	8.889484	0.236835
20000	0.990000	0.000000	0.000000	9.327585	0.230016
25000	0.990000	0.000000	0.000000	9.599756	0.226043
30000	0.990000	0.000000	0.000000	9.773151	0.223611
35000	0.990000	0.000000	0.000000	9.885271	0.222076
40000	0.990000	0.000000	0.000000	9.958439	0.221091
45000	0.990000	0.000000	0.000000	10.006466	0.220450
50000	0.990000	0.000000	0.000000	10.038108	0.220032
55000	0.990000	0.000000	0.000000	10.059007	0.219756
60000	0.990000	0.000000	0.000000	10.072831	0.219574
65000	0.990000	0.000000	0.000000	10.081986	0.219454
70000	0.990000	0.000000	0.000000	10.088053	0.219375
75000	0.990000	0.000000	0.000000	10.092075	0.219322
80000	0.990000	0.000000	0.000000	10.094743	0.219287
85000	0.990000	0.000000	0.000000	10.096512	0.219264
90000	0.990000	0.000000	0.000000	10.097686	0.219249
95000	0.990000	0.000000	0.000000	10.098464	0.219239
100000	0.990000	0.000000	0.000000	10.098981	0.219232

var1: 0.000000	 var2: 2.100000
gen	A2		B2		diseq		zbar		sexrat
0	0.990000	0.000000			3.000000	
5000	0.990000	0.000000	0.000000	6.777393	0.279446
10000	0.990000	0.000000	0.000000	8.151099	0.249688
15000	0.990000	0.000000	0.000000	8.889484	0.236835
20000	0.990000	0.000000	0.000000	9.327585	0.230016
25000	0.990000	0.000000	0.000000	9.599756	0.226043
30000	0.990000	0.000000	0.000000	9.773151	0.223611
35000	0.990000	0.000000	0.000000	9.885271	0.222076
40000	0.990000	0.000000	0.000000	9.958439	0.221091
45000	0.990000	0.000000	0.000000	10.006466	0.220450
50000	0.990000	0.000000	0.000000	10.038108	0.220032
55000	0.990000	0.000000	0.000000	10.059007	0.219756
60000	0.990000	0.000000	0.000000	10.072831	0.219574
65000	0.990000	0.000000	0.000000	10.081986	0.219454
70000	0.990000	0.000000	0.000000	10.088053	0.219375
75000	0.990000	0.000000	0.000000	10.092075	0.219322
80000	0.990000	0.000000	0.000000	10.094743	0.219287
85000	0.990000	0.000000	0.000000	10.096512	0.219264
90000	0.990000	0.000000	0.000000	10.097686	0.219249
95000	0.990000	0.000000	0.000000	10.098464	0.219239
100000	0.990000	0.000000	0.000000	10.098981	0.219232

var1: 0.000000	 var2: 2.200000
gen	A2		B2		diseq		zbar		sexrat
0	0.990000	0.000000			3.000000	
5000	0.990000	0.000000	0.000000	6.777393	0.279446
10000	0.990000	0.000000	0.000000	8.151099	0.249688
15000	0.990000	0.000000	0.000000	8.889484	0.236835
20000	0.990000	0.000000	0.000000	9.327585	0.230016
25000	0.990000	0.000000	0.000000	9.599756	0.226043
30000	0.990000	0.000000	0.000000	9.773151	0.223611
35000	0.990000	0.000000	0.000000	9.885271	0.222076
40000	0.990000	0.000000	0.000000	9.958439	0.221091
45000	0.990000	0.000000	0.000000	10.006466	0.220450
50000	0.990000	0.000000	0.000000	10.038108	0.220032
55000	0.990000	0.000000	0.000000	10.059007	0.219756
60000	0.990000	0.000000	0.000000	10.072831	0.219574
65000	0.990000	0.000000	0.000000	10.081986	0.219454
70000	0.990000	0.000000	0.000000	10.088053	0.219375
75000	0.990000	0.000000	0.000000	10.092075	0.219322
80000	0.990000	0.000000	0.000000	10.094743	0.219287
85000	0.990000	0.000000	0.000000	10.096512	0.219264
90000	0.990000	0.000000	0.000000	10.097686	0.219249
95000	0.990000	0.000000	0.000000	10.098464	0.219239
100000	0.990000	0.000000	0.000000	10.098981	0.219232

var1: 0.000000	 var2: 2.300000
gen	A2		B2		diseq		zbar		sexrat
0	0.990000	0.000000			3.000000	
5000	0.990000	0.000000	0.000000	6.777393	0.279446
10000	0.990000	0.000000	0.000000	8.151099	0.249688
15000	0.990000	0.000000	0.000000	8.889484	0.236835
20000	0.990000	0.000000	0.000000	9.327585	0.230016
25000	0.990000	0.000000	0.000000	9.599756	0.226043
30000	0.990000	0.000000	0.000000	9.773151	0.223611
35000	0.990000	0.000000	0.000000	9.885271	0.222076
40000	0.990000	0.000000	0.000000	9.958439	0.221091
45000	0.990000	0.000000	0.000000	10.006466	0.220450
50000	0.990000	0.000000	0.000000	10.038108	0.220032
55000	0.990000	0.000000	0.000000	10.059007	0.219756
60000	0.990000	0.000000	0.000000	10.072831	0.219574
65000	0.990000	0.000000	0.000000	10.081986	0.219454
70000	0.990000	0.000000	0.000000	10.088053	0.219375
75000	0.990000	0.000000	0.000000	10.092075	0.219322
80000	0.990000	0.000000	0.000000	10.094743	0.219287
85000	0.990000	0.000000	0.000000	10.096512	0.219264
90000	0.990000	0.000000	0.000000	10.097686	0.219249
95000	0.990000	0.000000	0.000000	10.098464	0.219239
100000	0.990000	0.000000	0.000000	10.098981	0.219232

var1: 0.000000	 var2: 2.400000
gen	A2		B2		diseq		zbar		sexrat
0	0.990000	0.000000			3.000000	
5000	0.990000	0.000000	0.000000	6.777393	0.279446
10000	0.990000	0.000000	0.000000	8.151099	0.249688
15000	0.990000	0.000000	0.000000	8.889484	0.236835
20000	0.990000	0.000000	0.000000	9.327585	0.230016
25000	0.990000	0.000000	0.000000	9.599756	0.226043
30000	0.990000	0.000000	0.000000	9.773151	0.223611
35000	0.990000	0.000000	0.000000	9.885271	0.222076
40000	0.990000	0.000000	0.000000	9.958439	0.221091
45000	0.990000	0.000000	0.000000	10.006466	0.220450
50000	0.990000	0.000000	0.000000	10.038108	0.220032
55000	0.990000	0.000000	0.000000	10.059007	0.219756
60000	0.990000	0.000000	0.000000	10.072831	0.219574
65000	0.990000	0.000000	0.000000	10.081986	0.219454
70000	0.990000	0.000000	0.000000	10.088053	0.219375
75000	0.990000	0.000000	0.000000	10.092075	0.219322
80000	0.990000	0.000000	0.000000	10.094743	0.219287
85000	0.990000	0.000000	0.000000	10.096512	0.219264
90000	0.990000	0.000000	0.000000	10.097686	0.219249
95000	0.990000	0.000000	0.000000	10.098464	0.219239
100000	0.990000	0.000000	0.000000	10.098981	0.219232

var1: 0.000000	 var2: 2.500000
gen	A2		B2		diseq		zbar		sexrat
0	0.990000	0.000000			3.000000	
5000	0.990000	0.000000	0.000000	6.777393	0.279446
10000	0.990000	0.000000	0.000000	8.151099	0.249688
15000	0.990000	0.000000	0.000000	8.889484	0.236835
20000	0.990000	0.000000	0.000000	9.327585	0.230016
25000	0.990000	0.000000	0.000000	9.599756	0.226043
30000	0.990000	0.000000	0.000000	9.773151	0.223611
35000	0.990000	0.000000	0.000000	9.885271	0.222076
40000	0.990000	0.000000	0.000000	9.958439	0.221091
45000	0.990000	0.000000	0.000000	10.006466	0.220450
50000	0.990000	0.000000	0.000000	10.038108	0.220032
55000	0.990000	0.000000	0.000000	10.059007	0.219756
60000	0.990000	0.000000	0.000000	10.072831	0.219574
65000	0.990000	0.000000	0.000000	10.081986	0.219454
70000	0.990000	0.000000	0.000000	10.088053	0.219375
75000	0.990000	0.000000	0.000000	10.092075	0.219322
80000	0.990000	0.000000	0.000000	10.094743	0.219287
85000	0.990000	0.000000	0.000000	10.096512	0.219264
90000	0.990000	0.000000	0.000000	10.097686	0.219249
95000	0.990000	0.000000	0.000000	10.098464	0.219239
100000	0.990000	0.000000	0.000000	10.098981	0.219232

var1: 0.000000	 var2: 2.600000
gen	A2		B2		diseq		zbar		sexrat
0	0.990000	0.000000			3.000000	
5000	0.990000	0.000000	0.000000	6.777393	0.279446
10000	0.990000	0.000000	0.000000	8.151099	0.249688
15000	0.990000	0.000000	0.000000	8.889484	0.236835
20000	0.990000	0.000000	0.000000	9.327585	0.230016
25000	0.990000	0.000000	0.000000	9.599756	0.226043
30000	0.990000	0.000000	0.000000	9.773151	0.223611
35000	0.990000	0.000000	0.000000	9.885271	0.222076
40000	0.990000	0.000000	0.000000	9.958439	0.221091
45000	0.990000	0.000000	0.000000	10.006466	0.220450
50000	0.990000	0.000000	0.000000	10.038108	0.220032
55000	0.990000	0.000000	0.000000	10.059007	0.219756
60000	0.990000	0.000000	0.000000	10.072831	0.219574
65000	0.990000	0.000000	0.000000	10.081986	0.219454
70000	0.990000	0.000000	0.000000	10.088053	0.219375
75000	0.990000	0.000000	0.000000	10.092075	0.219322
80000	0.990000	0.000000	0.000000	10.094743	0.219287
85000	0.990000	0.000000	0.000000	10.096512	0.219264
90000	0.990000	0.000000	0.000000	10.097686	0.219249
95000	0.990000	0.000000	0.000000	10.098464	0.219239
100000	0.990000	0.000000	0.000000	10.098981	0.219232

var1: 0.000000	 var2: 2.700000
gen	A2		B2		diseq		zbar		sexrat
0	0.990000	0.000000			3.000000	
5000	0.990000	0.000000	0.000000	6.777393	0.279446
10000	0.990000	0.000000	0.000000	8.151099	0.249688
15000	0.990000	0.000000	0.000000	8.889484	0.236835
20000	0.990000	0.000000	0.000000	9.327585	0.230016
25000	0.990000	0.000000	0.000000	9.599756	0.226043
30000	0.990000	0.000000	0.000000	9.773151	0.223611
35000	0.990000	0.000000	0.000000	9.885271	0.222076
40000	0.990000	0.000000	0.000000	9.958439	0.221091
45000	0.990000	0.000000	0.000000	10.006466	0.220450
50000	0.990000	0.000000	0.000000	10.038108	0.220032
55000	0.990000	0.000000	0.000000	10.059007	0.219756
60000	0.990000	0.000000	0.000000	10.072831	0.219574
65000	0.990000	0.000000	0.000000	10.081986	0.219454
70000	0.990000	0.000000	0.000000	10.088053	0.219375
75000	0.990000	0.000000	0.000000	10.092075	0.219322
80000	0.990000	0.000000	0.000000	10.094743	0.219287
85000	0.990000	0.000000	0.000000	10.096512	0.219264
90000	0.990000	0.000000	0.000000	10.097686	0.219249
95000	0.990000	0.000000	0.000000	10.098464	0.219239
100000	0.990000	0.000000	0.000000	10.098981	0.219232

var1: 0.000000	 var2: 2.800000
gen	A2		B2		diseq		zbar		sexrat
0	0.990000	0.000000			3.000000	
5000	0.990000	0.000000	0.000000	6.777393	0.279446
10000	0.990000	0.000000	0.000000	8.151099	0.249688
15000	0.990000	0.000000	0.000000	8.889484	0.236835
20000	0.990000	0.000000	0.000000	9.327585	0.230016
25000	0.990000	0.000000	0.000000	9.599756	0.226043
30000	0.990000	0.000000	0.000000	9.773151	0.223611
35000	0.990000	0.000000	0.000000	9.885271	0.222076
40000	0.990000	0.000000	0.000000	9.958439	0.221091
45000	0.990000	0.000000	0.000000	10.006466	0.220450
50000	0.990000	0.000000	0.000000	10.038108	0.220032
55000	0.990000	0.000000	0.000000	10.059007	0.219756
60000	0.990000	0.000000	0.000000	10.072831	0.219574
65000	0.990000	0.000000	0.000000	10.081986	0.219454
70000	0.990000	0.000000	0.000000	10.088053	0.219375
75000	0.990000	0.000000	0.000000	10.092075	0.219322
80000	0.990000	0.000000	0.000000	10.094743	0.219287
85000	0.990000	0.000000	0.000000	10.096512	0.219264
90000	0.990000	0.000000	0.000000	10.097686	0.219249
95000	0.990000	0.000000	0.000000	10.098464	0.219239
100000	0.990000	0.000000	0.000000	10.098981	0.219232