
########################### Run 1 ######################
var1: 0.000000	 var2: 0.000000
gen	A2		B2		diseq		zbar		sexrat
0	0.990000	0.000000			3.000000	
5000	0.990000	0.000000	0.000000	6.487764	0.639116
10000	0.990000	0.000000	0.000000	8.002020	0.591166
15000	0.990000	0.000000	0.000000	8.923432	0.565665
20000	0.990000	0.000000	0.000000	9.539817	0.549921
25000	0.990000	0.000000	0.000000	9.971781	0.539454
30000	0.990000	0.000000	0.000000	10.282847	0.532188
35000	0.990000	0.000000	0.000000	10.510785	0.527000
40000	0.990000	0.000000	0.000000	10.679784	0.523227
45000	0.990000	0.000000	0.000000	10.806120	0.520445
50000	0.990000	0.000000	0.000000	10.901122	0.518375
55000	0.990000	0.000000	0.000000	10.972869	0.516823
60000	0.990000	0.000000	0.000000	11.027226	0.515655
65000	0.990000	0.000000	0.000000	11.068505	0.514772
70000	0.990000	0.000000	0.000000	11.099909	0.514102
75000	0.990000	0.000000	0.000000	11.123832	0.513593
80000	0.990000	0.000000	0.000000	11.142074	0.513206
85000	0.990000	0.000000	0.000000	11.155995	0.512911
90000	0.990000	0.000000	0.000000	11.166625	0.512686
95000	0.990000	0.000000	0.000000	11.174745	0.512514
100000	0.990000	0.000000	0.000000	11.180951	0.512383

var1: 0.000000	 var2: 0.100000
gen	A2		B2		diseq		zbar		sexrat
0	0.990000	0.000000			3.000000	
5000	0.990000	0.000000	0.000000	6.487764	0.639116
10000	0.990000	0.000000	0.000000	8.002020	0.591166
15000	0.990000	0.000000	0.000000	8.923432	0.565665
20000	0.990000	0.000000	0.000000	9.539817	0.549921
25000	0.990000	0.000000	0.000000	9.971781	0.539454
30000	0.990000	0.000000	0.000000	10.282847	0.532188
35000	0.990000	0.000000	0.000000	10.510785	0.527000
40000	0.990000	0.000000	0.000000	10.679784	0.523227
45000	0.990000	0.000000	0.000000	10.806120	0.520445
50000	0.990000	0.000000	0.000000	10.901122	0.518375
55000	0.990000	0.000000	0.000000	10.972869	0.516823
60000	0.990000	0.000000	0.000000	11.027226	0.515655
65000	0.990000	0.000000	0.000000	11.068505	0.514772
70000	0.990000	0.000000	0.000000	11.099909	0.514102
75000	0.990000	0.000000	0.000000	11.123832	0.513593
80000	0.990000	0.000000	0.000000	11.142074	0.513206
85000	0.990000	0.000000	0.000000	11.155995	0.512911
90000	0.990000	0.000000	0.000000	11.166625	0.512686
95000	0.990000	0.000000	0.000000	11.174745	0.512514
100000	0.990000	0.000000	0.000000	11.180951	0.512383

var1: 0.000000	 var2: 0.200000
gen	A2		B2		diseq		zbar		sexrat
0	0.990000	0.000000			3.000000	
5000	0.990000	0.000000	0.000000	6.487764	0.639116
10000	0.990000	0.000000	0.000000	8.002020	0.591166
15000	0.990000	0.000000	0.000000	8.923432	0.565665
20000	0.990000	0.000000	0.000000	9.539817	0.549921
25000	0.990000	0.000000	0.000000	9.971781	0.539454
30000	0.990000	0.000000	0.000000	10.282847	0.532188
35000	0.990000	0.000000	0.000000	10.510785	0.527000
40000	0.990000	0.000000	0.000000	10.679784	0.523227
45000	0.990000	0.000000	0.000000	10.806120	0.520445
50000	0.990000	0.000000	0.000000	10.901122	0.518375
55000	0.990000	0.000000	0.000000	10.972869	0.516823
60000	0.990000	0.000000	0.000000	11.027226	0.515655
65000	0.990000	0.000000	0.000000	11.068505	0.514772
70000	0.990000	0.000000	0.000000	11.099909	0.514102
75000	0.990000	0.000000	0.000000	11.123832	0.513593
80000	0.990000	0.000000	0.000000	11.142074	0.513206
85000	0.990000	0.000000	0.000000	11.155995	0.512911
90000	0.990000	0.000000	0.000000	11.166625	0.512686
95000	0.990000	0.000000	0.000000	11.174745	0.512514
100000	0.990000	0.000000	0.000000	11.180951	0.512383

var1: 0.000000	 var2: 0.300000
gen	A2		B2		diseq		zbar		sexrat
0	0.990000	0.000000			3.000000	
5000	0.990000	0.000000	0.000000	6.487764	0.639116
10000	0.990000	0.000000	0.000000	8.002020	0.591166
15000	0.990000	0.000000	0.000000	8.923432	0.565665
20000	0.990000	0.000000	0.000000	9.539817	0.549921
25000	0.990000	0.000000	0.000000	9.971781	0.539454
30000	0.990000	0.000000	0.000000	10.282847	0.532188
35000	0.990000	0.000000	0.000000	10.510785	0.527000
40000	0.990000	0.000000	0.000000	10.679784	0.523227
45000	0.990000	0.000000	0.000000	10.806120	0.520445
50000	0.990000	0.000000	0.000000	10.901122	0.518375
55000	0.990000	0.000000	0.000000	10.972869	0.516823
60000	0.990000	0.000000	0.000000	11.027226	0.515655
65000	0.990000	0.000000	0.000000	11.068505	0.514772
70000	0.990000	0.000000	0.000000	11.099909	0.514102
75000	0.990000	0.000000	0.000000	11.123832	0.513593
80000	0.990000	0.000000	0.000000	11.142074	0.513206
85000	0.990000	0.000000	0.000000	11.155995	0.512911
90000	0.990000	0.000000	0.000000	11.166625	0.512686
95000	0.990000	0.000000	0.000000	11.174745	0.512514
100000	0.990000	0.000000	0.000000	11.180951	0.512383

var1: 0.000000	 var2: 0.400000
gen	A2		B2		diseq		zbar		sexrat
0	0.990000	0.000000			3.000000	
5000	0.990000	0.000000	0.000000	6.487764	0.639116
10000	0.990000	0.000000	0.000000	8.002020	0.591166
15000	0.990000	0.000000	0.000000	8.923432	0.565665
20000	0.990000	0.000000	0.000000	9.539817	0.549921
25000	0.990000	0.000000	0.000000	9.971781	0.539454
30000	0.990000	0.000000	0.000000	10.282847	0.532188
35000	0.990000	0.000000	0.000000	10.510785	0.527000
40000	0.990000	0.000000	0.000000	10.679784	0.523227
45000	0.990000	0.000000	0.000000	10.806120	0.520445
50000	0.990000	0.000000	0.000000	10.901122	0.518375
55000	0.990000	0.000000	0.000000	10.972869	0.516823
60000	0.990000	0.000000	0.000000	11.027226	0.515655
65000	0.990000	0.000000	0.000000	11.068505	0.514772
70000	0.990000	0.000000	0.000000	11.099909	0.514102
75000	0.990000	0.000000	0.000000	11.123832	0.513593
80000	0.990000	0.000000	0.000000	11.142074	0.513206
85000	0.990000	0.000000	0.000000	11.155995	0.512911
90000	0.990000	0.000000	0.000000	11.166625	0.512686
95000	0.990000	0.000000	0.000000	11.174745	0.512514
100000	0.990000	0.000000	0.000000	11.180951	0.512383

var1: 0.000000	 var2: 0.500000
gen	A2		B2		diseq		zbar		sexrat
0	0.990000	0.000000			3.000000	
5000	0.990000	0.000000	0.000000	6.487764	0.639116
10000	0.990000	0.000000	0.000000	8.002020	0.591166
15000	0.990000	0.000000	0.000000	8.923432	0.565665
20000	0.990000	0.000000	0.000000	9.539817	0.549921
25000	0.990000	0.000000	0.000000	9.971781	0.539454
30000	0.990000	0.000000	0.000000	10.282847	0.532188
35000	0.990000	0.000000	0.000000	10.510785	0.527000
40000	0.990000	0.000000	0.000000	10.679784	0.523227
45000	0.990000	0.000000	0.000000	10.806120	0.520445
50000	0.990000	0.000000	0.000000	10.901122	0.518375
55000	0.990000	0.000000	0.000000	10.972869	0.516823
60000	0.990000	0.000000	0.000000	11.027226	0.515655
65000	0.990000	0.000000	0.000000	11.068505	0.514772
70000	0.990000	0.000000	0.000000	11.099909	0.514102
75000	0.990000	0.000000	0.000000	11.123832	0.513593
80000	0.990000	0.000000	0.000000	11.142074	0.513206
85000	0.990000	0.000000	0.000000	11.155995	0.512911
90000	0.990000	0.000000	0.000000	11.166625	0.512686
95000	0.990000	0.000000	0.000000	11.174745	0.512514
100000	0.990000	0.000000	0.000000	11.180951	0.512383

var1: 0.000000	 var2: 0.600000
gen	A2		B2		diseq		zbar		sexrat
0	0.990000	0.000000			3.000000	
5000	0.990000	0.000000	0.000000	6.487764	0.639116
10000	0.990000	0.000000	0.000000	8.002020	0.591166
15000	0.990000	0.000000	0.000000	8.923432	0.565665
20000	0.990000	0.000000	0.000000	9.539817	0.549921
25000	0.990000	0.000000	0.000000	9.971781	0.539454
30000	0.990000	0.000000	0.000000	10.282847	0.532188
35000	0.990000	0.000000	0.000000	10.510785	0.527000
40000	0.990000	0.000000	0.000000	10.679784	0.523227
45000	0.990000	0.000000	0.000000	10.806120	0.520445
50000	0.990000	0.000000	0.000000	10.901122	0.518375
55000	0.990000	0.000000	0.000000	10.972869	0.516823
60000	0.990000	0.000000	0.000000	11.027226	0.515655
65000	0.990000	0.000000	0.000000	11.068505	0.514772
70000	0.990000	0.000000	0.000000	11.099909	0.514102
75000	0.990000	0.000000	0.000000	11.123832	0.513593
80000	0.990000	0.000000	0.000000	11.142074	0.513206
85000	0.990000	0.000000	0.000000	11.155995	0.512911
90000	0.990000	0.000000	0.000000	11.166625	0.512686
95000	0.990000	0.000000	0.000000	11.174745	0.512514
100000	0.990000	0.000000	0.000000	11.180951	0.512383

var1: 0.000000	 var2: 0.700000
gen	A2		B2		diseq		zbar		sexrat
0	0.990000	0.000000			3.000000	
5000	0.990000	0.000000	0.000000	6.487764	0.639116
10000	0.990000	0.000000	0.000000	8.002020	0.591166
15000	0.990000	0.000000	0.000000	8.923432	0.565665
20000	0.990000	0.000000	0.000000	9.539817	0.549921
25000	0.990000	0.000000	0.000000	9.971781	0.539454
30000	0.990000	0.000000	0.000000	10.282847	0.532188
35000	0.990000	0.000000	0.000000	10.510785	0.527000
40000	0.990000	0.000000	0.000000	10.679784	0.523227
45000	0.990000	0.000000	0.000000	10.806120	0.520445
50000	0.990000	0.000000	0.000000	10.901122	0.518375
55000	0.990000	0.000000	0.000000	10.972869	0.516823
60000	0.990000	0.000000	0.000000	11.027226	0.515655
65000	0.990000	0.000000	0.000000	11.068505	0.514772
70000	0.990000	0.000000	0.000000	11.099909	0.514102
75000	0.990000	0.000000	0.000000	11.123832	0.513593
80000	0.990000	0.000000	0.000000	11.142074	0.513206
85000	0.990000	0.000000	0.000000	11.155995	0.512911
90000	0.990000	0.000000	0.000000	11.166625	0.512686
95000	0.990000	0.000000	0.000000	11.174745	0.512514
100000	0.990000	0.000000	0.000000	11.180951	0.512383

var1: 0.000000	 var2: 0.800000
gen	A2		B2		diseq		zbar		sexrat
0	0.990000	0.000000			3.000000	
5000	0.990000	0.000000	0.000000	6.487764	0.639116
10000	0.990000	0.000000	0.000000	8.002020	0.591166
15000	0.990000	0.000000	0.000000	8.923432	0.565665
20000	0.990000	0.000000	0.000000	9.539817	0.549921
25000	0.990000	0.000000	0.000000	9.971781	0.539454
30000	0.990000	0.000000	0.000000	10.282847	0.532188
35000	0.990000	0.000000	0.000000	10.510785	0.527000
40000	0.990000	0.000000	0.000000	10.679784	0.523227
45000	0.990000	0.000000	0.000000	10.806120	0.520445
50000	0.990000	0.000000	0.000000	10.901122	0.518375
55000	0.990000	0.000000	0.000000	10.972869	0.516823
60000	0.990000	0.000000	0.000000	11.027226	0.515655
65000	0.990000	0.000000	0.000000	11.068505	0.514772
70000	0.990000	0.000000	0.000000	11.099909	0.514102
75000	0.990000	0.000000	0.000000	11.123832	0.513593
80000	0.990000	0.000000	0.000000	11.142074	0.513206
85000	0.990000	0.000000	0.000000	11.155995	0.512911
90000	0.990000	0.000000	0.000000	11.166625	0.512686
95000	0.990000	0.000000	0.000000	11.174745	0.512514
100000	0.990000	0.000000	0.000000	11.180951	0.512383

var1: 0.000000	 var2: 0.900000
gen	A2		B2		diseq		zbar		sexrat
0	0.990000	0.000000			3.000000	
5000	0.990000	0.000000	0.000000	6.487764	0.639116
10000	0.990000	0.000000	0.000000	8.002020	0.591166
15000	0.990000	0.000000	0.000000	8.923432	0.565665
20000	0.990000	0.000000	0.000000	9.539817	0.549921
25000	0.990000	0.000000	0.000000	9.971781	0.539454
30000	0.990000	0.000000	0.000000	10.282847	0.532188
35000	0.990000	0.000000	0.000000	10.510785	0.527000
40000	0.990000	0.000000	0.000000	10.679784	0.523227
45000	0.990000	0.000000	0.000000	10.806120	0.520445
50000	0.990000	0.000000	0.000000	10.901122	0.518375
55000	0.990000	0.000000	0.000000	10.972869	0.516823
60000	0.990000	0.000000	0.000000	11.027226	0.515655
65000	0.990000	0.000000	0.000000	11.068505	0.514772
70000	0.990000	0.000000	0.000000	11.099909	0.514102
75000	0.990000	0.000000	0.000000	11.123832	0.513593
80000	0.990000	0.000000	0.000000	11.142074	0.513206
85000	0.990000	0.000000	0.000000	11.155995	0.512911
90000	0.990000	0.000000	0.000000	11.166625	0.512686
95000	0.990000	0.000000	0.000000	11.174745	0.512514
100000	0.990000	0.000000	0.000000	11.180951	0.512383

var1: 0.000000	 var2: 1.000000
gen	A2		B2		diseq		zbar		sexrat
0	0.990000	0.000000			3.000000	
5000	0.990000	0.000000	0.000000	6.487764	0.639116
10000	0.990000	0.000000	0.000000	8.002020	0.591166
15000	0.990000	0.000000	0.000000	8.923432	0.565665
20000	0.990000	0.000000	0.000000	9.539817	0.549921
25000	0.990000	0.000000	0.000000	9.971781	0.539454
30000	0.990000	0.000000	0.000000	10.282847	0.532188
35000	0.990000	0.000000	0.000000	10.510785	0.527000
40000	0.990000	0.000000	0.000000	10.679784	0.523227
45000	0.990000	0.000000	0.000000	10.806120	0.520445
50000	0.990000	0.000000	0.000000	10.901122	0.518375
55000	0.990000	0.000000	0.000000	10.972869	0.516823
60000	0.990000	0.000000	0.000000	11.027226	0.515655
65000	0.990000	0.000000	0.000000	11.068505	0.514772
70000	0.990000	0.000000	0.000000	11.099909	0.514102
75000	0.990000	0.000000	0.000000	11.123832	0.513593
80000	0.990000	0.000000	0.000000	11.142074	0.513206
85000	0.990000	0.000000	0.000000	11.155995	0.512911
90000	0.990000	0.000000	0.000000	11.166625	0.512686
95000	0.990000	0.000000	0.000000	11.174745	0.512514
100000	0.990000	0.000000	0.000000	11.180951	0.512383

var1: 0.000000	 var2: 1.100000
gen	A2		B2		diseq		zbar		sexrat
0	0.990000	0.000000			3.000000	
5000	0.990000	0.000000	0.000000	6.487764	0.639116
10000	0.990000	0.000000	0.000000	8.002020	0.591166
15000	0.990000	0.000000	0.000000	8.923432	0.565665
20000	0.990000	0.000000	0.000000	9.539817	0.549921
25000	0.990000	0.000000	0.000000	9.971781	0.539454
30000	0.990000	0.000000	0.000000	10.282847	0.532188
35000	0.990000	0.000000	0.000000	10.510785	0.527000
40000	0.990000	0.000000	0.000000	10.679784	0.523227
45000	0.990000	0.000000	0.000000	10.806120	0.520445
50000	0.990000	0.000000	0.000000	10.901122	0.518375
55000	0.990000	0.000000	0.000000	10.972869	0.516823
60000	0.990000	0.000000	0.000000	11.027226	0.515655
65000	0.990000	0.000000	0.000000	11.068505	0.514772
70000	0.990000	0.000000	0.000000	11.099909	0.514102
75000	0.990000	0.000000	0.000000	11.123832	0.513593
80000	0.990000	0.000000	0.000000	11.142074	0.513206
85000	0.990000	0.000000	0.000000	11.155995	0.512911
90000	0.990000	0.000000	0.000000	11.166625	0.512686
95000	0.990000	0.000000	0.000000	11.174745	0.512514
100000	0.990000	0.000000	0.000000	11.180951	0.512383

var1: 0.000000	 var2: 1.200000
gen	A2		B2		diseq		zbar		sexrat
0	0.990000	0.000000			3.000000	
5000	0.990000	0.000000	0.000000	6.487764	0.639116
10000	0.990000	0.000000	0.000000	8.002020	0.591166
15000	0.990000	0.000000	0.000000	8.923432	0.565665
20000	0.990000	0.000000	0.000000	9.539817	0.549921
25000	0.990000	0.000000	0.000000	9.971781	0.539454
30000	0.990000	0.000000	0.000000	10.282847	0.532188
35000	0.990000	0.000000	0.000000	10.510785	0.527000
40000	0.990000	0.000000	0.000000	10.679784	0.523227
45000	0.990000	0.000000	0.000000	10.806120	0.520445
50000	0.990000	0.000000	0.000000	10.901122	0.518375
55000	0.990000	0.000000	0.000000	10.972869	0.516823
60000	0.990000	0.000000	0.000000	11.027226	0.515655
65000	0.990000	0.000000	0.000000	11.068505	0.514772
70000	0.990000	0.000000	0.000000	11.099909	0.514102
75000	0.990000	0.000000	0.000000	11.123832	0.513593
80000	0.990000	0.000000	0.000000	11.142074	0.513206
85000	0.990000	0.000000	0.000000	11.155995	0.512911
90000	0.990000	0.000000	0.000000	11.166625	0.512686
95000	0.990000	0.000000	0.000000	11.174745	0.512514
100000	0.990000	0.000000	0.000000	11.180951	0.512383

var1: 0.000000	 var2: 1.300000
gen	A2		B2		diseq		zbar		sexrat
0	0.990000	0.000000			3.000000	
5000	0.990000	0.000000	0.000000	6.487764	0.639116
10000	0.990000	0.000000	0.000000	8.002020	0.591166
15000	0.990000	0.000000	0.000000	8.923432	0.565665
20000	0.990000	0.000000	0.000000	9.539817	0.549921
25000	0.990000	0.000000	0.000000	9.971781	0.539454
30000	0.990000	0.000000	0.000000	10.282847	0.532188
35000	0.990000	0.000000	0.000000	10.510785	0.527000
40000	0.990000	0.000000	0.000000	10.679784	0.523227
45000	0.990000	0.000000	0.000000	10.806120	0.520445
50000	0.990000	0.000000	0.000000	10.901122	0.518375
55000	0.990000	0.000000	0.000000	10.972869	0.516823
60000	0.990000	0.000000	0.000000	11.027226	0.515655
65000	0.990000	0.000000	0.000000	11.068505	0.514772
70000	0.990000	0.000000	0.000000	11.099909	0.514102
75000	0.990000	0.000000	0.000000	11.123832	0.513593
80000	0.990000	0.000000	0.000000	11.142074	0.513206
85000	0.990000	0.000000	0.000000	11.155995	0.512911
90000	0.990000	0.000000	0.000000	11.166625	0.512686
95000	0.990000	0.000000	0.000000	11.174745	0.512514
100000	0.990000	0.000000	0.000000	11.180951	0.512383

var1: 0.000000	 var2: 1.400000
gen	A2		B2		diseq		zbar		sexrat
0	0.990000	0.000000			3.000000	
5000	0.990000	0.000000	0.000000	6.487764	0.639116
10000	0.990000	0.000000	0.000000	8.002020	0.591166
15000	0.990000	0.000000	0.000000	8.923432	0.565665
20000	0.990000	0.000000	0.000000	9.539817	0.549921
25000	0.990000	0.000000	0.000000	9.971781	0.539454
30000	0.990000	0.000000	0.000000	10.282847	0.532188
35000	0.990000	0.000000	0.000000	10.510785	0.527000
40000	0.990000	0.000000	0.000000	10.679784	0.523227
45000	0.990000	0.000000	0.000000	10.806120	0.520445
50000	0.990000	0.000000	0.000000	10.901122	0.518375
55000	0.990000	0.000000	0.000000	10.972869	0.516823
60000	0.990000	0.000000	0.000000	11.027226	0.515655
65000	0.990000	0.000000	0.000000	11.068505	0.514772
70000	0.990000	0.000000	0.000000	11.099909	0.514102
75000	0.990000	0.000000	0.000000	11.123832	0.513593
80000	0.990000	0.000000	0.000000	11.142074	0.513206
85000	0.990000	0.000000	0.000000	11.155995	0.512911
90000	0.990000	0.000000	0.000000	11.166625	0.512686
95000	0.990000	0.000000	0.000000	11.174745	0.512514
100000	0.990000	0.000000	0.000000	11.180951	0.512383

var1: 0.000000	 var2: 1.500000
gen	A2		B2		diseq		zbar		sexrat
0	0.990000	0.000000			3.000000	
5000	0.990000	0.000000	0.000000	6.487764	0.639116
10000	0.990000	0.000000	0.000000	8.002020	0.591166
15000	0.990000	0.000000	0.000000	8.923432	0.565665
20000	0.990000	0.000000	0.000000	9.539817	0.549921
25000	0.990000	0.000000	0.000000	9.971781	0.539454
30000	0.990000	0.000000	0.000000	10.282847	0.532188
35000	0.990000	0.000000	0.000000	10.510785	0.527000
40000	0.990000	0.000000	0.000000	10.679784	0.523227
45000	0.990000	0.000000	0.000000	10.806120	0.520445
50000	0.990000	0.000000	0.000000	10.901122	0.518375
55000	0.990000	0.000000	0.000000	10.972869	0.516823
60000	0.990000	0.000000	0.000000	11.027226	0.515655
65000	0.990000	0.000000	0.000000	11.068505	0.514772
70000	0.990000	0.000000	0.000000	11.099909	0.514102
75000	0.990000	0.000000	0.000000	11.123832	0.513593
80000	0.990000	0.000000	0.000000	11.142074	0.513206
85000	0.990000	0.000000	0.000000	11.155995	0.512911
90000	0.990000	0.000000	0.000000	11.166625	0.512686
95000	0.990000	0.000000	0.000000	11.174745	0.512514
100000	0.990000	0.000000	0.000000	11.180951	0.512383

var1: 0.000000	 var2: 1.600000
gen	A2		B2		diseq		zbar		sexrat
0	0.990000	0.000000			3.000000	
5000	0.990000	0.000000	0.000000	6.487764	0.639116
10000	0.990000	0.000000	0.000000	8.002020	0.591166
15000	0.990000	0.000000	0.000000	8.923432	0.565665
20000	0.990000	0.000000	0.000000	9.539817	0.549921
25000	0.990000	0.000000	0.000000	9.971781	0.539454
30000	0.990000	0.000000	0.000000	10.282847	0.532188
35000	0.990000	0.000000	0.000000	10.510785	0.527000
40000	0.990000	0.000000	0.000000	10.679784	0.523227
45000	0.990000	0.000000	0.000000	10.806120	0.520445
50000	0.990000	0.000000	0.000000	10.901122	0.518375
55000	0.990000	0.000000	0.000000	10.972869	0.516823
60000	0.990000	0.000000	0.000000	11.027226	0.515655
65000	0.990000	0.000000	0.000000	11.068505	0.514772
70000	0.990000	0.000000	0.000000	11.099909	0.514102
75000	0.990000	0.000000	0.000000	11.123832	0.513593
80000	0.990000	0.000000	0.000000	11.142074	0.513206
85000	0.990000	0.000000	0.000000	11.155995	0.512911
90000	0.990000	0.000000	0.000000	11.166625	0.512686
95000	0.990000	0.000000	0.000000	11.174745	0.512514
100000	0.990000	0.000000	0.000000	11.180951	0.512383

var1: 0.000000	 var2: 1.700000
gen	A2		B2		diseq		zbar		sexrat
0	0.990000	0.000000			3.000000	
5000	0.990000	0.000000	0.000000	6.487764	0.639116
10000	0.990000	0.000000	0.000000	8.002020	0.591166
15000	0.990000	0.000000	0.000000	8.923432	0.565665
20000	0.990000	0.000000	0.000000	9.539817	0.549921
25000	0.990000	0.000000	0.000000	9.971781	0.539454
30000	0.990000	0.000000	0.000000	10.282847	0.532188
35000	0.990000	0.000000	0.000000	10.510785	0.527000
40000	0.990000	0.000000	0.000000	10.679784	0.523227
45000	0.990000	0.000000	0.000000	10.806120	0.520445
50000	0.990000	0.000000	0.000000	10.901122	0.518375
55000	0.990000	0.000000	0.000000	10.972869	0.516823
60000	0.990000	0.000000	0.000000	11.027226	0.515655
65000	0.990000	0.000000	0.000000	11.068505	0.514772
70000	0.990000	0.000000	0.000000	11.099909	0.514102
75000	0.990000	0.000000	0.000000	11.123832	0.513593
80000	0.990000	0.000000	0.000000	11.142074	0.513206
85000	0.990000	0.000000	0.000000	11.155995	0.512911
90000	0.990000	0.000000	0.000000	11.166625	0.512686
95000	0.990000	0.000000	0.000000	11.174745	0.512514
100000	0.990000	0.000000	0.000000	11.180951	0.512383

var1: 0.000000	 var2: 1.800000
gen	A2		B2		diseq		zbar		sexrat
0	0.990000	0.000000			3.000000	
5000	0.990000	0.000000	0.000000	6.487764	0.639116
10000	0.990000	0.000000	0.000000	8.002020	0.591166
15000	0.990000	0.000000	0.000000	8.923432	0.565665
20000	0.990000	0.000000	0.000000	9.539817	0.549921
25000	0.990000	0.000000	0.000000	9.971781	0.539454
30000	0.990000	0.000000	0.000000	10.282847	0.532188
35000	0.990000	0.000000	0.000000	10.510785	0.527000
40000	0.990000	0.000000	0.000000	10.679784	0.523227
45000	0.990000	0.000000	0.000000	10.806120	0.520445
50000	0.990000	0.000000	0.000000	10.901122	0.518375
55000	0.990000	0.000000	0.000000	10.972869	0.516823
60000	0.990000	0.000000	0.000000	11.027226	0.515655
65000	0.990000	0.000000	0.000000	11.068505	0.514772
70000	0.990000	0.000000	0.000000	11.099909	0.514102
75000	0.990000	0.000000	0.000000	11.123832	0.513593
80000	0.990000	0.000000	0.000000	11.142074	0.513206
85000	0.990000	0.000000	0.000000	11.155995	0.512911
90000	0.990000	0.000000	0.000000	11.166625	0.512686
95000	0.990000	0.000000	0.000000	11.174745	0.512514
100000	0.990000	0.000000	0.000000	11.180951	0.512383

var1: 0.000000	 var2: 1.900000
gen	A2		B2		diseq		zbar		sexrat
0	0.990000	0.000000			3.000000	
5000	0.990000	0.000000	0.000000	6.487764	0.639116
10000	0.990000	0.000000	0.000000	8.002020	0.591166
15000	0.990000	0.000000	0.000000	8.923432	0.565665
20000	0.990000	0.000000	0.000000	9.539817	0.549921
25000	0.990000	0.000000	0.000000	9.971781	0.539454
30000	0.990000	0.000000	0.000000	10.282847	0.532188
35000	0.990000	0.000000	0.000000	10.510785	0.527000
40000	0.990000	0.000000	0.000000	10.679784	0.523227
45000	0.990000	0.000000	0.000000	10.806120	0.520445
50000	0.990000	0.000000	0.000000	10.901122	0.518375
55000	0.990000	0.000000	0.000000	10.972869	0.516823
60000	0.990000	0.000000	0.000000	11.027226	0.515655
65000	0.990000	0.000000	0.000000	11.068505	0.514772
70000	0.990000	0.000000	0.000000	11.099909	0.514102
75000	0.990000	0.000000	0.000000	11.123832	0.513593
80000	0.990000	0.000000	0.000000	11.142074	0.513206
85000	0.990000	0.000000	0.000000	11.155995	0.512911
90000	0.990000	0.000000	0.000000	11.166625	0.512686
95000	0.990000	0.000000	0.000000	11.174745	0.512514
100000	0.990000	0.000000	0.000000	11.180951	0.512383

var1: 0.000000	 var2: 2.000000
gen	A2		B2		diseq		zbar		sexrat
0	0.990000	0.000000			3.000000	
5000	0.990000	0.000000	0.000000	6.487764	0.639116
10000	0.990000	0.000000	0.000000	8.002020	0.591166
15000	0.990000	0.000000	0.000000	8.923432	0.565665
20000	0.990000	0.000000	0.000000	9.539817	0.549921
25000	0.990000	0.000000	0.000000	9.971781	0.539454
30000	0.990000	0.000000	0.000000	10.282847	0.532188
35000	0.990000	0.000000	0.000000	10.510785	0.527000
40000	0.990000	0.000000	0.000000	10.679784	0.523227
45000	0.990000	0.000000	0.000000	10.806120	0.520445
50000	0.990000	0.000000	0.000000	10.901122	0.518375
55000	0.990000	0.000000	0.000000	10.972869	0.516823
60000	0.990000	0.000000	0.000000	11.027226	0.515655
65000	0.990000	0.000000	0.000000	11.068505	0.514772
70000	0.990000	0.000000	0.000000	11.099909	0.514102
75000	0.990000	0.000000	0.000000	11.123832	0.513593
80000	0.990000	0.000000	0.000000	11.142074	0.513206
85000	0.990000	0.000000	0.000000	11.155995	0.512911
90000	0.990000	0.000000	0.000000	11.166625	0.512686
95000	0.990000	0.000000	0.000000	11.174745	0.512514
100000	0.990000	0.000000	0.000000	11.180951	0.512383

var1: 0.000000	 var2: 2.100000
gen	A2		B2		diseq		zbar		sexrat
0	0.990000	0.000000			3.000000	
5000	0.990000	0.000000	0.000000	6.487764	0.639116
10000	0.990000	0.000000	0.000000	8.002020	0.591166
15000	0.990000	0.000000	0.000000	8.923432	0.565665
20000	0.990000	0.000000	0.000000	9.539817	0.549921
25000	0.990000	0.000000	0.000000	9.971781	0.539454
30000	0.990000	0.000000	0.000000	10.282847	0.532188
35000	0.990000	0.000000	0.000000	10.510785	0.527000
40000	0.990000	0.000000	0.000000	10.679784	0.523227
45000	0.990000	0.000000	0.000000	10.806120	0.520445
50000	0.990000	0.000000	0.000000	10.901122	0.518375
55000	0.990000	0.000000	0.000000	10.972869	0.516823
60000	0.990000	0.000000	0.000000	11.027226	0.515655
65000	0.990000	0.000000	0.000000	11.068505	0.514772
70000	0.990000	0.000000	0.000000	11.099909	0.514102
75000	0.990000	0.000000	0.000000	11.123832	0.513593
80000	0.990000	0.000000	0.000000	11.142074	0.513206
85000	0.990000	0.000000	0.000000	11.155995	0.512911
90000	0.990000	0.000000	0.000000	11.166625	0.512686
95000	0.990000	0.000000	0.000000	11.174745	0.512514
100000	0.990000	0.000000	0.000000	11.180951	0.512383

var1: 0.000000	 var2: 2.200000
gen	A2		B2		diseq		zbar		sexrat
0	0.990000	0.000000			3.000000	
5000	0.990000	0.000000	0.000000	6.487764	0.639116
10000	0.990000	0.000000	0.000000	8.002020	0.591166
15000	0.990000	0.000000	0.000000	8.923432	0.565665
20000	0.990000	0.000000	0.000000	9.539817	0.549921
25000	0.990000	0.000000	0.000000	9.971781	0.539454
30000	0.990000	0.000000	0.000000	10.282847	0.532188
35000	0.990000	0.000000	0.000000	10.510785	0.527000
40000	0.990000	0.000000	0.000000	10.679784	0.523227
45000	0.990000	0.000000	0.000000	10.806120	0.520445
50000	0.990000	0.000000	0.000000	10.901122	0.518375
55000	0.990000	0.000000	0.000000	10.972869	0.516823
60000	0.990000	0.000000	0.000000	11.027226	0.515655
65000	0.990000	0.000000	0.000000	11.068505	0.514772
70000	0.990000	0.000000	0.000000	11.099909	0.514102
75000	0.990000	0.000000	0.000000	11.123832	0.513593
80000	0.990000	0.000000	0.000000	11.142074	0.513206
85000	0.990000	0.000000	0.000000	11.155995	0.512911
90000	0.990000	0.000000	0.000000	11.166625	0.512686
95000	0.990000	0.000000	0.000000	11.174745	0.512514
100000	0.990000	0.000000	0.000000	11.180951	0.512383

var1: 0.000000	 var2: 2.300000
gen	A2		B2		diseq		zbar		sexrat
0	0.990000	0.000000			3.000000	
5000	0.990000	0.000000	0.000000	6.487764	0.639116
10000	0.990000	0.000000	0.000000	8.002020	0.591166
15000	0.990000	0.000000	0.000000	8.923432	0.565665
20000	0.990000	0.000000	0.000000	9.539817	0.549921
25000	0.990000	0.000000	0.000000	9.971781	0.539454
30000	0.990000	0.000000	0.000000	10.282847	0.532188
35000	0.990000	0.000000	0.000000	10.510785	0.527000
40000	0.990000	0.000000	0.000000	10.679784	0.523227
45000	0.990000	0.000000	0.000000	10.806120	0.520445
50000	0.990000	0.000000	0.000000	10.901122	0.518375
55000	0.990000	0.000000	0.000000	10.972869	0.516823
60000	0.990000	0.000000	0.000000	11.027226	0.515655
65000	0.990000	0.000000	0.000000	11.068505	0.514772
70000	0.990000	0.000000	0.000000	11.099909	0.514102
75000	0.990000	0.000000	0.000000	11.123832	0.513593
80000	0.990000	0.000000	0.000000	11.142074	0.513206
85000	0.990000	0.000000	0.000000	11.155995	0.512911
90000	0.990000	0.000000	0.000000	11.166625	0.512686
95000	0.990000	0.000000	0.000000	11.174745	0.512514
100000	0.990000	0.000000	0.000000	11.180951	0.512383

var1: 0.000000	 var2: 2.400000
gen	A2		B2		diseq		zbar		sexrat
0	0.990000	0.000000			3.000000	
5000	0.990000	0.000000	0.000000	6.487764	0.639116
10000	0.990000	0.000000	0.000000	8.002020	0.591166
15000	0.990000	0.000000	0.000000	8.923432	0.565665
20000	0.990000	0.000000	0.000000	9.539817	0.549921
25000	0.990000	0.000000	0.000000	9.971781	0.539454
30000	0.990000	0.000000	0.000000	10.282847	0.532188
35000	0.990000	0.000000	0.000000	10.510785	0.527000
40000	0.990000	0.000000	0.000000	10.679784	0.523227
45000	0.990000	0.000000	0.000000	10.806120	0.520445
50000	0.990000	0.000000	0.000000	10.901122	0.518375
55000	0.990000	0.000000	0.000000	10.972869	0.516823
60000	0.990000	0.000000	0.000000	11.027226	0.515655
65000	0.990000	0.000000	0.000000	11.068505	0.514772
70000	0.990000	0.000000	0.000000	11.099909	0.514102
75000	0.990000	0.000000	0.000000	11.123832	0.513593
80000	0.990000	0.000000	0.000000	11.142074	0.513206
85000	0.990000	0.000000	0.000000	11.155995	0.512911
90000	0.990000	0.000000	0.000000	11.166625	0.512686
95000	0.990000	0.000000	0.000000	11.174745	0.512514
100000	0.990000	0.000000	0.000000	11.180951	0.512383

var1: 0.000000	 var2: 2.500000
gen	A2		B2		diseq		zbar		sexrat
0	0.990000	0.000000			3.000000	
5000	0.990000	0.000000	0.000000	6.487764	0.639116
10000	0.990000	0.000000	0.000000	8.002020	0.591166
15000	0.990000	0.000000	0.000000	8.923432	0.565665
20000	0.990000	0.000000	0.000000	9.539817	0.549921
25000	0.990000	0.000000	0.000000	9.971781	0.539454
30000	0.990000	0.000000	0.000000	10.282847	0.532188
35000	0.990000	0.000000	0.000000	10.510785	0.527000
40000	0.990000	0.000000	0.000000	10.679784	0.523227
45000	0.990000	0.000000	0.000000	10.806120	0.520445
50000	0.990000	0.000000	0.000000	10.901122	0.518375
55000	0.990000	0.000000	0.000000	10.972869	0.516823
60000	0.990000	0.000000	0.000000	11.027226	0.515655
65000	0.990000	0.000000	0.000000	11.068505	0.514772
70000	0.990000	0.000000	0.000000	11.099909	0.514102
75000	0.990000	0.000000	0.000000	11.123832	0.513593
80000	0.990000	0.000000	0.000000	11.142074	0.513206
85000	0.990000	0.000000	0.000000	11.155995	0.512911
90000	0.990000	0.000000	0.000000	11.166625	0.512686
95000	0.990000	0.000000	0.000000	11.174745	0.512514
100000	0.990000	0.000000	0.000000	11.180951	0.512383

var1: 0.000000	 var2: 2.600000
gen	A2		B2		diseq		zbar		sexrat
0	0.990000	0.000000			3.000000	
5000	0.990000	0.000000	0.000000	6.487764	0.639116
10000	0.990000	0.000000	0.000000	8.002020	0.591166
15000	0.990000	0.000000	0.000000	8.923432	0.565665
20000	0.990000	0.000000	0.000000	9.539817	0.549921
25000	0.990000	0.000000	0.000000	9.971781	0.539454
30000	0.990000	0.000000	0.000000	10.282847	0.532188
35000	0.990000	0.000000	0.000000	10.510785	0.527000
40000	0.990000	0.000000	0.000000	10.679784	0.523227
45000	0.990000	0.000000	0.000000	10.806120	0.520445
50000	0.990000	0.000000	0.000000	10.901122	0.518375
55000	0.990000	0.000000	0.000000	10.972869	0.516823
60000	0.990000	0.000000	0.000000	11.027226	0.515655
65000	0.990000	0.000000	0.000000	11.068505	0.514772
70000	0.990000	0.000000	0.000000	11.099909	0.514102
75000	0.990000	0.000000	0.000000	11.123832	0.513593
80000	0.990000	0.000000	0.000000	11.142074	0.513206
85000	0.990000	0.000000	0.000000	11.155995	0.512911
90000	0.990000	0.000000	0.000000	11.166625	0.512686
95000	0.990000	0.000000	0.000000	11.174745	0.512514
100000	0.990000	0.000000	0.000000	11.180951	0.512383

var1: 0.000000	 var2: 2.700000
gen	A2		B2		diseq		zbar		sexrat
0	0.990000	0.000000			3.000000	
5000	0.990000	0.000000	0.000000	6.487764	0.639116
10000	0.990000	0.000000	0.000000	8.002020	0.591166
15000	0.990000	0.000000	0.000000	8.923432	0.565665
20000	0.990000	0.000000	0.000000	9.539817	0.549921
25000	0.990000	0.000000	0.000000	9.971781	0.539454
30000	0.990000	0.000000	0.000000	10.282847	0.532188
35000	0.990000	0.000000	0.000000	10.510785	0.527000
40000	0.990000	0.000000	0.000000	10.679784	0.523227
45000	0.990000	0.000000	0.000000	10.806120	0.520445
50000	0.990000	0.000000	0.000000	10.901122	0.518375
55000	0.990000	0.000000	0.000000	10.972869	0.516823
60000	0.990000	0.000000	0.000000	11.027226	0.515655
65000	0.990000	0.000000	0.000000	11.068505	0.514772
70000	0.990000	0.000000	0.000000	11.099909	0.514102
75000	0.990000	0.000000	0.000000	11.123832	0.513593
80000	0.990000	0.000000	0.000000	11.142074	0.513206
85000	0.990000	0.000000	0.000000	11.155995	0.512911
90000	0.990000	0.000000	0.000000	11.166625	0.512686
95000	0.990000	0.000000	0.000000	11.174745	0.512514
100000	0.990000	0.000000	0.000000	11.180951	0.512383

var1: 0.000000	 var2: 2.800000
gen	A2		B2		diseq		zbar		sexrat
0	0.990000	0.000000			3.000000	
5000	0.990000	0.000000	0.000000	6.487764	0.639116
10000	0.990000	0.000000	0.000000	8.002020	0.591166
15000	0.990000	0.000000	0.000000	8.923432	0.565665
20000	0.990000	0.000000	0.000000	9.539817	0.549921
25000	0.990000	0.000000	0.000000	9.971781	0.539454
30000	0.990000	0.000000	0.000000	10.282847	0.532188
35000	0.990000	0.000000	0.000000	10.510785	0.527000
40000	0.990000	0.000000	0.000000	10.679784	0.523227
45000	0.990000	0.000000	0.000000	10.806120	0.520445
50000	0.990000	0.000000	0.000000	10.901122	0.518375
55000	0.990000	0.000000	0.000000	10.972869	0.516823
60000	0.990000	0.000000	0.000000	11.027226	0.515655
65000	0.990000	0.000000	0.000000	11.068505	0.514772
70000	0.990000	0.000000	0.000000	11.099909	0.514102
75000	0.990000	0.000000	0.000000	11.123832	0.513593
80000	0.990000	0.000000	0.000000	11.142074	0.513206
85000	0.990000	0.000000	0.000000	11.155995	0.512911
90000	0.990000	0.000000	0.000000	11.166625	0.512686
95000	0.990000	0.000000	0.000000	11.174745	0.512514
100000	0.990000	0.000000	0.000000	11.180951	0.512383

var1: 0.000000	 var2: 2.900000
gen	A2		B2		diseq		zbar		sexrat
0	0.990000	0.000000			3.000000	
5000	0.990000	0.000000	0.000000	6.487764	0.639116
10000	0.990000	0.000000	0.000000	8.002020	0.591166
15000	0.990000	0.000000	0.000000	8.923432	0.565665
20000	0.990000	0.000000	0.000000	9.539817	0.549921
25000	0.990000	0.000000	0.000000	9.971781	0.539454
30000	0.990000	0.000000	0.000000	10.282847	0.532188
35000	0.990000	0.000000	0.000000	10.510785	0.527000
40000	0.990000	0.000000	0.000000	10.679784	0.523227
45000	0.990000	0.000000	0.000000	10.806120	0.520445
50000	0.990000	0.000000	0.000000	10.901122	0.518375
55000	0.990000	0.000000	0.000000	10.972869	0.516823
60000	0.990000	0.000000	0.000000	11.027226	0.515655
65000	0.990000	0.000000	0.000000	11.068505	0.514772
70000	0.990000	0.000000	0.000000	11.099909	0.514102
75000	0.990000	0.000000	0.000000	11.123832	0.513593
80000	0.990000	0.000000	0.000000	11.142074	0.513206
85000	0.990000	0.000000	0.000000	11.155995	0.512911
90000	0.990000	0.000000	0.000000	11.166625	0.512686
95000	0.990000	0.000000	0.000000	11.174745	0.512514
100000	0.990000	0.000000	0.000000	11.180951	0.512383

var1: 0.000000	 var2: 3.000000
gen	A2		B2		diseq		zbar		sexrat
0	0.990000	0.000000			3.000000	
5000	0.990000	0.000000	0.000000	6.487764	0.639116
10000	0.990000	0.000000	0.000000	8.002020	0.591166
15000	0.990000	0.000000	0.000000	8.923432	0.565665
20000	0.990000	0.000000	0.000000	9.539817	0.549921
25000	0.990000	0.000000	0.000000	9.971781	0.539454
30000	0.990000	0.000000	0.000000	10.282847	0.532188
35000	0.990000	0.000000	0.000000	10.510785	0.527000
40000	0.990000	0.000000	0.000000	10.679784	0.523227
45000	0.990000	0.000000	0.000000	10.806120	0.520445
50000	0.990000	0.000000	0.000000	10.901122	0.518375
55000	0.990000	0.000000	0.000000	10.972869	0.516823
60000	0.990000	0.000000	0.000000	11.027226	0.515655
65000	0.990000	0.000000	0.000000	11.068505	0.514772
70000	0.990000	0.000000	0.000000	11.099909	0.514102
75000	0.990000	0.000000	0.000000	11.123832	0.513593
80000	0.990000	0.000000	0.000000	11.142074	0.513206
85000	0.990000	0.000000	0.000000	11.155995	0.512911
90000	0.990000	0.000000	0.000000	11.166625	0.512686
95000	0.990000	0.000000	0.000000	11.174745	0.512514
100000	0.990000	0.000000	0.000000	11.180951	0.512383

var1: 0.000000	 var2: 3.100000
gen	A2		B2		diseq		zbar		sexrat
0	0.990000	0.000000			3.000000	
5000	0.990000	0.000000	0.000000	6.487764	0.639116
10000	0.990000	0.000000	0.000000	8.002020	0.591166
15000	0.990000	0.000000	0.000000	8.923432	0.565665
20000	0.990000	0.000000	0.000000	9.539817	0.549921
25000	0.990000	0.000000	0.000000	9.971781	0.539454
30000	0.990000	0.000000	0.000000	10.282847	0.532188
35000	0.990000	0.000000	0.000000	10.510785	0.527000
40000	0.990000	0.000000	0.000000	10.679784	0.523227
45000	0.990000	0.000000	0.000000	10.806120	0.520445
50000	0.990000	0.000000	0.000000	10.901122	0.518375
55000	0.990000	0.000000	0.000000	10.972869	0.516823
60000	0.990000	0.000000	0.000000	11.027226	0.515655
65000	0.990000	0.000000	0.000000	11.068505	0.514772
70000	0.990000	0.000000	0.000000	11.099909	0.514102
75000	0.990000	0.000000	0.000000	11.123832	0.513593
80000	0.990000	0.000000	0.000000	11.142074	0.513206
85000	0.990000	0.000000	0.000000	11.155995	0.512911
90000	0.990000	0.000000	0.000000	11.166625	0.512686
95000	0.990000	0.000000	0.000000	11.174745	0.512514
100000	0.990000	0.000000	0.000000	11.180951	0.512383

var1: 0.000000	 var2: 3.200000
gen	A2		B2		diseq		zbar		sexrat
0	0.990000	0.000000			3.000000	
5000	0.990000	0.000000	0.000000	6.487764	0.639116
10000	0.990000	0.000000	0.000000	8.002020	0.591166
15000	0.990000	0.000000	0.000000	8.923432	0.565665
20000	0.990000	0.000000	0.000000	9.539817	0.549921
25000	0.990000	0.000000	0.000000	9.971781	0.539454
30000	0.990000	0.000000	0.000000	10.282847	0.532188
35000	0.990000	0.000000	0.000000	10.510785	0.527000
40000	0.990000	0.000000	0.000000	10.679784	0.523227
45000	0.990000	0.000000	0.000000	10.806120	0.520445
50000	0.990000	0.000000	0.000000	10.901122	0.518375
55000	0.990000	0.000000	0.000000	10.972869	0.516823
60000	0.990000	0.000000	0.000000	11.027226	0.515655
65000	0.990000	0.000000	0.000000	11.068505	0.514772
70000	0.990000	0.000000	0.000000	11.099909	0.514102
75000	0.990000	0.000000	0.000000	11.123832	0.513593
80000	0.990000	0.000000	0.000000	11.142074	0.513206
85000	0.990000	0.000000	0.000000	11.155995	0.512911
90000	0.990000	0.000000	0.000000	11.166625	0.512686
95000	0.990000	0.000000	0.000000	11.174745	0.512514
100000	0.990000	0.000000	0.000000	11.180951	0.512383

var1: 0.000000	 var2: 3.300000
gen	A2		B2		diseq		zbar		sexrat
0	0.990000	0.000000			3.000000	
5000	0.990000	0.000000	0.000000	6.487764	0.639116
10000	0.990000	0.000000	0.000000	8.002020	0.591166
15000	0.990000	0.000000	0.000000	8.923432	0.565665
20000	0.990000	0.000000	0.000000	9.539817	0.549921
25000	0.990000	0.000000	0.000000	9.971781	0.539454
30000	0.990000	0.000000	0.000000	10.282847	0.532188
35000	0.990000	0.000000	0.000000	10.510785	0.527000
40000	0.990000	0.000000	0.000000	10.679784	0.523227
45000	0.990000	0.000000	0.000000	10.806120	0.520445
50000	0.990000	0.000000	0.000000	10.901122	0.518375
55000	0.990000	0.000000	0.000000	10.972869	0.516823
60000	0.990000	0.000000	0.000000	11.027226	0.515655
65000	0.990000	0.000000	0.000000	11.068505	0.514772
70000	0.990000	0.000000	0.000000	11.099909	0.514102
75000	0.990000	0.000000	0.000000	11.123832	0.513593
80000	0.990000	0.000000	0.000000	11.142074	0.513206
85000	0.990000	0.000000	0.000000	11.155995	0.512911
90000	0.990000	0.000000	0.000000	11.166625	0.512686
95000	0.990000	0.000000	0.000000	11.174745	0.512514
100000	0.990000	0.000000	0.000000	11.180951	0.512383

var1: 0.000000	 var2: 3.400000
gen	A2		B2		diseq		zbar		sexrat
0	0.990000	0.000000			3.000000	
5000	0.990000	0.000000	0.000000	6.487764	0.639116
10000	0.990000	0.000000	0.000000	8.002020	0.591166
15000	0.990000	0.000000	0.000000	8.923432	0.565665
20000	0.990000	0.000000	0.000000	9.539817	0.549921
25000	0.990000	0.000000	0.000000	9.971781	0.539454
30000	0.990000	0.000000	0.000000	10.282847	0.532188
35000	0.990000	0.000000	0.000000	10.510785	0.527000
40000	0.990000	0.000000	0.000000	10.679784	0.523227
45000	0.990000	0.000000	0.000000	10.806120	0.520445
50000	0.990000	0.000000	0.000000	10.901122	0.518375
55000	0.990000	0.000000	0.000000	10.972869	0.516823
60000	0.990000	0.000000	0.000000	11.027226	0.515655
65000	0.990000	0.000000	0.000000	11.068505	0.514772
70000	0.990000	0.000000	0.000000	11.099909	0.514102
75000	0.990000	0.000000	0.000000	11.123832	0.513593
80000	0.990000	0.000000	0.000000	11.142074	0.513206
85000	0.990000	0.000000	0.000000	11.155995	0.512911
90000	0.990000	0.000000	0.000000	11.166625	0.512686
95000	0.990000	0.000000	0.000000	11.174745	0.512514
100000	0.990000	0.000000	0.000000	11.180951	0.512383

var1: 0.000000	 var2: 3.500000
gen	A2		B2		diseq		zbar		sexrat
0	0.990000	0.000000			3.000000	
5000	0.990000	0.000000	0.000000	6.487764	0.639116
10000	0.990000	0.000000	0.000000	8.002020	0.591166
15000	0.990000	0.000000	0.000000	8.923432	0.565665
20000	0.990000	0.000000	0.000000	9.539817	0.549921
25000	0.990000	0.000000	0.000000	9.971781	0.539454
30000	0.990000	0.000000	0.000000	10.282847	0.532188
35000	0.990000	0.000000	0.000000	10.510785	0.527000
40000	0.990000	0.000000	0.000000	10.679784	0.523227
45000	0.990000	0.000000	0.000000	10.806120	0.520445
50000	0.990000	0.000000	0.000000	10.901122	0.518375
55000	0.990000	0.000000	0.000000	10.972869	0.516823
60000	0.990000	0.000000	0.000000	11.027226	0.515655
65000	0.990000	0.000000	0.000000	11.068505	0.514772
70000	0.990000	0.000000	0.000000	11.099909	0.514102
75000	0.990000	0.000000	0.000000	11.123832	0.513593
80000	0.990000	0.000000	0.000000	11.142074	0.513206
85000	0.990000	0.000000	0.000000	11.155995	0.512911
90000	0.990000	0.000000	0.000000	11.166625	0.512686
95000	0.990000	0.000000	0.000000	11.174745	0.512514
100000	0.990000	0.000000	0.000000	11.180951	0.512383

var1: 0.000000	 var2: 3.600000
gen	A2		B2		diseq		zbar		sexrat
0	0.990000	0.000000			3.000000	
5000	0.990000	0.000000	0.000000	6.487764	0.639116
10000	0.990000	0.000000	0.000000	8.002020	0.591166
15000	0.990000	0.000000	0.000000	8.923432	0.565665
20000	0.990000	0.000000	0.000000	9.539817	0.549921
25000	0.990000	0.000000	0.000000	9.971781	0.539454
30000	0.990000	0.000000	0.000000	10.282847	0.532188
35000	0.990000	0.000000	0.000000	10.510785	0.527000
40000	0.990000	0.000000	0.000000	10.679784	0.523227
45000	0.990000	0.000000	0.000000	10.806120	0.520445
50000	0.990000	0.000000	0.000000	10.901122	0.518375
55000	0.990000	0.000000	0.000000	10.972869	0.516823
60000	0.990000	0.000000	0.000000	11.027226	0.515655
65000	0.990000	0.000000	0.000000	11.068505	0.514772
70000	0.990000	0.000000	0.000000	11.099909	0.514102
75000	0.990000	0.000000	0.000000	11.123832	0.513593
80000	0.990000	0.000000	0.000000	11.142074	0.513206
85000	0.990000	0.000000	0.000000	11.155995	0.512911
90000	0.990000	0.000000	0.000000	11.166625	0.512686
95000	0.990000	0.000000	0.000000	11.174745	0.512514
100000	0.990000	0.000000	0.000000	11.180951	0.512383

var1: 0.000000	 var2: 3.700000
gen	A2		B2		diseq		zbar		sexrat
0	0.990000	0.000000			3.000000	
5000	0.990000	0.000000	0.000000	6.487764	0.639116
10000	0.990000	0.000000	0.000000	8.002020	0.591166
15000	0.990000	0.000000	0.000000	8.923432	0.565665
20000	0.990000	0.000000	0.000000	9.539817	0.549921
25000	0.990000	0.000000	0.000000	9.971781	0.539454
30000	0.990000	0.000000	0.000000	10.282847	0.532188
35000	0.990000	0.000000	0.000000	10.510785	0.527000
40000	0.990000	0.000000	0.000000	10.679784	0.523227
45000	0.990000	0.000000	0.000000	10.806120	0.520445
50000	0.990000	0.000000	0.000000	10.901122	0.518375
55000	0.990000	0.000000	0.000000	10.972869	0.516823
60000	0.990000	0.000000	0.000000	11.027226	0.515655
65000	0.990000	0.000000	0.000000	11.068505	0.514772
70000	0.990000	0.000000	0.000000	11.099909	0.514102
75000	0.990000	0.000000	0.000000	11.123832	0.513593
80000	0.990000	0.000000	0.000000	11.142074	0.513206
85000	0.990000	0.000000	0.000000	11.155995	0.512911
90000	0.990000	0.000000	0.000000	11.166625	0.512686
95000	0.990000	0.000000	0.000000	11.174745	0.512514
100000	0.990000	0.000000	0.000000	11.180951	0.512383

var1: 0.000000	 var2: 3.800000
gen	A2		B2		diseq		zbar		sexrat
0	0.990000	0.000000			3.000000	
5000	0.990000	0.000000	0.000000	6.487764	0.639116
10000	0.990000	0.000000	0.000000	8.002020	0.591166
15000	0.990000	0.000000	0.000000	8.923432	0.565665
20000	0.990000	0.000000	0.000000	9.539817	0.549921
25000	0.990000	0.000000	0.000000	9.971781	0.539454
30000	0.990000	0.000000	0.000000	10.282847	0.532188
35000	0.990000	0.000000	0.000000	10.510785	0.527000
40000	0.990000	0.000000	0.000000	10.679784	0.523227
45000	0.990000	0.000000	0.000000	10.806120	0.520445
50000	0.990000	0.000000	0.000000	10.901122	0.518375
55000	0.990000	0.000000	0.000000	10.972869	0.516823
60000	0.990000	0.000000	0.000000	11.027226	0.515655
65000	0.990000	0.000000	0.000000	11.068505	0.514772
70000	0.990000	0.000000	0.000000	11.099909	0.514102
75000	0.990000	0.000000	0.000000	11.123832	0.513593
80000	0.990000	0.000000	0.000000	11.142074	0.513206
85000	0.990000	0.000000	0.000000	11.155995	0.512911
90000	0.990000	0.000000	0.000000	11.166625	0.512686
95000	0.990000	0.000000	0.000000	11.174745	0.512514
100000	0.990000	0.000000	0.000000	11.180951	0.512383

var1: 0.000000	 var2: 3.900000
gen	A2		B2		diseq		zbar		sexrat
0	0.990000	0.000000			3.000000	
5000	0.990000	0.000000	0.000000	6.487764	0.639116
10000	0.990000	0.000000	0.000000	8.002020	0.591166
15000	0.990000	0.000000	0.000000	8.923432	0.565665
20000	0.990000	0.000000	0.000000	9.539817	0.549921
25000	0.990000	0.000000	0.000000	9.971781	0.539454
30000	0.990000	0.000000	0.000000	10.282847	0.532188
35000	0.990000	0.000000	0.000000	10.510785	0.527000
40000	0.990000	0.000000	0.000000	10.679784	0.523227
45000	0.990000	0.000000	0.000000	10.806120	0.520445
50000	0.990000	0.000000	0.000000	10.901122	0.518375
55000	0.990000	0.000000	0.000000	10.972869	0.516823
60000	0.990000	0.000000	0.000000	11.027226	0.515655
65000	0.990000	0.000000	0.000000	11.068505	0.514772
70000	0.990000	0.000000	0.000000	11.099909	0.514102
75000	0.990000	0.000000	0.000000	11.123832	0.513593
80000	0.990000	0.000000	0.000000	11.142074	0.513206
85000	0.990000	0.000000	0.000000	11.155995	0.512911
90000	0.990000	0.000000	0.000000	11.166625	0.512686
95000	0.990000	0.000000	0.000000	11.174745	0.512514
100000	0.990000	0.000000	0.000000	11.180951	0.512383

var1: 0.000000	 var2: 4.000000
gen	A2		B2		diseq		zbar		sexrat
0	0.990000	0.000000			3.000000	
5000	0.990000	0.000000	0.000000	6.487764	0.639116
10000	0.990000	0.000000	0.000000	8.002020	0.591166
15000	0.990000	0.000000	0.000000	8.923432	0.565665
20000	0.990000	0.000000	0.000000	9.539817	0.549921
25000	0.990000	0.000000	0.000000	9.971781	0.539454
30000	0.990000	0.000000	0.000000	10.282847	0.532188
35000	0.990000	0.000000	0.000000	10.510785	0.527000
40000	0.990000	0.000000	0.000000	10.679784	0.523227
45000	0.990000	0.000000	0.000000	10.806120	0.520445
50000	0.990000	0.000000	0.000000	10.901122	0.518375
55000	0.990000	0.000000	0.000000	10.972869	0.516823
60000	0.990000	0.000000	0.000000	11.027226	0.515655
65000	0.990000	0.000000	0.000000	11.068505	0.514772
70000	0.990000	0.000000	0.000000	11.099909	0.514102
75000	0.990000	0.000000	0.000000	11.123832	0.513593
80000	0.990000	0.000000	0.000000	11.142074	0.513206
85000	0.990000	0.000000	0.000000	11.155995	0.512911
90000	0.990000	0.000000	0.000000	11.166625	0.512686
95000	0.990000	0.000000	0.000000	11.174745	0.512514
100000	0.990000	0.000000	0.000000	11.180951	0.512383

var1: 0.002500	 var2: 0.000000
gen	A2		B2		diseq		zbar		sexrat
0	0.990000	0.000000			3.000000	
5000	0.990000	0.000000	0.000000	6.431652	0.705979
10000	0.990000	0.000000	0.000000	7.803789	0.666102
15000	0.990000	0.000000	0.000000	8.568511	0.646048
20000	0.990000	0.000000	0.000000	9.034461	0.634501
25000	0.990000	0.000000	0.000000	9.330453	0.627412
30000	0.990000	0.000000	0.000000	9.522847	0.622903
35000	0.990000	0.000000	0.000000	9.649630	0.619973
40000	0.990000	0.000000	0.000000	9.733896	0.618044
45000	0.990000	0.000000	0.000000	9.790213	0.616762
50000	0.990000	0.000000	0.000000	9.827985	0.615906
55000	0.990000	0.000000	0.000000	9.853381	0.615332
60000	0.990000	0.000000	0.000000	9.870482	0.614946
65000	0.990000	0.000000	0.000000	9.882009	0.614686
70000	0.990000	0.000000	0.000000	9.889786	0.614511
75000	0.990000	0.000000	0.000000	9.895034	0.614393
80000	0.990000	0.000000	0.000000	9.898577	0.614313
85000	0.990000	0.000000	0.000000	9.900970	0.614259
90000	0.990000	0.000000	0.000000	9.902586	0.614223
95000	0.990000	0.000000	0.000000	9.903677	0.614198
100000	0.990000	0.000000	0.000000	9.904414	0.614182

var1: 0.002500	 var2: 0.100000
gen	A2		B2		diseq		zbar		sexrat
0	0.990000	0.000000			3.000000	
5000	0.990000	0.000000	0.000000	6.431652	0.705979
10000	0.990000	0.000000	0.000000	7.803789	0.666102
15000	0.990000	0.000000	0.000000	8.568511	0.646048
20000	0.990000	0.000000	0.000000	9.034461	0.634501
25000	0.990000	0.000000	0.000000	9.330453	0.627412
30000	0.990000	0.000000	0.000000	9.522847	0.622903
35000	0.990000	0.000000	0.000000	9.649630	0.619973
40000	0.990000	0.000000	0.000000	9.733896	0.618044
45000	0.990000	0.000000	0.000000	9.790213	0.616762
50000	0.990000	0.000000	0.000000	9.827985	0.615906
55000	0.990000	0.000000	0.000000	9.853381	0.615332
60000	0.990000	0.000000	0.000000	9.870482	0.614946
65000	0.990000	0.000000	0.000000	9.882009	0.614686
70000	0.990000	0.000000	0.000000	9.889786	0.614511
75000	0.990000	0.000000	0.000000	9.895034	0.614393
80000	0.990000	0.000000	0.000000	9.898577	0.614313
85000	0.990000	0.000000	0.000000	9.900970	0.614259
90000	0.990000	0.000000	0.000000	9.902586	0.614223
95000	0.990000	0.000000	0.000000	9.903677	0.614198
100000	0.990000	0.000000	0.000000	9.904414	0.614182

var1: 0.002500	 var2: 0.200000
gen	A2		B2		diseq		zbar		sexrat
0	0.990000	0.000000			3.000000	
5000	0.990000	0.000000	0.000000	6.431652	0.705979
10000	0.990000	0.000000	0.000000	7.803789	0.666102
15000	0.990000	0.000000	0.000000	8.568511	0.646048
20000	0.990000	0.000000	0.000000	9.034461	0.634501
25000	0.990000	0.000000	0.000000	9.330453	0.627412
30000	0.990000	0.000000	0.000000	9.522847	0.622903
35000	0.990000	0.000000	0.000000	9.649630	0.619973
40000	0.990000	0.000000	0.000000	9.733896	0.618044
45000	0.990000	0.000000	0.000000	9.790213	0.616762
50000	0.990000	0.000000	0.000000	9.827985	0.615906
55000	0.990000	0.000000	0.000000	9.853381	0.615332
60000	0.990000	0.000000	0.000000	9.870482	0.614946
65000	0.990000	0.000000	0.000000	9.882009	0.614686
70000	0.990000	0.000000	0.000000	9.889786	0.614511
75000	0.990000	0.000000	0.000000	9.895034	0.614393
80000	0.990000	0.000000	0.000000	9.898577	0.614313
85000	0.990000	0.000000	0.000000	9.900970	0.614259
90000	0.990000	0.000000	0.000000	9.902586	0.614223
95000	0.990000	0.000000	0.000000	9.903677	0.614198
100000	0.990000	0.000000	0.000000	9.904414	0.614182

var1: 0.002500	 var2: 0.300000
gen	A2		B2		diseq		zbar		sexrat
0	0.990000	0.000000			3.000000	
5000	0.990000	0.000000	0.000000	6.431652	0.705979
10000	0.990000	0.000000	0.000000	7.803789	0.666102
15000	0.990000	0.000000	0.000000	8.568511	0.646048
20000	0.990000	0.000000	0.000000	9.034461	0.634501
25000	0.990000	0.000000	0.000000	9.330453	0.627412
30000	0.990000	0.000000	0.000000	9.522847	0.622903
35000	0.990000	0.000000	0.000000	9.649630	0.619973
40000	0.990000	0.000000	0.000000	9.733896	0.618044
45000	0.990000	0.000000	0.000000	9.790213	0.616762
50000	0.990000	0.000000	0.000000	9.827985	0.615906
55000	0.990000	0.000000	0.000000	9.853381	0.615332
60000	0.990000	0.000000	0.000000	9.870482	0.614946
65000	0.990000	0.000000	0.000000	9.882009	0.614686
70000	0.990000	0.000000	0.000000	9.889786	0.614511
75000	0.990000	0.000000	0.000000	9.895034	0.614393
80000	0.990000	0.000000	0.000000	9.898577	0.614313
85000	0.990000	0.000000	0.000000	9.900970	0.614259
90000	0.990000	0.000000	0.000000	9.902586	0.614223
95000	0.990000	0.000000	0.000000	9.903677	0.614198
100000	0.990000	0.000000	0.000000	9.904414	0.614182

var1: 0.002500	 var2: 0.400000
gen	A2		B2		diseq		zbar		sexrat
0	0.990000	0.000000			3.000000	
5000	0.990000	0.000000	0.000000	6.431652	0.705979
10000	0.990000	0.000000	0.000000	7.803789	0.666102
15000	0.990000	0.000000	0.000000	8.568511	0.646048
20000	0.990000	0.000000	0.000000	9.034461	0.634501
25000	0.990000	0.000000	0.000000	9.330453	0.627412
30000	0.990000	0.000000	0.000000	9.522847	0.622903
35000	0.990000	0.000000	0.000000	9.649630	0.619973
40000	0.990000	0.000000	0.000000	9.733896	0.618044
45000	0.990000	0.000000	0.000000	9.790213	0.616762
50000	0.990000	0.000000	0.000000	9.827985	0.615906
55000	0.990000	0.000000	0.000000	9.853381	0.615332
60000	0.990000	0.000000	0.000000	9.870482	0.614946
65000	0.990000	0.000000	0.000000	9.882009	0.614686
70000	0.990000	0.000000	0.000000	9.889786	0.614511
75000	0.990000	0.000000	0.000000	9.895034	0.614393
80000	0.990000	0.000000	0.000000	9.898577	0.614313
85000	0.990000	0.000000	0.000000	9.900970	0.614259
90000	0.990000	0.000000	0.000000	9.902586	0.614223
95000	0.990000	0.000000	0.000000	9.903677	0.614198
100000	0.990000	0.000000	0.000000	9.904414	0.614182

var1: 0.002500	 var2: 0.500000
gen	A2		B2		diseq		zbar		sexrat
0	0.990000	0.000000			3.000000	
5000	0.990000	0.000000	0.000000	6.431652	0.705979
10000	0.990000	0.000000	0.000000	7.803789	0.666102
15000	0.990000	0.000000	0.000000	8.568511	0.646048
20000	0.990000	0.000000	0.000000	9.034461	0.634501
25000	0.990000	0.000000	0.000000	9.330453	0.627412
30000	0.990000	0.000000	0.000000	9.522847	0.622903
35000	0.990000	0.000000	0.000000	9.649630	0.619973
40000	0.990000	0.000000	0.000000	9.733896	0.618044
45000	0.990000	0.000000	0.000000	9.790213	0.616762
50000	0.990000	0.000000	0.000000	9.827985	0.615906
55000	0.990000	0.000000	0.000000	9.853381	0.615332
60000	0.990000	0.000000	0.000000	9.870482	0.614946
65000	0.990000	0.000000	0.000000	9.882009	0.614686
70000	0.990000	0.000000	0.000000	9.889786	0.614511
75000	0.990000	0.000000	0.000000	9.895034	0.614393
80000	0.990000	0.000000	0.000000	9.898577	0.614313
85000	0.990000	0.000000	0.000000	9.900970	0.614259
90000	0.990000	0.000000	0.000000	9.902586	0.614223
95000	0.990000	0.000000	0.000000	9.903677	0.614198
100000	0.990000	0.000000	0.000000	9.904414	0.614182

var1: 0.002500	 var2: 0.600000
gen	A2		B2		diseq		zbar		sexrat
0	0.990000	0.000000			3.000000	
5000	0.990000	0.000000	0.000000	6.431652	0.705979
10000	0.990000	0.000000	0.000000	7.803789	0.666102
15000	0.990000	0.000000	0.000000	8.568511	0.646048
20000	0.990000	0.000000	0.000000	9.034461	0.634501
25000	0.990000	0.000000	0.000000	9.330453	0.627412
30000	0.990000	0.000000	0.000000	9.522847	0.622903
35000	0.990000	0.000000	0.000000	9.649630	0.619973
40000	0.990000	0.000000	0.000000	9.733896	0.618044
45000	0.990000	0.000000	0.000000	9.790213	0.616762
50000	0.990000	0.000000	0.000000	9.827985	0.615906
55000	0.990000	0.000000	0.000000	9.853381	0.615332
60000	0.990000	0.000000	0.000000	9.870482	0.614946
65000	0.990000	0.000000	0.000000	9.882009	0.614686
70000	0.990000	0.000000	0.000000	9.889786	0.614511
75000	0.990000	0.000000	0.000000	9.895034	0.614393
80000	0.990000	0.000000	0.000000	9.898577	0.614313
85000	0.990000	0.000000	0.000000	9.900970	0.614259
90000	0.990000	0.000000	0.000000	9.902586	0.614223
95000	0.990000	0.000000	0.000000	9.903677	0.614198
100000	0.990000	0.000000	0.000000	9.904414	0.614182

var1: 0.002500	 var2: 0.700000
gen	A2		B2		diseq		zbar		sexrat
0	0.990000	0.000000			3.000000	
5000	0.990000	0.000000	0.000000	6.431652	0.705979
10000	0.990000	0.000000	0.000000	7.803789	0.666102
15000	0.990000	0.000000	0.000000	8.568511	0.646048
20000	0.990000	0.000000	0.000000	9.034461	0.634501
25000	0.990000	0.000000	0.000000	9.330453	0.627412
30000	0.990000	0.000000	0.000000	9.522847	0.622903
35000	0.990000	0.000000	0.000000	9.649630	0.619973
40000	0.990000	0.000000	0.000000	9.733896	0.618044
45000	0.990000	0.000000	0.000000	9.790213	0.616762
50000	0.990000	0.000000	0.000000	9.827985	0.615906
55000	0.990000	0.000000	0.000000	9.853381	0.615332
60000	0.990000	0.000000	0.000000	9.870482	0.614946
65000	0.990000	0.000000	0.000000	9.882009	0.614686
70000	0.990000	0.000000	0.000000	9.889786	0.614511
75000	0.990000	0.000000	0.000000	9.895034	0.614393
80000	0.990000	0.000000	0.000000	9.898577	0.614313
85000	0.990000	0.000000	0.000000	9.900970	0.614259
90000	0.990000	0.000000	0.000000	9.902586	0.614223
95000	0.990000	0.000000	0.000000	9.903677	0.614198
100000	0.990000	0.000000	0.000000	9.904414	0.614182

var1: 0.002500	 var2: 0.800000
gen	A2		B2		diseq		zbar		sexrat
0	0.990000	0.000000			3.000000	
5000	0.990000	0.000000	0.000000	6.431652	0.705979
10000	0.990000	0.000000	0.000000	7.803789	0.666102
15000	0.990000	0.000000	0.000000	8.568511	0.646048
20000	0.990000	0.000000	0.000000	9.034461	0.634501
25000	0.990000	0.000000	0.000000	9.330453	0.627412
30000	0.990000	0.000000	0.000000	9.522847	0.622903
35000	0.990000	0.000000	0.000000	9.649630	0.619973
40000	0.990000	0.000000	0.000000	9.733896	0.618044
45000	0.990000	0.000000	0.000000	9.790213	0.616762
50000	0.990000	0.000000	0.000000	9.827985	0.615906
55000	0.990000	0.000000	0.000000	9.853381	0.615332
60000	0.990000	0.000000	0.000000	9.870482	0.614946
65000	0.990000	0.000000	0.000000	9.882009	0.614686
70000	0.990000	0.000000	0.000000	9.889786	0.614511
75000	0.990000	0.000000	0.000000	9.895034	0.614393
80000	0.990000	0.000000	0.000000	9.898577	0.614313
85000	0.990000	0.000000	0.000000	9.900970	0.614259
90000	0.990000	0.000000	0.000000	9.902586	0.614223
95000	0.990000	0.000000	0.000000	9.903677	0.614198
100000	0.990000	0.000000	0.000000	9.904414	0.614182

var1: 0.002500	 var2: 0.900000
gen	A2		B2		diseq		zbar		sexrat
0	0.990000	0.000000			3.000000	
5000	0.990000	0.000000	0.000000	6.431652	0.705979
10000	0.990000	0.000000	0.000000	7.803789	0.666102
15000	0.990000	0.000000	0.000000	8.568511	0.646048
20000	0.990000	0.000000	0.000000	9.034461	0.634501
25000	0.990000	0.000000	0.000000	9.330453	0.627412
30000	0.990000	0.000000	0.000000	9.522847	0.622903
35000	0.990000	0.000000	0.000000	9.649630	0.619973
40000	0.990000	0.000000	0.000000	9.733896	0.618044
45000	0.990000	0.000000	0.000000	9.790213	0.616762
50000	0.990000	0.000000	0.000000	9.827985	0.615906
55000	0.990000	0.000000	0.000000	9.853381	0.615332
60000	0.990000	0.000000	0.000000	9.870482	0.614946
65000	0.990000	0.000000	0.000000	9.882009	0.614686
70000	0.990000	0.000000	0.000000	9.889786	0.614511
75000	0.990000	0.000000	0.000000	9.895034	0.614393
80000	0.990000	0.000000	0.000000	9.898577	0.614313
85000	0.990000	0.000000	0.000000	9.900970	0.614259
90000	0.990000	0.000000	0.000000	9.902586	0.614223
95000	0.990000	0.000000	0.000000	9.903677	0.614198
100000	0.990000	0.000000	0.000000	9.904414	0.614182

var1: 0.002500	 var2: 1.000000
gen	A2		B2		diseq		zbar		sexrat
0	0.990000	0.000000			3.000000	
5000	0.990000	0.000000	0.000000	6.431652	0.705979
10000	0.990000	0.000000	0.000000	7.803789	0.666102
15000	0.990000	0.000000	0.000000	8.568511	0.646048
20000	0.990000	0.000000	0.000000	9.034461	0.634501
25000	0.990000	0.000000	0.000000	9.330453	0.627412
30000	0.990000	0.000000	0.000000	9.522847	0.622903
35000	0.990000	0.000000	0.000000	9.649630	0.619973
40000	0.990000	0.000000	0.000000	9.733896	0.618044
45000	0.990000	0.000000	0.000000	9.790213	0.616762
50000	0.990000	0.000000	0.000000	9.827985	0.615906
55000	0.990000	0.000000	0.000000	9.853381	0.615332
60000	0.990000	0.000000	0.000000	9.870482	0.614946
65000	0.990000	0.000000	0.000000	9.882009	0.614686
70000	0.990000	0.000000	0.000000	9.889786	0.614511
75000	0.990000	0.000000	0.000000	9.895034	0.614393
80000	0.990000	0.000000	0.000000	9.898577	0.614313
85000	0.990000	0.000000	0.000000	9.900970	0.614259
90000	0.990000	0.000000	0.000000	9.902586	0.614223
95000	0.990000	0.000000	0.000000	9.903677	0.614198
100000	0.990000	0.000000	0.000000	9.904414	0.614182

var1: 0.002500	 var2: 1.100000
gen	A2		B2		diseq		zbar		sexrat
0	0.990000	0.000000			3.000000	
5000	0.990000	0.000000	0.000000	6.431652	0.705979
10000	0.990000	0.000000	0.000000	7.803789	0.666102
15000	0.990000	0.000000	0.000000	8.568511	0.646048
20000	0.990000	0.000000	0.000000	9.034461	0.634501
25000	0.990000	0.000000	0.000000	9.330453	0.627412
30000	0.990000	0.000000	0.000000	9.522847	0.622903
35000	0.990000	0.000000	0.000000	9.649630	0.619973
40000	0.990000	0.000000	0.000000	9.733896	0.618044
45000	0.990000	0.000000	0.000000	9.790213	0.616762
50000	0.990000	0.000000	0.000000	9.827985	0.615906
55000	0.990000	0.000000	0.000000	9.853381	0.615332
60000	0.990000	0.000000	0.000000	9.870482	0.614946
65000	0.990000	0.000000	0.000000	9.882009	0.614686
70000	0.990000	0.000000	0.000000	9.889786	0.614511
75000	0.990000	0.000000	0.000000	9.895034	0.614393
80000	0.990000	0.000000	0.000000	9.898577	0.614313
85000	0.990000	0.000000	0.000000	9.900970	0.614259
90000	0.990000	0.000000	0.000000	9.902586	0.614223
95000	0.990000	0.000000	0.000000	9.903677	0.614198
100000	0.990000	0.000000	0.000000	9.904414	0.614182

var1: 0.002500	 var2: 1.200000
gen	A2		B2		diseq		zbar		sexrat
0	0.990000	0.000000			3.000000	
5000	0.990000	0.000000	0.000000	6.431652	0.705979
10000	0.990000	0.000000	0.000000	7.803789	0.666102
15000	0.990000	0.000000	0.000000	8.568511	0.646048
20000	0.990000	0.000000	0.000000	9.034461	0.634501
25000	0.990000	0.000000	0.000000	9.330453	0.627412
30000	0.990000	0.000000	0.000000	9.522847	0.622903
35000	0.990000	0.000000	0.000000	9.649630	0.619973
40000	0.990000	0.000000	0.000000	9.733896	0.618044
45000	0.990000	0.000000	0.000000	9.790213	0.616762
50000	0.990000	0.000000	0.000000	9.827985	0.615906
55000	0.990000	0.000000	0.000000	9.853381	0.615332
60000	0.990000	0.000000	0.000000	9.870482	0.614946
65000	0.990000	0.000000	0.000000	9.882009	0.614686
70000	0.990000	0.000000	0.000000	9.889786	0.614511
75000	0.990000	0.000000	0.000000	9.895034	0.614393
80000	0.990000	0.000000	0.000000	9.898577	0.614313
85000	0.990000	0.000000	0.000000	9.900970	0.614259
90000	0.990000	0.000000	0.000000	9.902586	0.614223
95000	0.990000	0.000000	0.000000	9.903677	0.614198
100000	0.990000	0.000000	0.000000	9.904414	0.614182

var1: 0.002500	 var2: 1.300000
gen	A2		B2		diseq		zbar		sexrat
0	0.990000	0.000000			3.000000	
5000	0.990000	0.000000	0.000000	6.431652	0.705979
10000	0.990000	0.000000	0.000000	7.803789	0.666102
15000	0.990000	0.000000	0.000000	8.568511	0.646048
20000	0.990000	0.000000	0.000000	9.034461	0.634501
25000	0.990000	0.000000	0.000000	9.330453	0.627412
30000	0.990000	0.000000	0.000000	9.522847	0.622903
35000	0.990000	0.000000	0.000000	9.649630	0.619973
40000	0.990000	0.000000	0.000000	9.733896	0.618044
45000	0.990000	0.000000	0.000000	9.790213	0.616762
50000	0.990000	0.000000	0.000000	9.827985	0.615906
55000	0.990000	0.000000	0.000000	9.853381	0.615332
60000	0.990000	0.000000	0.000000	9.870482	0.614946
65000	0.990000	0.000000	0.000000	9.882009	0.614686
70000	0.990000	0.000000	0.000000	9.889786	0.614511
75000	0.990000	0.000000	0.000000	9.895034	0.614393
80000	0.990000	0.000000	0.000000	9.898577	0.614313
85000	0.990000	0.000000	0.000000	9.900970	0.614259
90000	0.990000	0.000000	0.000000	9.902586	0.614223
95000	0.990000	0.000000	0.000000	9.903677	0.614198
100000	0.990000	0.000000	0.000000	9.904414	0.614182

var1: 0.002500	 var2: 1.400000
gen	A2		B2		diseq		zbar		sexrat
0	0.990000	0.000000			3.000000	
5000	0.990000	0.000000	0.000000	6.431652	0.705979
10000	0.990000	0.000000	0.000000	7.803789	0.666102
15000	0.990000	0.000000	0.000000	8.568511	0.646048
20000	0.990000	0.000000	0.000000	9.034461	0.634501
25000	0.990000	0.000000	0.000000	9.330453	0.627412
30000	0.990000	0.000000	0.000000	9.522847	0.622903
35000	0.990000	0.000000	0.000000	9.649630	0.619973
40000	0.990000	0.000000	0.000000	9.733896	0.618044
45000	0.990000	0.000000	0.000000	9.790213	0.616762
50000	0.990000	0.000000	0.000000	9.827985	0.615906
55000	0.990000	0.000000	0.000000	9.853381	0.615332
60000	0.990000	0.000000	0.000000	9.870482	0.614946
65000	0.990000	0.000000	0.000000	9.882009	0.614686
70000	0.990000	0.000000	0.000000	9.889786	0.614511
75000	0.990000	0.000000	0.000000	9.895034	0.614393
80000	0.990000	0.000000	0.000000	9.898577	0.614313
85000	0.990000	0.000000	0.000000	9.900970	0.614259
90000	0.990000	0.000000	0.000000	9.902586	0.614223
95000	0.990000	0.000000	0.000000	9.903677	0.614198
100000	0.990000	0.000000	0.000000	9.904414	0.614182

var1: 0.002500	 var2: 1.500000
gen	A2		B2		diseq		zbar		sexrat
0	0.990000	0.000000			3.000000	
5000	0.990000	0.000000	0.000000	6.431652	0.705979
10000	0.990000	0.000000	0.000000	7.803789	0.666102
15000	0.990000	0.000000	0.000000	8.568511	0.646048
20000	0.990000	0.000000	0.000000	9.034461	0.634501
25000	0.990000	0.000000	0.000000	9.330453	0.627412
30000	0.990000	0.000000	0.000000	9.522847	0.622903
35000	0.990000	0.000000	0.000000	9.649630	0.619973
40000	0.990000	0.000000	0.000000	9.733896	0.618044
45000	0.990000	0.000000	0.000000	9.790213	0.616762
50000	0.990000	0.000000	0.000000	9.827985	0.615906
55000	0.990000	0.000000	0.000000	9.853381	0.615332
60000	0.990000	0.000000	0.000000	9.870482	0.614946
65000	0.990000	0.000000	0.000000	9.882009	0.614686
70000	0.990000	0.000000	0.000000	9.889786	0.614511
75000	0.990000	0.000000	0.000000	9.895034	0.614393
80000	0.990000	0.000000	0.000000	9.898577	0.614313
85000	0.990000	0.000000	0.000000	9.900970	0.614259
90000	0.990000	0.000000	0.000000	9.902586	0.614223
95000	0.990000	0.000000	0.000000	9.903677	0.614198
100000	0.990000	0.000000	0.000000	9.904414	0.614182

var1: 0.002500	 var2: 1.600000
gen	A2		B2		diseq		zbar		sexrat
0	0.990000	0.000000			3.000000	
5000	0.990000	0.000000	0.000000	6.431652	0.705979
10000	0.990000	0.000000	0.000000	7.803789	0.666102
15000	0.990000	0.000000	0.000000	8.568511	0.646048
20000	0.990000	0.000000	0.000000	9.034461	0.634501
25000	0.990000	0.000000	0.000000	9.330453	0.627412
30000	0.990000	0.000000	0.000000	9.522847	0.622903
35000	0.990000	0.000000	0.000000	9.649630	0.619973
40000	0.990000	0.000000	0.000000	9.733896	0.618044
45000	0.990000	0.000000	0.000000	9.790213	0.616762
50000	0.990000	0.000000	0.000000	9.827985	0.615906
55000	0.990000	0.000000	0.000000	9.853381	0.615332
60000	0.990000	0.000000	0.000000	9.870482	0.614946
65000	0.990000	0.000000	0.000000	9.882009	0.614686
70000	0.990000	0.000000	0.000000	9.889786	0.614511
75000	0.990000	0.000000	0.000000	9.895034	0.614393
80000	0.990000	0.000000	0.000000	9.898577	0.614313
85000	0.990000	0.000000	0.000000	9.900970	0.614259
90000	0.990000	0.000000	0.000000	9.902586	0.614223
95000	0.990000	0.000000	0.000000	9.903677	0.614198
100000	0.990000	0.000000	0.000000	9.904414	0.614182

var1: 0.002500	 var2: 1.700000
gen	A2		B2		diseq		zbar		sexrat
0	0.990000	0.000000			3.000000	
5000	0.990000	0.000000	0.000000	6.431652