
########################### Run 1 ######################
var1: 0.000000	 var2: 0.000000
gen	A2		B2		diseq		zbar		sexrat
0	0.990000	0.000000			3.336000	
600	0.990000	0.000000	0.000000	3.336000	1.000000
1200	0.990000	0.000000	0.000000	3.336000	1.000000
1800	0.990000	0.000000	0.000000	3.336000	1.000000
2400	0.990000	0.000000	0.000000	3.336000	1.000000
3000	0.990000	0.000000	0.000000	3.336000	1.000000

var1: 0.000000	 var2: 0.050000
gen	A2		B2		diseq		zbar		sexrat
0	0.990000	0.000000			3.336000	
600	0.990000	0.000000	0.000000	3.336000	0.867624
1200	0.990000	0.000000	0.000000	3.336000	0.867624
1800	0.990000	0.000000	0.000000	3.336000	0.867624
2400	0.990000	0.000000	0.000000	3.336000	0.867624
3000	0.990000	0.000000	0.000000	3.336000	0.867624

var1: 0.000000	 var2: 0.100000
gen	A2		B2		diseq		zbar		sexrat
0	0.990000	0.000000			3.336000	
600	0.990000	0.000000	0.000000	3.336000	0.781208
1200	0.990000	0.000000	0.000000	3.336000	0.781208
1800	0.990000	0.000000	0.000000	3.336000	0.781208
2400	0.990000	0.000000	0.000000	3.336000	0.781208
3000	0.990000	0.000000	0.000000	3.336000	0.781208

var1: 0.000000	 var2: 0.150000
gen	A2		B2		diseq		zbar		sexrat
0	0.990000	0.000000			3.336000	
600	0.990000	0.000000	0.000000	3.336000	0.721057
1200	0.990000	0.000000	0.000000	3.336000	0.721057
1800	0.990000	0.000000	0.000000	3.336000	0.721057
2400	0.990000	0.000000	0.000000	3.336000	0.721057
3000	0.990000	0.000000	0.000000	3.336000	0.721057

var1: 0.000000	 var2: 0.200000
gen	A2		B2		diseq		zbar		sexrat
0	0.990000	0.000000			3.336000	
600	0.990000	0.000000	0.000000	3.336000	0.677282
1200	0.990000	0.000000	0.000000	3.336000	0.677282
1800	0.990000	0.000000	0.000000	3.336000	0.677282
2400	0.990000	0.000000	0.000000	3.336000	0.677282
3000	0.990000	0.000000	0.000000	3.336000	0.677282

var1: 0.000000	 var2: 0.250000
gen	A2		B2		diseq		zbar		sexrat
0	0.990000	0.000000			3.336000	
600	0.990000	0.000000	0.000000	3.336000	0.644369
1200	0.990000	0.000000	0.000000	3.336000	0.644369
1800	0.990000	0.000000	0.000000	3.336000	0.644369
2400	0.990000	0.000000	0.000000	3.336000	0.644369
3000	0.990000	0.000000	0.000000	3.336000	0.644369

var1: 0.050000	 var2: 0.000000
gen	A2		B2		diseq		zbar		sexrat
0	0.990000	0.000000			3.336000	
600	0.990000	0.000000	0.000000	3.336000	1.152573
1200	0.990000	0.000000	0.000000	3.336000	1.152573
1800	0.990000	0.000000	0.000000	3.336000	1.152573
2400	0.990000	0.000000	0.000000	3.336000	1.152573
3000	0.990000	0.000000	0.000000	3.336000	1.152573

var1: 0.050000	 var2: 0.050000
gen	A2		B2		diseq		zbar		sexrat
0	0.990000	0.000000			3.336000	
600	0.990000	0.000000	0.000000	3.336000	1.000000
1200	0.990000	0.000000	0.000000	3.336000	1.000000
1800	0.990000	0.000000	0.000000	3.336000	1.000000
2400	0.990000	0.000000	0.000000	3.336000	1.000000
3000	0.990000	0.000000	0.000000	3.336000	1.000000

var1: 0.050000	 var2: 0.100000
gen	A2		B2		diseq		zbar		sexrat
0	0.990000	0.000000			3.336000	
600	0.990000	0.000000	0.000000	3.336000	0.886921
1200	0.990000	0.000000	0.000000	3.336000	0.886921
1800	0.990000	0.000000	0.000000	3.336000	0.886921
2400	0.990000	0.000000	0.000000	3.336000	0.886921
3000	0.990000	0.000000	0.000000	3.336000	0.886921

var1: 0.050000	 var2: 0.150000
gen	A2		B2		diseq		zbar		sexrat
0	0.990000	0.000000			3.336000	
600	0.990000	0.000000	0.000000	3.336000	0.810189
1200	0.990000	0.000000	0.000000	3.336000	0.810189
1800	0.990000	0.000000	0.000000	3.336000	0.810189
2400	0.990000	0.000000	0.000000	3.336000	0.810189
3000	0.990000	0.000000	0.000000	3.336000	0.810189

var1: 0.050000	 var2: 0.200000
gen	A2		B2		diseq		zbar		sexrat
0	0.990000	0.000000			3.336000	
600	0.990000	0.000000	0.000000	3.336000	0.755334
1200	0.990000	0.000000	0.000000	3.336000	0.755334
1800	0.990000	0.000000	0.000000	3.336000	0.755334
2400	0.990000	0.000000	0.000000	3.336000	0.755334
3000	0.990000	0.000000	0.000000	3.336000	0.755334

var1: 0.050000	 var2: 0.250000
gen	A2		B2		diseq		zbar		sexrat
0	0.990000	0.000000			3.336000	
600	0.990000	0.000000	0.000000	3.336000	0.714626
1200	0.990000	0.000000	0.000000	3.336000	0.714626
1800	0.990000	0.000000	0.000000	3.336000	0.714626
2400	0.990000	0.000000	0.000000	3.336000	0.714626
3000	0.990000	0.000000	0.000000	3.336000	0.714626

var1: 0.100000	 var2: 0.000000
gen	A2		B2		diseq		zbar		sexrat
0	0.990000	0.000000			3.336000	
600	0.990000	0.000000	0.000000	3.336000	1.280069
1200	0.990000	0.000000	0.000000	3.336000	1.280069
1800	0.990000	0.000000	0.000000	3.336000	1.280069
2400	0.990000	0.000000	0.000000	3.336000	1.280069
3000	0.990000	0.000000	0.000000	3.336000	1.280069

var1: 0.100000	 var2: 0.050000
gen	A2		B2		diseq		zbar		sexrat
0	0.990000	0.000000			3.336000	
600	0.990000	0.000000	0.000000	3.336000	1.127497
1200	0.990000	0.000000	0.000000	3.336000	1.127497
1800	0.990000	0.000000	0.000000	3.336000	1.127497
2400	0.990000	0.000000	0.000000	3.336000	1.127497
3000	0.990000	0.000000	0.000000	3.336000	1.127497

var1: 0.100000	 var2: 0.100000
gen	A2		B2		diseq		zbar		sexrat
0	0.990000	0.000000			3.336000	
600	0.990000	0.000000	0.000000	3.336000	1.000000
1200	0.990000	0.000000	0.000000	3.336000	1.000000
1800	0.990000	0.000000	0.000000	3.336000	1.000000
2400	0.990000	0.000000	0.000000	3.336000	1.000000
3000	0.990000	0.000000	0.000000	3.336000	1.000000

var1: 0.100000	 var2: 0.150000
gen	A2		B2		diseq		zbar		sexrat
0	0.990000	0.000000			3.336000	
600	0.990000	0.000000	0.000000	3.336000	0.903519
1200	0.990000	0.000000	0.000000	3.336000	0.903519
1800	0.990000	0.000000	0.000000	3.336000	0.903519
2400	0.990000	0.000000	0.000000	3.336000	0.903519
3000	0.990000	0.000000	0.000000	3.336000	0.903519

var1: 0.100000	 var2: 0.200000
gen	A2		B2		diseq		zbar		sexrat
0	0.990000	0.000000			3.336000	
600	0.990000	0.000000	0.000000	3.336000	0.835826
1200	0.990000	0.000000	0.000000	3.336000	0.835826
1800	0.990000	0.000000	0.000000	3.336000	0.835826
2400	0.990000	0.000000	0.000000	3.336000	0.835826
3000	0.990000	0.000000	0.000000	3.336000	0.835826

var1: 0.100000	 var2: 0.250000
gen	A2		B2		diseq		zbar		sexrat
0	0.990000	0.000000			3.336000	
600	0.990000	0.000000	0.000000	3.336000	0.786265
1200	0.990000	0.000000	0.000000	3.336000	0.786265
1800	0.990000	0.000000	0.000000	3.336000	0.786265
2400	0.990000	0.000000	0.000000	3.336000	0.786265
3000	0.990000	0.000000	0.000000	3.336000	0.786265

var1: 0.150000	 var2: 0.000000
gen	A2		B2		diseq		zbar		sexrat
0	0.990000	0.000000			3.336000	
600	0.990000	0.000000	0.000000	3.336000	1.386853
1200	0.990000	0.000000	0.000000	3.336000	1.386853
1800	0.990000	0.000000	0.000000	3.336000	1.386853
2400	0.990000	0.000000	0.000000	3.336000	1.386853
3000	0.990000	0.000000	0.000000	3.336000	1.386853

var1: 0.150000	 var2: 0.050000
gen	A2		B2		diseq		zbar		sexrat
0	0.990000	0.000000			3.336000	
600	0.990000	0.000000	0.000000	3.336000	1.234280
1200	0.990000	0.000000	0.000000	3.336000	1.234280
1800	0.990000	0.000000	0.000000	3.336000	1.234280
2400	0.990000	0.000000	0.000000	3.336000	1.234280
3000	0.990000	0.000000	0.000000	3.336000	1.234280

var1: 0.150000	 var2: 0.100000
gen	A2		B2		diseq		zbar		sexrat
0	0.990000	0.000000			3.336000	
600	0.990000	0.000000	0.000000	3.336000	1.106784
1200	0.990000	0.000000	0.000000	3.336000	1.106784
1800	0.990000	0.000000	0.000000	3.336000	1.106784
2400	0.990000	0.000000	0.000000	3.336000	1.106784
3000	0.990000	0.000000	0.000000	3.336000	1.106784

var1: 0.150000	 var2: 0.150000
gen	A2		B2		diseq		zbar		sexrat
0	0.990000	0.000000			3.336000	
600	0.990000	0.000000	0.000000	3.336000	1.000000
1200	0.990000	0.000000	0.000000	3.336000	1.000000
1800	0.990000	0.000000	0.000000	3.336000	1.000000
2400	0.990000	0.000000	0.000000	3.336000	1.000000
3000	0.990000	0.000000	0.000000	3.336000	1.000000

var1: 0.150000	 var2: 0.200000
gen	A2		B2		diseq		zbar		sexrat
0	0.990000	0.000000			3.336000	
600	0.990000	0.000000	0.000000	3.336000	0.917736
1200	0.990000	0.000000	0.000000	3.336000	0.917736
1800	0.990000	0.000000	0.000000	3.336000	0.917736
2400	0.990000	0.000000	0.000000	3.336000	0.917736
3000	0.990000	0.000000	0.000000	3.336000	0.917736

var1: 0.150000	 var2: 0.250000
gen	A2		B2		diseq		zbar		sexrat
0	0.990000	0.000000			3.336000	
600	0.990000	0.000000	0.000000	3.336000	0.858331
1200	0.990000	0.000000	0.000000	3.336000	0.858331
1800	0.990000	0.000000	0.000000	3.336000	0.858331
2400	0.990000	0.000000	0.000000	3.336000	0.858331
3000	0.990000	0.000000	0.000000	3.336000	0.858331

var1: 0.200000	 var2: 0.000000
gen	A2		B2		diseq		zbar		sexrat
0	0.990000	0.000000			3.336000	
600	0.990000	0.000000	0.000000	3.336000	1.476490
1200	0.990000	0.000000	0.000000	3.336000	1.476490
1800	0.990000	0.000000	0.000000	3.336000	1.476490
2400	0.990000	0.000000	0.000000	3.336000	1.476490
3000	0.990000	0.000000	0.000000	3.336000	1.476490

var1: 0.200000	 var2: 0.050000
gen	A2		B2		diseq		zbar		sexrat
0	0.990000	0.000000			3.336000	
600	0.990000	0.000000	0.000000	3.336000	1.323918
1200	0.990000	0.000000	0.000000	3.336000	1.323918
1800	0.990000	0.000000	0.000000	3.336000	1.323918
2400	0.990000	0.000000	0.000000	3.336000	1.323918
3000	0.990000	0.000000	0.000000	3.336000	1.323918

var1: 0.200000	 var2: 0.100000
gen	A2		B2		diseq		zbar		sexrat
0	0.990000	0.000000			3.336000	
600	0.990000	0.000000	0.000000	3.336000	1.196421
1200	0.990000	0.000000	0.000000	3.336000	1.196421
1800	0.990000	0.000000	0.000000	3.336000	1.196421
2400	0.990000	0.000000	0.000000	3.336000	1.196421
3000	0.990000	0.000000	0.000000	3.336000	1.196421

var1: 0.200000	 var2: 0.150000
gen	A2		B2		diseq		zbar		sexrat
0	0.990000	0.000000			3.336000	
600	0.990000	0.000000	0.000000	3.336000	1.089638
1200	0.990000	0.000000	0.000000	3.336000	1.089638
1800	0.990000	0.000000	0.000000	3.336000	1.089638
2400	0.990000	0.000000	0.000000	3.336000	1.089638
3000	0.990000	0.000000	0.000000	3.336000	1.089638

var1: 0.200000	 var2: 0.200000
gen	A2		B2		diseq		zbar		sexrat
0	0.990000	0.000000			3.336000	
600	0.990000	0.000000	0.000000	3.336000	1.000000
1200	0.990000	0.000000	0.000000	3.336000	1.000000
1800	0.990000	0.000000	0.000000	3.336000	1.000000
2400	0.990000	0.000000	0.000000	3.336000	1.000000
3000	0.990000	0.000000	0.000000	3.336000	1.000000

var1: 0.200000	 var2: 0.250000
gen	A2		B2		diseq		zbar		sexrat
0	0.990000	0.000000			3.336000	
600	0.990000	0.000000	0.000000	3.336000	0.929874
1200	0.990000	0.000000	0.000000	3.336000	0.929874
1800	0.990000	0.000000	0.000000	3.336000	0.929874
2400	0.990000	0.000000	0.000000	3.336000	0.929874
3000	0.990000	0.000000	0.000000	3.336000	0.929874

var1: 0.250000	 var2: 0.000000
gen	A2		B2		diseq		zbar		sexrat
0	0.990000	0.000000			3.336000	
600	0.990000	0.000000	0.000000	3.336000	1.551905
1200	0.990000	0.000000	0.000000	3.336000	1.551905
1800	0.990000	0.000000	0.000000	3.336000	1.551905
2400	0.990000	0.000000	0.000000	3.336000	1.551905
3000	0.990000	0.000000	0.000000	3.336000	1.551905

var1: 0.250000	 var2: 0.050000
gen	A2		B2		diseq		zbar		sexrat
0	0.990000	0.000000			3.336000	
600	0.990000	0.000000	0.000000	3.336000	1.399332
1200	0.990000	0.000000	0.000000	3.336000	1.399332
1800	0.990000	0.000000	0.000000	3.336000	1.399332
2400	0.990000	0.000000	0.000000	3.336000	1.399332
3000	0.990000	0.000000	0.000000	3.336000	1.399332

var1: 0.250000	 var2: 0.100000
gen	A2		B2		diseq		zbar		sexrat
0	0.990000	0.000000			3.336000	
600	0.990000	0.000000	0.000000	3.336000	1.271836
1200	0.990000	0.000000	0.000000	3.336000	1.271836
1800	0.990000	0.000000	0.000000	3.336000	1.271836
2400	0.990000	0.000000	0.000000	3.336000	1.271836
3000	0.990000	0.000000	0.000000	3.336000	1.271836

var1: 0.250000	 var2: 0.150000
gen	A2		B2		diseq		zbar		sexrat
0	0.990000	0.000000			3.336000	
600	0.990000	0.000000	0.000000	3.336000	1.165052
1200	0.990000	0.000000	0.000000	3.336000	1.165052
1800	0.990000	0.000000	0.000000	3.336000	1.165052
2400	0.990000	0.000000	0.000000	3.336000	1.165052
3000	0.990000	0.000000	0.000000	3.336000	1.165052

var1: 0.250000	 var2: 0.200000
gen	A2		B2		diseq		zbar		sexrat
0	0.990000	0.000000			3.336000	
600	0.990000	0.000000	0.000000	3.336000	1.075415
1200	0.990000	0.000000	0.000000	3.336000	1.075415
1800	0.990000	0.000000	0.000000	3.336000	1.075415
2400	0.990000	0.000000	0.000000	3.336000	1.075415
3000	0.990000	0.000000	0.000000	3.336000	1.075415

var1: 0.250000	 var2: 0.250000
gen	A2		B2		diseq		zbar		sexrat
0	0.990000	0.000000			3.336000	
600	0.990000	0.000000	0.000000	3.336000	1.000000
1200	0.990000	0.000000	0.000000	3.336000	1.000000
1800	0.990000	0.000000	0.000000	3.336000	1.000000
2400	0.990000	0.000000	0.000000	3.336000	1.000000
3000	0.990000	0.000000	0.000000	3.336000	1.000000


########################### Run 2 ######################
var1: 0.000000	 var2: 0.000000
gen	A2		B2		diseq		zbar		sexrat
0	0.990000	0.100000			3.336000	
600	1.000000	0.999933	0.000000	3.336000	0.990100
1200	1.000000	1.000000	0.000000	3.336000	0.990099
1800	1.000000	1.000000	0.000000	3.336000	0.990099
2400	1.000000	1.000000	0.000000	3.336000	0.990099
3000	1.000000	1.000000	0.000000	3.336000	0.990099

var1: 0.000000	 var2: 0.050000
gen	A2		B2		diseq		zbar		sexrat
0	0.990000	0.100000			3.336000	
600	0.999155	0.271965	0.000006	3.336000	0.848395
1200	0.999997	0.547405	0.000000	3.336000	0.829256
1800	1.000000	0.794278	0.000000	3.336000	0.812419
2400	1.000000	0.924266	0.000000	3.336000	0.803667
3000	1.000000	0.974624	0.000000	3.336000	0.800297

var1: 0.000000	 var2: 0.100000
gen	A2		B2		diseq		zbar		sexrat
0	0.990000	0.100000			3.336000	
600	0.993011	0.002066	0.000000	3.336000	0.781026
1200	0.993059	0.000038	0.000000	3.336000	0.781205
1800	0.993060	0.000001	0.000000	3.336000	0.781208
2400	0.993060	0.000000	0.000000	3.336000	0.781208
3000	0.993060	0.000000	0.000000	3.336000	0.781208

var1: 0.000000	 var2: 0.150000
gen	A2		B2		diseq		zbar		sexrat
0	0.990000	0.100000			3.336000	
600	0.992084	0.000269	0.000000	3.336000	0.721033
1200	0.992089	0.000001	0.000000	3.336000	0.721057
1800	0.992089	0.000000	0.000000	3.336000	0.721057
2400	0.992089	0.000000	0.000000	3.336000	0.721057
3000	0.992089	0.000000	0.000000	3.336000	0.721057

var1: 0.000000	 var2: 0.200000
gen	A2		B2		diseq		zbar		sexrat
0	0.990000	0.100000			3.336000	
600	0.991958	0.000200	0.000000	3.336000	0.677265
1200	0.991961	0.000000	0.000000	3.336000	0.677282
1800	0.991961	0.000000	0.000000	3.336000	0.677282
2400	0.991961	0.000000	0.000000	3.336000	0.677282
3000	0.991961	0.000000	0.000000	3.336000	0.677282

var1: 0.000000	 var2: 0.250000
gen	A2		B2		diseq		zbar		sexrat
0	0.990000	0.100000			3.336000	
600	0.992138	0.000397	0.000000	3.336000	0.644340
1200	0.992146	0.000001	0.000000	3.336000	0.644369
1800	0.992146	0.000000	0.000000	3.336000	0.644369
2400	0.992146	0.000000	0.000000	3.336000	0.644369
3000	0.992146	0.000000	0.000000	3.336000	0.644369

var1: 0.050000	 var2: 0.000000
gen	A2		B2		diseq		zbar		sexrat
0	0.990000	0.100000			3.336000	
600	0.998295	0.999970	0.000000	3.336000	1.234464
1200	0.999793	1.000000	0.000000	3.336000	1.234612
1800	0.999975	1.000000	0.000000	3.336000	1.234629
2400	0.999997	1.000000	0.000000	3.336000	1.234632
3000	1.000000	1.000000	0.000000	3.336000	1.234632

var1: 0.050000	 var2: 0.050000
gen	A2		B2		diseq		zbar		sexrat
0	0.990000	0.100000			3.336000	
600	0.993626	0.292899	0.000039	3.336000	0.997861
1200	0.997811	0.599572	0.000016	3.336000	0.995573
1800	0.999631	0.844621	0.000001	3.336000	0.993705
2400	0.999959	0.951775	0.000000	3.336000	0.992878
3000	0.999996	0.986229	0.000000	3.336000	0.992610

var1: 0.050000	 var2: 0.100000
gen	A2		B2		diseq		zbar		sexrat
0	0.990000	0.100000			3.336000	
600	0.990748	0.001495	0.000000	3.336000	0.886853
1200	0.990757	0.000020	0.000000	3.336000	0.886920
1800	0.990757	0.000000	0.000000	3.336000	0.886921
2400	0.990757	0.000000	0.000000	3.336000	0.886921
3000	0.990757	0.000000	0.000000	3.336000	0.886921

var1: 0.050000	 var2: 0.150000
gen	A2		B2		diseq		zbar		sexrat
0	0.990000	0.100000			3.336000	
600	0.990570	0.000169	0.000000	3.336000	0.810179
1200	0.990571	0.000000	0.000000	3.336000	0.810189
1800	0.990571	0.000000	0.000000	3.336000	0.810189
2400	0.990571	0.000000	0.000000	3.336000	0.810189
3000	0.990571	0.000000	0.000000	3.336000	0.810189

var1: 0.050000	 var2: 0.200000
gen	A2		B2		diseq		zbar		sexrat
0	0.990000	0.100000			3.336000	
600	0.990587	0.000125	0.000000	3.336000	0.755327
1200	0.990588	0.000000	0.000000	3.336000	0.755334
1800	0.990588	0.000000	0.000000	3.336000	0.755334
2400	0.990588	0.000000	0.000000	3.336000	0.755334
3000	0.990588	0.000000	0.000000	3.336000	0.755334

var1: 0.050000	 var2: 0.250000
gen	A2		B2		diseq		zbar		sexrat
0	0.990000	0.100000			3.336000	
600	0.990699	0.000266	0.000000	3.336000	0.714614
1200	0.990701	0.000001	0.000000	3.336000	0.714626
1800	0.990701	0.000000	0.000000	3.336000	0.714626
2400	0.990701	0.000000	0.000000	3.336000	0.714626
3000	0.990701	0.000000	0.000000	3.336000	0.714626

var1: 0.100000	 var2: 0.000000
gen	A2		B2		diseq		zbar		sexrat
0	0.990000	0.100000			3.336000	
600	0.874135	0.999953	0.000000	3.336000	1.398417
1200	0.204625	1.000000	0.000000	3.336000	1.298995
1800	0.008974	1.000000	0.000000	3.336000	1.271324
2400	0.000316	1.000000	0.000000	3.336000	1.270113
3000	0.000011	0.999998	0.000000	3.336000	1.270071

var1: 0.100000	 var2: 0.050000
gen	A2		B2		diseq		zbar		sexrat
0	0.990000	0.100000			3.336000	
600	0.973473	0.516056	0.000175	3.336000	1.151114
1200	0.715279	0.887074	0.000546	3.336000	1.155409
1800	0.085783	0.888423	0.000208	3.336000	1.124105
2400	0.004751	0.720861	0.000026	3.336000	1.121572
3000	0.000562	0.435369	0.000004	3.336000	1.123819

var1: 0.100000	 var2: 0.100000
gen	A2		B2		diseq		zbar		sexrat
0	0.990000	0.100000			3.336000	
600	0.989080	0.001100	0.000000	3.336000	0.999994
1200	0.989070	0.000011	0.000000	3.336000	1.000000
1800	0.989070	0.000000	0.000000	3.336000	1.000000
2400	0.989070	0.000000	0.000000	3.336000	1.000000
3000	0.989070	0.000000	0.000000	3.336000	1.000000

var1: 0.100000	 var2: 0.150000
gen	A2		B2		diseq		zbar		sexrat
0	0.990000	0.100000			3.336000	
600	0.989547	0.000108	0.000000	3.336000	0.903516
1200	0.989547	0.000000	0.000000	3.336000	0.903519
1800	0.989547	0.000000	0.000000	3.336000	0.903519
2400	0.989547	0.000000	0.000000	3.336000	0.903519
3000	0.989547	0.000000	0.000000	3.336000	0.903519

var1: 0.100000	 var2: 0.200000
gen	A2		B2		diseq		zbar		sexrat
0	0.990000	0.100000			3.336000	
600	0.989672	0.000081	0.000000	3.336000	0.835823
1200	0.989671	0.000000	0.000000	3.336000	0.835826
1800	0.989671	0.000000	0.000000	3.336000	0.835826
2400	0.989671	0.000000	0.000000	3.336000	0.835826
3000	0.989671	0.000000	0.000000	3.336000	0.835826

var1: 0.100000	 var2: 0.250000
gen	A2		B2		diseq		zbar		sexrat
0	0.990000	0.100000			3.336000	
600	0.989726	0.000183	0.000000	3.336000	0.786260
1200	0.989726	0.000000	0.000000	3.336000	0.786265
1800	0.989726	0.000000	0.000000	3.336000	0.786265
2400	0.989726	0.000000	0.000000	3.336000	0.786265
3000	0.989726	0.000000	0.000000	3.336000	0.786265

var1: 0.150000	 var2: 0.000000
gen	A2		B2		diseq		zbar		sexrat
0	0.990000	0.100000			3.336000	
600	0.522084	0.999852	0.000001	3.336000	1.467102
1200	0.004086	0.999910	0.000000	3.336000	1.377536
1800	0.000015	0.999669	0.000000	3.336000	1.376858
2400	0.000000	0.998777	0.000000	3.336000	1.376865
3000	0.000000	0.995487	0.000000	3.336000	1.376898

var1: 0.150000	 var2: 0.050000
gen	A2		B2		diseq		zbar		sexrat
0	0.990000	0.100000			3.336000	
600	0.924752	0.662386	0.000401	3.336000	1.281612
1200	0.080434	0.841021	0.000253	3.336000	1.232767
1800	0.000902	0.637275	0.000005	3.336000	1.228926
2400	0.000043	0.354200	0.000000	3.336000	1.231278
3000	0.000010	0.146306	0.000000	3.336000	1.233039

var1: 0.150000	 var2: 0.100000
gen	A2		B2		diseq		zbar		sexrat
0	0.990000	0.100000			3.336000	
600	0.987959	0.003039	0.000001	3.336000	1.106855
1200	0.987895	0.000083	0.000000	3.336000	1.106786
1800	0.987893	0.000002	0.000000	3.336000	1.106784
2400	0.987893	0.000000	0.000000	3.336000	1.106784
3000	0.987893	0.000000	0.000000	3.336000	1.106784

var1: 0.150000	 var2: 0.150000
gen	A2		B2		diseq		zbar		sexrat
0	0.990000	0.100000			3.336000	
600	0.988961	0.000072	0.000000	3.336000	1.000000
1200	0.988960	0.000000	0.000000	3.336000	1.000000
1800	0.988960	0.000000	0.000000	3.336000	1.000000
2400	0.988960	0.000000	0.000000	3.336000	1.000000
3000	0.988960	0.000000	0.000000	3.336000	1.000000

var1: 0.150000	 var2: 0.200000
gen	A2		B2		diseq		zbar		sexrat
0	0.990000	0.100000			3.336000	
600	0.989150	0.000053	0.000000	3.336000	0.917735
1200	0.989149	0.000000	0.000000	3.336000	0.917736
1800	0.989149	0.000000	0.000000	3.336000	0.917736
2400	0.989149	0.000000	0.000000	3.336000	0.917736
3000	0.989149	0.000000	0.000000	3.336000	0.917736

var1: 0.150000	 var2: 0.250000
gen	A2		B2		diseq		zbar		sexrat
0	0.990000	0.100000			3.336000	
600	0.989168	0.000129	0.000000	3.336000	0.858329
1200	0.989167	0.000000	0.000000	3.336000	0.858331
1800	0.989167	0.000000	0.000000	3.336000	0.858331
2400	0.989167	0.000000	0.000000	3.336000	0.858331
3000	0.989167	0.000000	0.000000	3.336000	0.858331

var1: 0.200000	 var2: 0.000000
gen	A2		B2		diseq		zbar		sexrat
0	0.990000	0.100000			3.336000	
600	0.434071	0.999796	0.000001	3.336000	1.546274
1200	0.001897	0.999802	0.000000	3.336000	1.466829
1800	0.000005	0.999304	0.000000	3.336000	1.466498
2400	0.000000	0.997544	0.000000	3.336000	1.466515
3000	0.000000	0.991367	0.000000	3.336000	1.466577

var1: 0.200000	 var2: 0.050000
gen	A2		B2		diseq		zbar		sexrat
0	0.990000	0.100000			3.336000	
600	0.881481	0.758183	0.000493	3.336000	1.384644
1200	0.027004	0.855366	0.000083	3.336000	1.318852
1800	0.000185	0.662092	0.000001	3.336000	1.318317
2400	0.000006	0.388906	0.000000	3.336000	1.320621
3000	0.000001	0.171499	0.000000	3.336000	1.322463

var1: 0.200000	 var2: 0.100000
gen	A2		B2		diseq		zbar		sexrat
0	0.990000	0.100000			3.336000	
600	0.987212	0.006792	0.000002	3.336000	1.196670
1200	0.987005	0.000425	0.000000	3.336000	1.196437
1800	0.986992	0.000026	0.000000	3.336000	1.196422
2400	0.986991	0.000002	0.000000	3.336000	1.196421
3000	0.986991	0.000000	0.000000	3.336000	1.196421

var1: 0.200000	 var2: 0.150000
gen	A2		B2		diseq		zbar		sexrat
0	0.990000	0.100000			3.336000	
600	0.988699	0.000193	0.000000	3.336000	1.089639
1200	0.988696	0.000000	0.000000	3.336000	1.089638
1800	0.988696	0.000000	0.000000	3.336000	1.089638
2400	0.988696	0.000000	0.000000	3.336000	1.089638
3000	0.988696	0.000000	0.000000	3.336000	1.089638

var1: 0.200000	 var2: 0.200000
gen	A2		B2		diseq		zbar		sexrat
0	0.990000	0.100000			3.336000	
600	0.988928	0.000036	0.000000	3.336000	1.000000
1200	0.988927	0.000000	0.000000	3.336000	1.000000
1800	0.988927	0.000000	0.000000	3.336000	1.000000
2400	0.988927	0.000000	0.000000	3.336000	1.000000
3000	0.988927	0.000000	0.000000	3.336000	1.000000

var1: 0.200000	 var2: 0.250000
gen	A2		B2		diseq		zbar		sexrat
0	0.990000	0.100000			3.336000	
600	0.988929	0.000093	0.000000	3.336000	0.929874
1200	0.988928	0.000000	0.000000	3.336000	0.929874
1800	0.988928	0.000000	0.000000	3.336000	0.929874
2400	0.988928	0.000000	0.000000	3.336000	0.929874
3000	0.988928	0.000000	0.000000	3.336000	0.929874

var1: 0.250000	 var2: 0.000000
gen	A2		B2		diseq		zbar		sexrat
0	0.990000	0.100000			3.336000	
600	0.557864	0.999878	0.000001	3.336000	1.646031
1200	0.005876	0.999949	0.000000	3.336000	1.542946
1800	0.000027	0.999828	0.000000	3.336000	1.541911
2400	0.000000	0.999414	0.000000	3.336000	1.541911
3000	0.000000	0.998009	0.000000	3.336000	1.541925

var1: 0.250000	 var2: 0.050000
gen	A2		B2		diseq		zbar		sexrat
0	0.990000	0.100000			3.336000	
600	0.882996	0.828316	0.000389	3.336000	1.468235
1200	0.036024	0.924780	0.000063	3.336000	1.394644
1800	0.000233	0.809808	0.000001	3.336000	1.392487
2400	0.000004	0.588350	0.000000	3.336000	1.394345
3000	0.000000	0.324475	0.000000	3.336000	1.396581

var1: 0.250000	 var2: 0.100000
gen	A2		B2		diseq		zbar		sexrat
0	0.990000	0.100000			3.336000	
600	0.986917	0.013244	0.000005	3.336000	1.272351
1200	0.986454	0.001680	0.000001	3.336000	1.271901
1800	0.986394	0.000211	0.000000	3.336000	1.271844
2400	0.986387	0.000026	0.000000	3.336000	1.271837
3000	0.986386	0.000003	0.000000	3.336000	1.271836

var1: 0.250000	 var2: 0.150000
gen	A2		B2		diseq		zbar		sexrat
0	0.990000	0.100000			3.336000	
600	0.988668	0.000434	0.000000	3.336000	1.165057
1200	0.988662	0.000002	0.000000	3.336000	1.165052
1800	0.988662	0.000000	0.000000	3.336000	1.165052
2400	0.988662	0.000000	0.000000	3.336000	1.165052
3000	0.988662	0.000000	0.000000	3.336000	1.165052

var1: 0.250000	 var2: 0.200000
gen	A2		B2		diseq		zbar		sexrat
0	0.990000	0.100000			3.336000	
600	0.988918	0.000089	0.000000	3.336000	1.075414
1200	0.988917	0.000000	0.000000	3.336000	1.075415
1800	0.988917	0.000000	0.000000	3.336000	1.075415
2400	0.988917	0.000000	0.000000	3.336000	1.075415
3000	0.988917	0.000000	0.000000	3.336000	1.075415

var1: 0.250000	 var2: 0.250000
gen	A2		B2		diseq		zbar		sexrat
0	0.990000	0.100000			3.336000	
600	0.988913	0.000070	0.000000	3.336000	1.000000
1200	0.988913	0.000000	0.000000	3.336000	1.000000
1800	0.988913	0.000000	0.000000	3.336000	1.000000
2400	0.988913	0.000000	0.000000	3.336000	1.000000
3000	0.988913	0.000000	0.000000	3.336000	1.000000

