
########################### Run 1 ######################
var1: 0.000000	 var2: 0.000000
gen	A2		B2		diseq		zbar		sexrat
0	0.990000	0.000000			3.000000	
5000	0.990000	0.000000	0.000000	6.439798	0.739080
10000	0.990000	0.000000	0.000000	7.796518	0.701901
15000	0.990000	0.000000	0.000000	8.571439	0.682505
20000	0.990000	0.000000	0.000000	9.059227	0.670910
25000	0.990000	0.000000	0.000000	9.380826	0.663509
30000	0.990000	0.000000	0.000000	9.598475	0.658605
35000	0.990000	0.000000	0.000000	9.748162	0.655281
40000	0.990000	0.000000	0.000000	9.852184	0.652993
45000	0.990000	0.000000	0.000000	9.924975	0.651403
50000	0.990000	0.000000	0.000000	9.976151	0.650291
55000	0.990000	0.000000	0.000000	10.012249	0.649509
60000	0.990000	0.000000	0.000000	10.037768	0.648957
65000	0.990000	0.000000	0.000000	10.055837	0.648567
70000	0.990000	0.000000	0.000000	10.068646	0.648291
75000	0.990000	0.000000	0.000000	10.077732	0.648096
80000	0.990000	0.000000	0.000000	10.084182	0.647957
85000	0.990000	0.000000	0.000000	10.088761	0.647858
90000	0.990000	0.000000	0.000000	10.092014	0.647788
95000	0.990000	0.000000	0.000000	10.094325	0.647739
100000	0.990000	0.000000	0.000000	10.095967	0.647703

var1: 0.000000	 var2: 0.100000
gen	A2		B2		diseq		zbar		sexrat
0	0.990000	0.000000			3.000000	
5000	0.990000	0.000000	0.000000	6.439798	0.739080
10000	0.990000	0.000000	0.000000	7.796518	0.701901
15000	0.990000	0.000000	0.000000	8.571439	0.682505
20000	0.990000	0.000000	0.000000	9.059227	0.670910
25000	0.990000	0.000000	0.000000	9.380826	0.663509
30000	0.990000	0.000000	0.000000	9.598475	0.658605
35000	0.990000	0.000000	0.000000	9.748162	0.655281
40000	0.990000	0.000000	0.000000	9.852184	0.652993
45000	0.990000	0.000000	0.000000	9.924975	0.651403
50000	0.990000	0.000000	0.000000	9.976151	0.650291
55000	0.990000	0.000000	0.000000	10.012249	0.649509
60000	0.990000	0.000000	0.000000	10.037768	0.648957
65000	0.990000	0.000000	0.000000	10.055837	0.648567
70000	0.990000	0.000000	0.000000	10.068646	0.648291
75000	0.990000	0.000000	0.000000	10.077732	0.648096
80000	0.990000	0.000000	0.000000	10.084182	0.647957
85000	0.990000	0.000000	0.000000	10.088761	0.647858
90000	0.990000	0.000000	0.000000	10.092014	0.647788
95000	0.990000	0.000000	0.000000	10.094325	0.647739
100000	0.990000	0.000000	0.000000	10.095967	0.647703

var1: 0.000000	 var2: 0.200000
gen	A2		B2		diseq		zbar		sexrat
0	0.990000	0.000000			3.000000	
5000	0.990000	0.000000	0.000000	6.439798	0.739080
10000	0.990000	0.000000	0.000000	7.796518	0.701901
15000	0.990000	0.000000	0.000000	8.571439	0.682505
20000	0.990000	0.000000	0.000000	9.059227	0.670910
25000	0.990000	0.000000	0.000000	9.380826	0.663509
30000	0.990000	0.000000	0.000000	9.598475	0.658605
35000	0.990000	0.000000	0.000000	9.748162	0.655281
40000	0.990000	0.000000	0.000000	9.852184	0.652993
45000	0.990000	0.000000	0.000000	9.924975	0.651403
50000	0.990000	0.000000	0.000000	9.976151	0.650291
55000	0.990000	0.000000	0.000000	10.012249	0.649509
60000	0.990000	0.000000	0.000000	10.037768	0.648957
65000	0.990000	0.000000	0.000000	10.055837	0.648567
70000	0.990000	0.000000	0.000000	10.068646	0.648291
75000	0.990000	0.000000	0.000000	10.077732	0.648096
80000	0.990000	0.000000	0.000000	10.084182	0.647957
85000	0.990000	0.000000	0.000000	10.088761	0.647858
90000	0.990000	0.000000	0.000000	10.092014	0.647788
95000	0.990000	0.000000	0.000000	10.094325	0.647739
100000	0.990000	0.000000	0.000000	10.095967	0.647703

var1: 0.000000	 var2: 0.300000
gen	A2		B2		diseq		zbar		sexrat
0	0.990000	0.000000			3.000000	
5000	0.990000	0.000000	0.000000	6.439798	0.739080
10000	0.990000	0.000000	0.000000	7.796518	0.701901
15000	0.990000	0.000000	0.000000	8.571439	0.682505
20000	0.990000	0.000000	0.000000	9.059227	0.670910
25000	0.990000	0.000000	0.000000	9.380826	0.663509
30000	0.990000	0.000000	0.000000	9.598475	0.658605
35000	0.990000	0.000000	0.000000	9.748162	0.655281
40000	0.990000	0.000000	0.000000	9.852184	0.652993
45000	0.990000	0.000000	0.000000	9.924975	0.651403
50000	0.990000	0.000000	0.000000	9.976151	0.650291
55000	0.990000	0.000000	0.000000	10.012249	0.649509
60000	0.990000	0.000000	0.000000	10.037768	0.648957
65000	0.990000	0.000000	0.000000	10.055837	0.648567
70000	0.990000	0.000000	0.000000	10.068646	0.648291
75000	0.990000	0.000000	0.000000	10.077732	0.648096
80000	0.990000	0.000000	0.000000	10.084182	0.647957
85000	0.990000	0.000000	0.000000	10.088761	0.647858
90000	0.990000	0.000000	0.000000	10.092014	0.647788
95000	0.990000	0.000000	0.000000	10.094325	0.647739
100000	0.990000	0.000000	0.000000	10.095967	0.647703

var1: 0.000000	 var2: 0.400000
gen	A2		B2		diseq		zbar		sexrat
0	0.990000	0.000000			3.000000	
5000	0.990000	0.000000	0.000000	6.439798	0.739080
10000	0.990000	0.000000	0.000000	7.796518	0.701901
15000	0.990000	0.000000	0.000000	8.571439	0.682505
20000	0.990000	0.000000	0.000000	9.059227	0.670910
25000	0.990000	0.000000	0.000000	9.380826	0.663509
30000	0.990000	0.000000	0.000000	9.598475	0.658605
35000	0.990000	0.000000	0.000000	9.748162	0.655281
40000	0.990000	0.000000	0.000000	9.852184	0.652993
45000	0.990000	0.000000	0.000000	9.924975	0.651403
50000	0.990000	0.000000	0.000000	9.976151	0.650291
55000	0.990000	0.000000	0.000000	10.012249	0.649509
60000	0.990000	0.000000	0.000000	10.037768	0.648957
65000	0.990000	0.000000	0.000000	10.055837	0.648567
70000	0.990000	0.000000	0.000000	10.068646	0.648291
75000	0.990000	0.000000	0.000000	10.077732	0.648096
80000	0.990000	0.000000	0.000000	10.084182	0.647957
85000	0.990000	0.000000	0.000000	10.088761	0.647858
90000	0.990000	0.000000	0.000000	10.092014	0.647788
95000	0.990000	0.000000	0.000000	10.094325	0.647739
100000	0.990000	0.000000	0.000000	10.095967	0.647703

var1: 0.000000	 var2: 0.500000
gen	A2		B2		diseq		zbar		sexrat
0	0.990000	0.000000			3.000000	
5000	0.990000	0.000000	0.000000	6.439798	0.739080
10000	0.990000	0.000000	0.000000	7.796518	0.701901
15000	0.990000	0.000000	0.000000	8.571439	0.682505
20000	0.990000	0.000000	0.000000	9.059227	0.670910
25000	0.990000	0.000000	0.000000	9.380826	0.663509
30000	0.990000	0.000000	0.000000	9.598475	0.658605
35000	0.990000	0.000000	0.000000	9.748162	0.655281
40000	0.990000	0.000000	0.000000	9.852184	0.652993
45000	0.990000	0.000000	0.000000	9.924975	0.651403
50000	0.990000	0.000000	0.000000	9.976151	0.650291
55000	0.990000	0.000000	0.000000	10.012249	0.649509
60000	0.990000	0.000000	0.000000	10.037768	0.648957
65000	0.990000	0.000000	0.000000	10.055837	0.648567
70000	0.990000	0.000000	0.000000	10.068646	0.648291
75000	0.990000	0.000000	0.000000	10.077732	0.648096
80000	0.990000	0.000000	0.000000	10.084182	0.647957
85000	0.990000	0.000000	0.000000	10.088761	0.647858
90000	0.990000	0.000000	0.000000	10.092014	0.647788
95000	0.990000	0.000000	0.000000	10.094325	0.647739
100000	0.990000	0.000000	0.000000	10.095967	0.647703

var1: 0.000000	 var2: 0.600000
gen	A2		B2		diseq		zbar		sexrat
0	0.990000	0.000000			3.000000	
5000	0.990000	0.000000	0.000000	6.439798	0.739080
10000	0.990000	0.000000	0.000000	7.796518	0.701901
15000	0.990000	0.000000	0.000000	8.571439	0.682505
20000	0.990000	0.000000	0.000000	9.059227	0.670910
25000	0.990000	0.000000	0.000000	9.380826	0.663509
30000	0.990000	0.000000	0.000000	9.598475	0.658605
35000	0.990000	0.000000	0.000000	9.748162	0.655281
40000	0.990000	0.000000	0.000000	9.852184	0.652993
45000	0.990000	0.000000	0.000000	9.924975	0.651403
50000	0.990000	0.000000	0.000000	9.976151	0.650291
55000	0.990000	0.000000	0.000000	10.012249	0.649509
60000	0.990000	0.000000	0.000000	10.037768	0.648957
65000	0.990000	0.000000	0.000000	10.055837	0.648567
70000	0.990000	0.000000	0.000000	10.068646	0.648291
75000	0.990000	0.000000	0.000000	10.077732	0.648096
80000	0.990000	0.000000	0.000000	10.084182	0.647957
85000	0.990000	0.000000	0.000000	10.088761	0.647858
90000	0.990000	0.000000	0.000000	10.092014	0.647788
95000	0.990000	0.000000	0.000000	10.094325	0.647739
100000	0.990000	0.000000	0.000000	10.095967	0.647703

var1: 0.000000	 var2: 0.700000
gen	A2		B2		diseq		zbar		sexrat
0	0.990000	0.000000			3.000000	
5000	0.990000	0.000000	0.000000	6.439798	0.739080
10000	0.990000	0.000000	0.000000	7.796518	0.701901
15000	0.990000	0.000000	0.000000	8.571439	0.682505
20000	0.990000	0.000000	0.000000	9.059227	0.670910
25000	0.990000	0.000000	0.000000	9.380826	0.663509
30000	0.990000	0.000000	0.000000	9.598475	0.658605
35000	0.990000	0.000000	0.000000	9.748162	0.655281
40000	0.990000	0.000000	0.000000	9.852184	0.652993
45000	0.990000	0.000000	0.000000	9.924975	0.651403
50000	0.990000	0.000000	0.000000	9.976151	0.650291
55000	0.990000	0.000000	0.000000	10.012249	0.649509
60000	0.990000	0.000000	0.000000	10.037768	0.648957
65000	0.990000	0.000000	0.000000	10.055837	0.648567
70000	0.990000	0.000000	0.000000	10.068646	0.648291
75000	0.990000	0.000000	0.000000	10.077732	0.648096
80000	0.990000	0.000000	0.000000	10.084182	0.647957
85000	0.990000	0.000000	0.000000	10.088761	0.647858
90000	0.990000	0.000000	0.000000	10.092014	0.647788
95000	0.990000	0.000000	0.000000	10.094325	0.647739
100000	0.990000	0.000000	0.000000	10.095967	0.647703

var1: 0.000000	 var2: 0.800000
gen	A2		B2		diseq		zbar		sexrat
0	0.990000	0.000000			3.000000	
5000	0.990000	0.000000	0.000000	6.439798	0.739080
10000	0.990000	0.000000	0.000000	7.796518	0.701901
15000	0.990000	0.000000	0.000000	8.571439	0.682505
20000	0.990000	0.000000	0.000000	9.059227	0.670910
25000	0.990000	0.000000	0.000000	9.380826	0.663509
30000	0.990000	0.000000	0.000000	9.598475	0.658605
35000	0.990000	0.000000	0.000000	9.748162	0.655281
40000	0.990000	0.000000	0.000000	9.852184	0.652993
45000	0.990000	0.000000	0.000000	9.924975	0.651403
50000	0.990000	0.000000	0.000000	9.976151	0.650291
55000	0.990000	0.000000	0.000000	10.012249	0.649509
60000	0.990000	0.000000	0.000000	10.037768	0.648957
65000	0.990000	0.000000	0.000000	10.055837	0.648567
70000	0.990000	0.000000	0.000000	10.068646	0.648291
75000	0.990000	0.000000	0.000000	10.077732	0.648096
80000	0.990000	0.000000	0.000000	10.084182	0.647957
85000	0.990000	0.000000	0.000000	10.088761	0.647858
90000	0.990000	0.000000	0.000000	10.092014	0.647788
95000	0.990000	0.000000	0.000000	10.094325	0.647739
100000	0.990000	0.000000	0.000000	10.095967	0.647703

var1: 0.000000	 var2: 0.900000
gen	A2		B2		diseq		zbar		sexrat
0	0.990000	0.000000			3.000000	
5000	0.990000	0.000000	0.000000	6.439798	0.739080
10000	0.990000	0.000000	0.000000	7.796518	0.701901
15000	0.990000	0.000000	0.000000	8.571439	0.682505
20000	0.990000	0.000000	0.000000	9.059227	0.670910
25000	0.990000	0.000000	0.000000	9.380826	0.663509
30000	0.990000	0.000000	0.000000	9.598475	0.658605
35000	0.990000	0.000000	0.000000	9.748162	0.655281
40000	0.990000	0.000000	0.000000	9.852184	0.652993
45000	0.990000	0.000000	0.000000	9.924975	0.651403
50000	0.990000	0.000000	0.000000	9.976151	0.650291
55000	0.990000	0.000000	0.000000	10.012249	0.649509
60000	0.990000	0.000000	0.000000	10.037768	0.648957
65000	0.990000	0.000000	0.000000	10.055837	0.648567
70000	0.990000	0.000000	0.000000	10.068646	0.648291
75000	0.990000	0.000000	0.000000	10.077732	0.648096
80000	0.990000	0.000000	0.000000	10.084182	0.647957
85000	0.990000	0.000000	0.000000	10.088761	0.647858
90000	0.990000	0.000000	0.000000	10.092014	0.647788
95000	0.990000	0.000000	0.000000	10.094325	0.647739
100000	0.990000	0.000000	0.000000	10.095967	0.647703

var1: 0.000000	 var2: 1.000000
gen	A2		B2		diseq		zbar		sexrat
0	0.990000	0.000000			3.000000	
5000	0.990000	0.000000	0.000000	6.439798	0.739080
10000	0.990000	0.000000	0.000000	7.796518	0.701901
15000	0.990000	0.000000	0.000000	8.571439	0.682505
20000	0.990000	0.000000	0.000000	9.059227	0.670910
25000	0.990000	0.000000	0.000000	9.380826	0.663509
30000	0.990000	0.000000	0.000000	9.598475	0.658605
35000	0.990000	0.000000	0.000000	9.748162	0.655281
40000	0.990000	0.000000	0.000000	9.852184	0.652993
45000	0.990000	0.000000	0.000000	9.924975	0.651403
50000	0.990000	0.000000	0.000000	9.976151	0.650291
55000	0.990000	0.000000	0.000000	10.012249	0.649509
60000	0.990000	0.000000	0.000000	10.037768	0.648957
65000	0.990000	0.000000	0.000000	10.055837	0.648567
70000	0.990000	0.000000	0.000000	10.068646	0.648291
75000	0.990000	0.000000	0.000000	10.077732	0.648096
80000	0.990000	0.000000	0.000000	10.084182	0.647957
85000	0.990000	0.000000	0.000000	10.088761	0.647858
90000	0.990000	0.000000	0.000000	10.092014	0.647788
95000	0.990000	0.000000	0.000000	10.094325	0.647739
100000	0.990000	0.000000	0.000000	10.095967	0.647703

var1: 0.000000	 var2: 1.100000
gen	A2		B2		diseq		zbar		sexrat
0	0.990000	0.000000			3.000000	
5000	0.990000	0.000000	0.000000	6.439798	0.739080
10000	0.990000	0.000000	0.000000	7.796518	0.701901
15000	0.990000	0.000000	0.000000	8.571439	0.682505
20000	0.990000	0.000000	0.000000	9.059227	0.670910
25000	0.990000	0.000000	0.000000	9.380826	0.663509
30000	0.990000	0.000000	0.000000	9.598475	0.658605
35000	0.990000	0.000000	0.000000	9.748162	0.655281
40000	0.990000	0.000000	0.000000	9.852184	0.652993
45000	0.990000	0.000000	0.000000	9.924975	0.651403
50000	0.990000	0.000000	0.000000	9.976151	0.650291
55000	0.990000	0.000000	0.000000	10.012249	0.649509
60000	0.990000	0.000000	0.000000	10.037768	0.648957
65000	0.990000	0.000000	0.000000	10.055837	0.648567
70000	0.990000	0.000000	0.000000	10.068646	0.648291
75000	0.990000	0.000000	0.000000	10.077732	0.648096
80000	0.990000	0.000000	0.000000	10.084182	0.647957
85000	0.990000	0.000000	0.000000	10.088761	0.647858
90000	0.990000	0.000000	0.000000	10.092014	0.647788
95000	0.990000	0.000000	0.000000	10.094325	0.647739
100000	0.990000	0.000000	0.000000	10.095967	0.647703

var1: 0.000000	 var2: 1.200000
gen	A2		B2		diseq		zbar		sexrat
0	0.990000	0.000000			3.000000	
5000	0.990000	0.000000	0.000000	6.439798	0.739080
10000	0.990000	0.000000	0.000000	7.796518	0.701901
15000	0.990000	0.000000	0.000000	8.571439	0.682505
20000	0.990000	0.000000	0.000000	9.059227	0.670910
25000	0.990000	0.000000	0.000000	9.380826	0.663509
30000	0.990000	0.000000	0.000000	9.598475	0.658605
35000	0.990000	0.000000	0.000000	9.748162	0.655281
40000	0.990000	0.000000	0.000000	9.852184	0.652993
45000	0.990000	0.000000	0.000000	9.924975	0.651403
50000	0.990000	0.000000	0.000000	9.976151	0.650291
55000	0.990000	0.000000	0.000000	10.012249	0.649509
60000	0.990000	0.000000	0.000000	10.037768	0.648957
65000	0.990000	0.000000	0.000000	10.055837	0.648567
70000	0.990000	0.000000	0.000000	10.068646	0.648291
75000	0.990000	0.000000	0.000000	10.077732	0.648096
80000	0.990000	0.000000	0.000000	10.084182	0.647957
85000	0.990000	0.000000	0.000000	10.088761	0.647858
90000	0.990000	0.000000	0.000000	10.092014	0.647788
95000	0.990000	0.000000	0.000000	10.094325	0.647739
100000	0.990000	0.000000	0.000000	10.095967	0.647703

var1: 0.000000	 var2: 1.300000
gen	A2		B2		diseq		zbar		sexrat
0	0.990000	0.000000			3.000000	
5000	0.990000	0.000000	0.000000	6.439798	0.739080
10000	0.990000	0.000000	0.000000	7.796518	0.701901
15000	0.990000	0.000000	0.000000	8.571439	0.682505
20000	0.990000	0.000000	0.000000	9.059227	0.670910
25000	0.990000	0.000000	0.000000	9.380826	0.663509
30000	0.990000	0.000000	0.000000	9.598475	0.658605
35000	0.990000	0.000000	0.000000	9.748162	0.655281
40000	0.990000	0.000000	0.000000	9.852184	0.652993
45000	0.990000	0.000000	0.000000	9.924975	0.651403
50000	0.990000	0.000000	0.000000	9.976151	0.650291
55000	0.990000	0.000000	0.000000	10.012249	0.649509
60000	0.990000	0.000000	0.000000	10.037768	0.648957
65000	0.990000	0.000000	0.000000	10.055837	0.648567
70000	0.990000	0.000000	0.000000	10.068646	0.648291
75000	0.990000	0.000000	0.000000	10.077732	0.648096
80000	0.990000	0.000000	0.000000	10.084182	0.647957
85000	0.990000	0.000000	0.000000	10.088761	0.647858
90000	0.990000	0.000000	0.000000	10.092014	0.647788
95000	0.990000	0.000000	0.000000	10.094325	0.647739
100000	0.990000	0.000000	0.000000	10.095967	0.647703

var1: 0.000000	 var2: 1.400000
gen	A2		B2		diseq		zbar		sexrat
0	0.990000	0.000000			3.000000	
5000	0.990000	0.000000	0.000000	6.439798	0.739080
10000	0.990000	0.000000	0.000000	7.796518	0.701901
15000	0.990000	0.000000	0.000000	8.571439	0.682505
20000	0.990000	0.000000	0.000000	9.059227	0.670910
25000	0.990000	0.000000	0.000000	9.380826	0.663509
30000	0.990000	0.000000	0.000000	9.598475	0.658605
35000	0.990000	0.000000	0.000000	9.748162	0.655281
40000	0.990000	0.000000	0.000000	9.852184	0.652993
45000	0.990000	0.000000	0.000000	9.924975	0.651403
50000	0.990000	0.000000	0.000000	9.976151	0.650291
55000	0.990000	0.000000	0.000000	10.012249	0.649509
60000	0.990000	0.000000	0.000000	10.037768	0.648957
65000	0.990000	0.000000	0.000000	10.055837	0.648567
70000	0.990000	0.000000	0.000000	10.068646	0.648291
75000	0.990000	0.000000	0.000000	10.077732	0.648096
80000	0.990000	0.000000	0.000000	10.084182	0.647957
85000	0.990000	0.000000	0.000000	10.088761	0.647858
90000	0.990000	0.000000	0.000000	10.092014	0.647788
95000	0.990000	0.000000	0.000000	10.094325	0.647739
100000	0.990000	0.000000	0.000000	10.095967	0.647703

var1: 0.000000	 var2: 1.500000
gen	A2		B2		diseq		zbar		sexrat
0	0.990000	0.000000			3.000000	
5000	0.990000	0.000000	0.000000	6.439798	0.739080
10000	0.990000	0.000000	0.000000	7.796518	0.701901
15000	0.990000	0.000000	0.000000	8.571439	0.682505
20000	0.990000	0.000000	0.000000	9.059227	0.670910
25000	0.990000	0.000000	0.000000	9.380826	0.663509
30000	0.990000	0.000000	0.000000	9.598475	0.658605
35000	0.990000	0.000000	0.000000	9.748162	0.655281
40000	0.990000	0.000000	0.000000	9.852184	0.652993
45000	0.990000	0.000000	0.000000	9.924975	0.651403
50000	0.990000	0.000000	0.000000	9.976151	0.650291
55000	0.990000	0.000000	0.000000	10.012249	0.649509
60000	0.990000	0.000000	0.000000	10.037768	0.648957
65000	0.990000	0.000000	0.000000	10.055837	0.648567
70000	0.990000	0.000000	0.000000	10.068646	0.648291
75000	0.990000	0.000000	0.000000	10.077732	0.648096
80000	0.990000	0.000000	0.000000	10.084182	0.647957
85000	0.990000	0.000000	0.000000	10.088761	0.647858
90000	0.990000	0.000000	0.000000	10.092014	0.647788
95000	0.990000	0.000000	0.000000	10.094325	0.647739
100000	0.990000	0.000000	0.000000	10.095967	0.647703

var1: 0.000000	 var2: 1.600000
gen	A2		B2		diseq		zbar		sexrat
0	0.990000	0.000000			3.000000	
5000	0.990000	0.000000	0.000000	6.439798	0.739080
10000	0.990000	0.000000	0.000000	7.796518	0.701901
15000	0.990000	0.000000	0.000000	8.571439	0.682505
20000	0.990000	0.000000	0.000000	9.059227	0.670910
25000	0.990000	0.000000	0.000000	9.380826	0.663509
30000	0.990000	0.000000	0.000000	9.598475	0.658605
35000	0.990000	0.000000	0.000000	9.748162	0.655281
40000	0.990000	0.000000	0.000000	9.852184	0.652993
45000	0.990000	0.000000	0.000000	9.924975	0.651403
50000	0.990000	0.000000	0.000000	9.976151	0.650291
55000	0.990000	0.000000	0.000000	10.012249	0.649509
60000	0.990000	0.000000	0.000000	10.037768	0.648957
65000	0.990000	0.000000	0.000000	10.055837	0.648567
70000	0.990000	0.000000	0.000000	10.068646	0.648291
75000	0.990000	0.000000	0.000000	10.077732	0.648096
80000	0.990000	0.000000	0.000000	10.084182	0.647957
85000	0.990000	0.000000	0.000000	10.088761	0.647858
90000	0.990000	0.000000	0.000000	10.092014	0.647788
95000	0.990000	0.000000	0.000000	10.094325	0.647739
100000	0.990000	0.000000	0.000000	10.095967	0.647703

var1: 0.000000	 var2: 1.700000
gen	A2		B2		diseq		zbar		sexrat
0	0.990000	0.000000			3.000000	
5000	0.990000	0.000000	0.000000	6.439798	0.739080
10000	0.990000	0.000000	0.000000	7.796518	0.701901
15000	0.990000	0.000000	0.000000	8.571439	0.682505
20000	0.990000	0.000000	0.000000	9.059227	0.670910
25000	0.990000	0.000000	0.000000	9.380826	0.663509
30000	0.990000	0.000000	0.000000	9.598475	0.658605
35000	0.990000	0.000000	0.000000	9.748162	0.655281
40000	0.990000	0.000000	0.000000	9.852184	0.652993
45000	0.990000	0.000000	0.000000	9.924975	0.651403
50000	0.990000	0.000000	0.000000	9.976151	0.650291
55000	0.990000	0.000000	0.000000	10.012249	0.649509
60000	0.990000	0.000000	0.000000	10.037768	0.648957
65000	0.990000	0.000000	0.000000	10.055837	0.648567
70000	0.990000	0.000000	0.000000	10.068646	0.648291
75000	0.990000	0.000000	0.000000	10.077732	0.648096
80000	0.990000	0.000000	0.000000	10.084182	0.647957
85000	0.990000	0.000000	0.000000	10.088761	0.647858
90000	0.990000	0.000000	0.000000	10.092014	0.647788
95000	0.990000	0.000000	0.000000	10.094325	0.647739
100000	0.990000	0.000000	0.000000	10.095967	0.647703

var1: 0.000000	 var2: 1.800000
gen	A2		B2		diseq		zbar		sexrat
0	0.990000	0.000000			3.000000	
5000	0.990000	0.000000	0.000000	6.439798	0.739080
10000	0.990000	0.000000	0.000000	7.796518	0.701901
15000	0.990000	0.000000	0.000000	8.571439	0.682505
20000	0.990000	0.000000	0.000000	9.059227	0.670910
25000	0.990000	0.000000	0.000000	9.380826	0.663509
30000	0.990000	0.000000	0.000000	9.598475	0.658605
35000	0.990000	0.000000	0.000000	9.748162	0.655281
40000	0.990000	0.000000	0.000000	9.852184	0.652993
45000	0.990000	0.000000	0.000000	9.924975	0.651403
50000	0.990000	0.000000	0.000000	9.976151	0.650291
55000	0.990000	0.000000	0.000000	10.012249	0.649509
60000	0.990000	0.000000	0.000000	10.037768	0.648957
65000	0.990000	0.000000	0.000000	10.055837	0.648567
70000	0.990000	0.000000	0.000000	10.068646	0.648291
75000	0.990000	0.000000	0.000000	10.077732	0.648096
80000	0.990000	0.000000	0.000000	10.084182	0.647957
85000	0.990000	0.000000	0.000000	10.088761	0.647858
90000	0.990000	0.000000	0.000000	10.092014	0.647788
95000	0.990000	0.000000	0.000000	10.094325	0.647739
100000	0.990000	0.000000	0.000000	10.095967	0.647703

var1: 0.000000	 var2: 1.900000
gen	A2		B2		diseq		zbar		sexrat
0	0.990000	0.000000			3.000000	
5000	0.990000	0.000000	0.000000	6.439798	0.739080
10000	0.990000	0.000000	0.000000	7.796518	0.701901
15000	0.990000	0.000000	0.000000	8.571439	0.682505
20000	0.990000	0.000000	0.000000	9.059227	0.670910
25000	0.990000	0.000000	0.000000	9.380826	0.663509
30000	0.990000	0.000000	0.000000	9.598475	0.658605
35000	0.990000	0.000000	0.000000	9.748162	0.655281
40000	0.990000	0.000000	0.000000	9.852184	0.652993
45000	0.990000	0.000000	0.000000	9.924975	0.651403
50000	0.990000	0.000000	0.000000	9.976151	0.650291
55000	0.990000	0.000000	0.000000	10.012249	0.649509
60000	0.990000	0.000000	0.000000	10.037768	0.648957
65000	0.990000	0.000000	0.000000	10.055837	0.648567
70000	0.990000	0.000000	0.000000	10.068646	0.648291
75000	0.990000	0.000000	0.000000	10.077732	0.648096
80000	0.990000	0.000000	0.000000	10.084182	0.647957
85000	0.990000	0.000000	0.000000	10.088761	0.647858
90000	0.990000	0.000000	0.000000	10.092014	0.647788
95000	0.990000	0.000000	0.000000	10.094325	0.647739
100000	0.990000	0.000000	0.000000	10.095967	0.647703

var1: 0.000000	 var2: 2.000000
gen	A2		B2		diseq		zbar		sexrat
0	0.990000	0.000000			3.000000	
5000	0.990000	0.000000	0.000000	6.439798	0.739080
10000	0.990000	0.000000	0.000000	7.796518	0.701901
15000	0.990000	0.000000	0.000000	8.571439	0.682505
20000	0.990000	0.000000	0.000000	9.059227	0.670910
25000	0.990000	0.000000	0.000000	9.380826	0.663509
30000	0.990000	0.000000	0.000000	9.598475	0.658605
35000	0.990000	0.000000	0.000000	9.748162	0.655281
40000	0.990000	0.000000	0.000000	9.852184	0.652993
45000	0.990000	0.000000	0.000000	9.924975	0.651403
50000	0.990000	0.000000	0.000000	9.976151	0.650291
55000	0.990000	0.000000	0.000000	10.012249	0.649509
60000	0.990000	0.000000	0.000000	10.037768	0.648957
65000	0.990000	0.000000	0.000000	10.055837	0.648567
70000	0.990000	0.000000	0.000000	10.068646	0.648291
75000	0.990000	0.000000	0.000000	10.077732	0.648096
80000	0.990000	0.000000	0.000000	10.084182	0.647957
85000	0.990000	0.000000	0.000000	10.088761	0.647858
90000	0.990000	0.000000	0.000000	10.092014	0.647788
95000	0.990000	0.000000	0.000000	10.094325	0.647739
100000	0.990000	0.000000	0.000000	10.095967	0.647703

var1: 0.000000	 var2: 2.100000
gen	A2		B2		diseq		zbar		sexrat
0	0.990000	0.000000			3.000000	
5000	0.990000	0.000000	0.000000	6.439798	0.739080
10000	0.990000	0.000000	0.000000	7.796518	0.701901
15000	0.990000	0.000000	0.000000	8.571439	0.682505
20000	0.990000	0.000000	0.000000	9.059227	0.670910
25000	0.990000	0.000000	0.000000	9.380826	0.663509
30000	0.990000	0.000000	0.000000	9.598475	0.658605
35000	0.990000	0.000000	0.000000	9.748162	0.655281
40000	0.990000	0.000000	0.000000	9.852184	0.652993
45000	0.990000	0.000000	0.000000	9.924975	0.651403
50000	0.990000	0.000000	0.000000	9.976151	0.650291
55000	0.990000	0.000000	0.000000	10.012249	0.649509
60000	0.990000	0.000000	0.000000	10.037768	0.648957
65000	0.990000	0.000000	0.000000	10.055837	0.648567
70000	0.990000	0.000000	0.000000	10.068646	0.648291
75000	0.990000	0.000000	0.000000	10.077732	0.648096
80000	0.990000	0.000000	0.000000	10.084182	0.647957
85000	0.990000	0.000000	0.000000	10.088761	0.647858
90000	0.990000	0.000000	0.000000	10.092014	0.647788
95000	0.990000	0.000000	0.000000	10.094325	0.647739
100000	0.990000	0.000000	0.000000	10.095967	0.647703

var1: 0.000000	 var2: 2.200000
gen	A2		B2		diseq		zbar		sexrat
0	0.990000	0.000000			3.000000	
5000	0.990000	0.000000	0.000000	6.439798	0.739080
10000	0.990000	0.000000	0.000000	7.796518	0.701901
15000	0.990000	0.000000	0.000000	8.571439	0.682505
20000	0.990000	0.000000	0.000000	9.059227	0.670910
25000	0.990000	0.000000	0.000000	9.380826	0.663509
30000	0.990000	0.000000	0.000000	9.598475	0.658605
35000	0.990000	0.000000	0.000000	9.748162	0.655281
40000	0.990000	0.000000	0.000000	9.852184	0.652993
45000	0.990000	0.000000	0.000000	9.924975	0.651403
50000	0.990000	0.000000	0.000000	9.976151	0.650291
55000	0.990000	0.000000	0.000000	10.012249	0.649509
60000	0.990000	0.000000	0.000000	10.037768	0.648957
65000	0.990000	0.000000	0.000000	10.055837	0.648567
70000	0.990000	0.000000	0.000000	10.068646	0.648291
75000	0.990000	0.000000	0.000000	10.077732	0.648096
80000	0.990000	0.000000	0.000000	10.084182	0.647957
85000	0.990000	0.000000	0.000000	10.088761	0.647858
90000	0.990000	0.000000	0.000000	10.092014	0.647788
95000	0.990000	0.000000	0.000000	10.094325	0.647739
100000	0.990000	0.000000	0.000000	10.095967	0.647703

var1: 0.000000	 var2: 2.300000
gen	A2		B2		diseq		zbar		sexrat
0	0.990000	0.000000			3.000000	
5000	0.990000	0.000000	0.000000	6.439798	0.739080
10000	0.990000	0.000000	0.000000	7.796518	0.701901
15000	0.990000	0.000000	0.000000	8.571439	0.682505
20000	0.990000	0.000000	0.000000	9.059227	0.670910
25000	0.990000	0.000000	0.000000	9.380826	0.663509
30000	0.990000	0.000000	0.000000	9.598475	0.658605
35000	0.990000	0.000000	0.000000	9.748162	0.655281
40000	0.990000	0.000000	0.000000	9.852184	0.652993
45000	0.990000	0.000000	0.000000	9.924975	0.651403
50000	0.990000	0.000000	0.000000	9.976151	0.650291
55000	0.990000	0.000000	0.000000	10.012249	0.649509
60000	0.990000	0.000000	0.000000	10.037768	0.648957
65000	0.990000	0.000000	0.000000	10.055837	0.648567
70000	0.990000	0.000000	0.000000	10.068646	0.648291
75000	0.990000	0.000000	0.000000	10.077732	0.648096
80000	0.990000	0.000000	0.000000	10.084182	0.647957
85000	0.990000	0.000000	0.000000	10.088761	0.647858
90000	0.990000	0.000000	0.000000	10.092014	0.647788
95000	0.990000	0.000000	0.000000	10.094325	0.647739
100000	0.990000	0.000000	0.000000	10.095967	0.647703

var1: 0.000000	 var2: 2.400000
gen	A2		B2		diseq		zbar		sexrat
0	0.990000	0.000000			3.000000	
5000	0.990000	0.000000	0.000000	6.439798	0.739080
10000	0.990000	0.000000	0.000000	7.796518	0.701901
15000	0.990000	0.000000	0.000000	8.571439	0.682505
20000	0.990000	0.000000	0.000000	9.059227	0.670910
25000	0.990000	0.000000	0.000000	9.380826	0.663509
30000	0.990000	0.000000	0.000000	9.598475	0.658605
35000	0.990000	0.000000	0.000000	9.748162	0.655281
40000	0.990000	0.000000	0.000000	9.852184	0.652993
45000	0.990000	0.000000	0.000000	9.924975	0.651403
50000	0.990000	0.000000	0.000000	9.976151	0.650291
55000	0.990000	0.000000	0.000000	10.012249	0.649509
60000	0.990000	0.000000	0.000000	10.037768	0.648957
65000	0.990000	0.000000	0.000000	10.055837	0.648567
70000	0.990000	0.000000	0.000000	10.068646	0.648291
75000	0.990000	0.000000	0.000000	10.077732	0.648096
80000	0.990000	0.000000	0.000000	10.084182	0.647957
85000	0.990000	0.000000	0.000000	10.088761	0.647858
90000	0.990000	0.000000	0.000000	10.092014	0.647788
95000	0.990000	0.000000	0.000000	10.094325	0.647739
100000	0.990000	0.000000	0.000000	10.095967	0.647703

var1: 0.000000	 var2: 2.500000
gen	A2		B2		diseq		zbar		sexrat
0	0.990000	0.000000			3.000000	
5000	0.990000	0.000000	0.000000	6.439798	0.739080
10000	0.990000	0.000000	0.000000	7.796518	0.701901
15000	0.990000	0.000000	0.000000	8.571439	0.682505
20000	0.990000	0.000000	0.000000	9.059227	0.670910
25000	0.990000	0.000000	0.000000	9.380826	0.663509
30000	0.990000	0.000000	0.000000	9.598475	0.658605
35000	0.990000	0.000000	0.000000	9.748162	0.655281
40000	0.990000	0.000000	0.000000	9.852184	0.652993
45000	0.990000	0.000000	0.000000	9.924975	0.651403
50000	0.990000	0.000000	0.000000	9.976151	0.650291
55000	0.990000	0.000000	0.000000	10.012249	0.649509
60000	0.990000	0.000000	0.000000	10.037768	0.648957
65000	0.990000	0.000000	0.000000	10.055837	0.648567
70000	0.990000	0.000000	0.000000	10.068646	0.648291
75000	0.990000	0.000000	0.000000	10.077732	0.648096
80000	0.990000	0.000000	0.000000	10.084182	0.647957
85000	0.990000	0.000000	0.000000	10.088761	0.647858
90000	0.990000	0.000000	0.000000	10.092014	0.647788
95000	0.990000	0.000000	0.000000	10.094325	0.647739
100000	0.990000	0.000000	0.000000	10.095967	0.647703

var1: 0.000000	 var2: 2.600000
gen	A2		B2		diseq		zbar		sexrat
0	0.990000	0.000000			3.000000	
5000	0.990000	0.000000	0.000000	6.439798	0.739080
10000	0.990000	0.000000	0.000000	7.796518	0.701901
15000	0.990000	0.000000	0.000000	8.571439	0.682505
20000	0.990000	0.000000	0.000000	9.059227	0.670910
25000	0.990000	0.000000	0.000000	9.380826	0.663509
30000	0.990000	0.000000	0.000000	9.598475	0.658605
35000	0.990000	0.000000	0.000000	9.748162	0.655281
40000	0.990000	0.000000	0.000000	9.852184	0.652993
45000	0.990000	0.000000	0.000000	9.924975	0.651403
50000	0.990000	0.000000	0.000000	9.976151	0.650291
55000	0.990000	0.000000	0.000000	10.012249	0.649509
60000	0.990000	0.000000	0.000000	10.037768	0.648957
65000	0.990000	0.000000	0.000000	10.055837	0.648567
70000	0.990000	0.000000	0.000000	10.068646	0.648291
75000	0.990000	0.000000	0.000000	10.077732	0.648096
80000	0.990000	0.000000	0.000000	10.084182	0.647957
85000	0.990000	0.000000	0.000000	10.088761	0.647858
90000	0.990000	0.000000	0.000000	10.092014	0.647788
95000	0.990000	0.000000	0.000000	10.094325	0.647739
100000	0.990000	0.000000	0.000000	10.095967	0.647703

var1: 0.000000	 var2: 2.700000
gen	A2		B2		diseq		zbar		sexrat
0	0.990000	0.000000			3.000000	
5000	0.990000	0.000000	0.000000	6.439798	0.739080
10000	0.990000	0.000000	0.000000	7.796518	0.701901
15000	0.990000	0.000000	0.000000	8.571439	0.682505
20000	0.990000	0.000000	0.000000	9.059227	0.670910
25000	0.990000	0.000000	0.000000	9.380826	0.663509
30000	0.990000	0.000000	0.000000	9.598475	0.658605
35000	0.990000	0.000000	0.000000	9.748162	0.655281
40000	0.990000	0.000000	0.000000	9.852184	0.652993
45000	0.990000	0.000000	0.000000	9.924975	0.651403
50000	0.990000	0.000000	0.000000	9.976151	0.650291
55000	0.990000	0.000000	0.000000	10.012249	0.649509
60000	0.990000	0.000000	0.000000	10.037768	0.648957
65000	0.990000	0.000000	0.000000	10.055837	0.648567
70000	0.990000	0.000000	0.000000	10.068646	0.648291
75000	0.990000	0.000000	0.000000	10.077732	0.648096
80000	0.990000	0.000000	0.000000	10.084182	0.647957
85000	0.990000	0.000000	0.000000	10.088761	0.647858
90000	0.990000	0.000000	0.000000	10.092014	0.647788
95000	0.990000	0.000000	0.000000	10.094325	0.647739
100000	0.990000	0.000000	0.000000	10.095967	0.647703

var1: 0.000000	 var2: 2.800000
gen	A2		B2		diseq		zbar		sexrat
0	0.990000	0.000000			3.000000	
5000	0.990000	0.000000	0.000000	6.439798	0.739080
10000	0.990000	0.000000	0.000000	7.796518	0.701901
15000	0.990000	0.000000	0.000000	8.571439	0.682505
20000	0.990000	0.000000	0.000000	9.059227	0.670910
25000	0.990000	0.000000	0.000000	9.380826	0.663509
30000	0.990000	0.000000	0.000000	9.598475	0.658605
35000	0.990000	0.000000	0.000000	9.748162	0.655281
40000	0.990000	0.000000	0.000000	9.852184	0.652993
45000	0.990000	0.000000	0.000000	9.924975	0.651403
50000	0.990000	0.000000	0.000000	9.976151	0.650291
55000	0.990000	0.000000	0.000000	10.012249	0.649509
60000	0.990000	0.000000	0.000000	10.037768	0.648957
65000	0.990000	0.000000	0.000000	10.055837	0.648567
70000	0.990000	0.000000	0.000000	10.068646	0.648291
75000	0.990000	0.000000	0.000000	10.077732	0.648096
80000	0.990000	0.000000	0.000000	10.084182	0.647957
85000	0.990000	0.000000	0.000000	10.088761	0.647858
90000	0.990000	0.000000	0.000000	10.092014	0.647788
95000	0.990000	0.000000	0.000000	10.094325	0.647739
100000	0.990000	0.000000	0.000000	10.095967	0.647703

var1: 0.000000	 var2: 2.900000
gen	A2		B2		diseq		zbar		sexrat
0	0.990000	0.000000			3.000000	
5000	0.990000	0.000000	0.000000	6.439798	0.739080
10000	0.990000	0.000000	0.000000	7.796518	0.701901
15000	0.990000	0.000000	0.000000	8.571439	0.682505
20000	0.990000	0.000000	0.000000	9.059227	0.670910
25000	0.990000	0.000000	0.000000	9.380826	0.663509
30000	0.990000	0.000000	0.000000	9.598475	0.658605
35000	0.990000	0.000000	0.000000	9.748162	0.655281
40000	0.990000	0.000000	0.000000	9.852184	0.652993
45000	0.990000	0.000000	0.000000	9.924975	0.651403
50000	0.990000	0.000000	0.000000	9.976151	0.650291
55000	0.990000	0.000000	0.000000	10.012249	0.649509
60000	0.990000	0.000000	0.000000	10.037768	0.648957
65000	0.990000	0.000000	0.000000	10.055837	0.648567
70000	0.990000	0.000000	0.000000	10.068646	0.648291
75000	0.990000	0.000000	0.000000	10.077732	0.648096
80000	0.990000	0.000000	0.000000	10.084182	0.647957
85000	0.990000	0.000000	0.000000	10.088761	0.647858
90000	0.990000	0.000000	0.000000	10.092014	0.647788
95000	0.990000	0.000000	0.000000	10.094325	0.647739
100000	0.990000	0.000000	0.000000	10.095967	0.647703

var1: 0.000000	 var2: 3.000000
gen	A2		B2		diseq		zbar		sexrat
0	0.990000	0.000000			3.000000	
5000	0.990000	0.000000	0.000000	6.439798	0.739080
10000	0.990000	0.000000	0.000000	7.796518	0.701901
15000	0.990000	0.000000	0.000000	8.571439	0.682505
20000	0.990000	0.000000	0.000000	9.059227	0.670910
25000	0.990000	0.000000	0.000000	9.380826	0.663509
30000	0.990000	0.000000	0.000000	9.598475	0.658605
35000	0.990000	0.000000	0.000000	9.748162	0.655281
40000	0.990000	0.000000	0.000000	9.852184	0.652993
45000	0.990000	0.000000	0.000000	9.924975	0.651403
50000	0.990000	0.000000	0.000000	9.976151	0.650291
55000	0.990000	0.000000	0.000000	10.012249	0.649509
60000	0.990000	0.000000	0.000000	10.037768	0.648957
65000	0.990000	0.000000	0.000000	10.055837	0.648567
70000	0.990000	0.000000	0.000000	10.068646	0.648291
75000	0.990000	0.000000	0.000000	10.077732	0.648096
80000	0.990000	0.000000	0.000000	10.084182	0.647957
85000	0.990000	0.000000	0.000000	10.088761	0.647858
90000	0.990000	0.000000	0.000000	10.092014	0.647788
95000	0.990000	0.000000	0.000000	10.094325	0.647739
100000	0.990000	0.000000	0.000000	10.095967	0.647703

var1: 0.000000	 var2: 3.100000
gen	A2		B2		diseq		zbar		sexrat
0	0.990000	0.000000			3.000000	
5000	0.990000	0.000000	0.000000	6.439798	0.739080
10000	0.990000	0.000000	0.000000	7.796518	0.701901
15000	0.990000	0.000000	0.000000	8.571439	0.682505
20000	0.990000	0.000000	0.000000	9.059227	0.670910
25000	0.990000	0.000000	0.000000	9.380826	0.663509
30000	0.990000	0.000000	0.000000	9.598475	0.658605
35000	0.990000	0.000000	0.000000	9.748162	0.655281
40000	0.990000	0.000000	0.000000	9.852184	0.652993
45000	0.990000	0.000000	0.000000	9.924975	0.651403
50000	0.990000	0.000000	0.000000	9.976151	0.650291
55000	0.990000	0.000000	0.000000	10.012249	0.649509
60000	0.990000	0.000000	0.000000	10.037768	0.648957
65000	0.990000	0.000000	0.000000	10.055837	0.648567
70000	0.990000	0.000000	0.000000	10.068646	0.648291
75000	0.990000	0.000000	0.000000	10.077732	0.648096
80000	0.990000	0.000000	0.000000	10.084182	0.647957
85000	0.990000	0.000000	0.000000	10.088761	0.647858
90000	0.990000	0.000000	0.000000	10.092014	0.647788
95000	0.990000	0.000000	0.000000	10.094325	0.647739
100000	0.990000	0.000000	0.000000	10.095967	0.647703

var1: 0.000000	 var2: 3.200000
gen	A2		B2		diseq		zbar		sexrat
0	0.990000	0.000000			3.000000	
5000	0.990000	0.000000	0.000000	6.439798	0.739080
10000	0.990000	0.000000	0.000000	7.796518	0.701901
15000	0.990000	0.000000	0.000000	8.571439	0.682505
20000	0.990000	0.000000	0.000000	9.059227	0.670910
25000	0.990000	0.000000	0.000000	9.380826	0.663509
30000	0.990000	0.000000	0.000000	9.598475	0.658605
35000	0.990000	0.000000	0.000000	9.748162	0.655281
40000	0.990000	0.000000	0.000000	9.852184	0.652993
45000	0.990000	0.000000	0.000000	9.924975	0.651403
50000	0.990000	0.000000	0.000000	9.976151	0.650291
55000	0.990000	0.000000	0.000000	10.012249	0.649509
60000	0.990000	0.000000	0.000000	10.037768	0.648957
65000	0.990000	0.000000	0.000000	10.055837	0.648567
70000	0.990000	0.000000	0.000000	10.068646	0.648291
75000	0.990000	0.000000	0.000000	10.077732	0.648096
80000	0.990000	0.000000	0.000000	10.084182	0.647957
85000	0.990000	0.000000	0.000000	10.088761	0.647858
90000	0.990000	0.000000	0.000000	10.092014	0.647788
95000	0.990000	0.000000	0.000000	10.094325	0.647739
100000	0.990000	0.000000	0.000000	10.095967	0.647703

var1: 0.000000	 var2: 3.300000
gen	A2		B2		diseq		zbar		sexrat
0	0.990000	0.000000			3.000000	
5000	0.990000	0.000000	0.000000	6.439798	0.739080
10000	0.990000	0.000000	0.000000	7.796518	0.701901
15000	0.990000	0.000000	0.000000	8.571439	0.682505
20000	0.990000	0.000000	0.000000	9.059227	0.670910
25000	0.990000	0.000000	0.000000	9.380826	0.663509
30000	0.990000	0.000000	0.000000	9.598475	0.658605
35000	0.990000	0.000000	0.000000	9.748162	0.655281
40000	0.990000	0.000000	0.000000	9.852184	0.652993
45000	0.990000	0.000000	0.000000	9.924975	0.651403
50000	0.990000	0.000000	0.000000	9.976151	0.650291
55000	0.990000	0.000000	0.000000	10.012249	0.649509
60000	0.990000	0.000000	0.000000	10.037768	0.648957
65000	0.990000	0.000000	0.000000	10.055837	0.648567
70000	0.990000	0.000000	0.000000	10.068646	0.648291
75000	0.990000	0.000000	0.000000	10.077732	0.648096
80000	0.990000	0.000000	0.000000	10.084182	0.647957
85000	0.990000	0.000000	0.000000	10.088761	0.647858
90000	0.990000	0.000000	0.000000	10.092014	0.647788
95000	0.990000	0.000000	0.000000	10.094325	0.647739
100000	0.990000	0.000000	0.000000	10.095967	0.647703

var1: 0.000000	 var2: 3.400000
gen	A2		B2		diseq		zbar		sexrat
0	0.990000	0.000000			3.000000	
5000	0.990000	0.000000	0.000000	6.439798	0.739080
10000	0.990000	0.000000	0.000000	7.796518	0.701901
15000	0.990000	0.000000	0.000000	8.571439	0.682505
20000	0.990000	0.000000	0.000000	9.059227	0.670910
25000	0.990000	0.000000	0.000000	9.380826	0.663509
30000	0.990000	0.000000	0.000000	9.598475	0.658605
35000	0.990000	0.000000	0.000000	9.748162	0.655281
40000	0.990000	0.000000	0.000000	9.852184	0.652993
45000	0.990000	0.000000	0.000000	9.924975	0.651403
50000	0.990000	0.000000	0.000000	9.976151	0.650291
55000	0.990000	0.000000	0.000000	10.012249	0.649509
60000	0.990000	0.000000	0.000000	10.037768	0.648957
65000	0.990000	0.000000	0.000000	10.055837	0.648567
70000	0.990000	0.000000	0.000000	10.068646	0.648291
75000	0.990000	0.000000	0.000000	10.077732	0.648096
80000	0.990000	0.000000	0.000000	10.084182	0.647957
85000	0.990000	0.000000	0.000000	10.088761	0.647858
90000	0.990000	0.000000	0.000000	10.092014	0.647788
95000	0.990000	0.000000	0.000000	10.094325	0.647739
100000	0.990000	0.000000	0.000000	10.095967	0.647703

var1: 0.000000	 var2: 3.500000
gen	A2		B2		diseq		zbar		sexrat
0	0.990000	0.000000			3.000000	
5000	0.990000	0.000000	0.000000	6.439798	0.739080
10000	0.990000	0.000000	0.000000	7.796518	0.701901
15000	0.990000	0.000000	0.000000	8.571439	0.682505
20000	0.990000	0.000000	0.000000	9.059227	0.670910
25000	0.990000	0.000000	0.000000	9.380826	0.663509
30000	0.990000	0.000000	0.000000	9.598475	0.658605
35000	0.990000	0.000000	0.000000	9.748162	0.655281
40000	0.990000	0.000000	0.000000	9.852184	0.652993
45000	0.990000	0.000000	0.000000	9.924975	0.651403
50000	0.990000	0.000000	0.000000	9.976151	0.650291
55000	0.990000	0.000000	0.000000	10.012249	0.649509
60000	0.990000	0.000000	0.000000	10.037768	0.648957
65000	0.990000	0.000000	0.000000	10.055837	0.648567
70000	0.990000	0.000000	0.000000	10.068646	0.648291
75000	0.990000	0.000000	0.000000	10.077732	0.648096
80000	0.990000	0.000000	0.000000	10.084182	0.647957
85000	0.990000	0.000000	0.000000	10.088761	0.647858
90000	0.990000	0.000000	0.000000	10.092014	0.647788
95000	0.990000	0.000000	0.000000	10.094325	0.647739
100000	0.990000	0.000000	0.000000	10.095967	0.647703

var1: 0.000000	 var2: 3.600000
gen	A2		B2		diseq		zbar		sexrat
0	0.990000	0.000000			3.000000	
5000	0.990000	0.000000	0.000000	6.439798	0.739080
10000	0.990000	0.000000	0.000000	7.796518	0.701901
15000	0.990000	0.000000	0.000000	8.571439	0.682505
20000	0.990000	0.000000	0.000000	9.059227	0.670910
25000	0.990000	0.000000	0.000000	9.380826	0.663509
30000	0.990000	0.000000	0.000000	9.598475	0.658605
35000	0.990000	0.000000	0.000000	9.748162	0.655281
40000	0.990000	0.000000	0.000000	9.852184	0.652993
45000	0.990000	0.000000	0.000000	9.924975	0.651403
50000	0.990000	0.000000	0.000000	9.976151	0.650291
55000	0.990000	0.000000	0.000000	10.012249	0.649509
60000	0.990000	0.000000	0.000000	10.037768	0.648957
65000	0.990000	0.000000	0.000000	10.055837	0.648567
70000	0.990000	0.000000	0.000000	10.068646	0.648291
75000	0.990000	0.000000	0.000000	10.077732	0.648096
80000	0.990000	0.000000	0.000000	10.084182	0.647957
85000	0.990000	0.000000	0.000000	10.088761	0.647858
90000	0.990000	0.000000	0.000000	10.092014	0.647788
95000	0.990000	0.000000	0.000000	10.094325	0.647739
100000	0.990000	0.000000	0.000000	10.095967	0.647703

var1: 0.000000	 var2: 3.700000
gen	A2		B2		diseq		zbar		sexrat
0	0.990000	0.000000			3.000000	
5000	0.990000	0.000000	0.000000	6.439798	0.739080
10000	0.990000	0.000000	0.000000	7.796518	0.701901
15000	0.990000	0.000000	0.000000	8.571439	0.682505
20000	0.990000	0.000000	0.000000	9.059227	0.670910
25000	0.990000	0.000000	0.000000	9.380826	0.663509
30000	0.990000	0.000000	0.000000	9.598475	0.658605
35000	0.990000	0.000000	0.000000	9.748162	0.655281
40000	0.990000	0.000000	0.000000	9.852184	0.652993
45000	0.990000	0.000000	0.000000	9.924975	0.651403
50000	0.990000	0.000000	0.000000	9.976151	0.650291
55000	0.990000	0.000000	0.000000	10.012249	0.649509
60000	0.990000	0.000000	0.000000	10.037768	0.648957
65000	0.990000	0.000000	0.000000	10.055837	0.648567
70000	0.990000	0.000000	0.000000	10.068646	0.648291
75000	0.990000	0.000000	0.000000	10.077732	0.648096
80000	0.990000	0.000000	0.000000	10.084182	0.647957
85000	0.990000	0.000000	0.000000	10.088761	0.647858
90000	0.990000	0.000000	0.000000	10.092014	0.647788
95000	0.990000	0.000000	0.000000	10.094325	0.647739
100000	0.990000	0.000000	0.000000	10.095967	0.647703

var1: 0.000000	 var2: 3.800000
gen	A2		B2		diseq		zbar		sexrat
0	0.990000	0.000000			3.000000	
5000	0.990000	0.000000	0.000000	6.439798	0.739080
10000	0.990000	0.000000	0.000000	7.796518	0.701901
15000	0.990000	0.000000	0.000000	8.571439	0.682505
20000	0.990000	0.000000	0.000000	9.059227	0.670910
25000	0.990000	0.000000	0.000000	9.380826	0.663509
30000	0.990000	0.000000	0.000000	9.598475	0.658605
35000	0.990000	0.000000	0.000000	9.748162	0.655281
40000	0.990000	0.000000	0.000000	9.852184	0.652993
45000	0.990000	0.000000	0.000000	9.924975	0.651403
50000	0.990000	0.000000	0.000000	9.976151	0.650291
55000	0.990000	0.000000	0.000000	10.012249	0.649509
60000	0.990000	0.000000	0.000000	10.037768	0.648957
65000	0.990000	0.000000	0.000000	10.055837	0.648567
70000	0.990000	0.000000	0.000000	10.068646	0.648291
75000	0.990000	0.000000	0.000000	10.077732	0.648096
80000	0.990000	0.000000	0.000000	10.084182	0.647957
85000	0.990000	0.000000	0.000000	10.088761	0.647858
90000	0.990000	0.000000	0.000000	10.092014	0.647788
95000	0.990000	0.000000	0.000000	10.094325	0.647739
100000	0.990000	0.000000	0.000000	10.095967	0.647703

var1: 0.000000	 var2: 3.900000
gen	A2		B2		diseq		zbar		sexrat
0	0.990000	0.000000			3.000000	
5000	0.990000	0.000000	0.000000	6.439798	0.739080
10000	0.990000	0.000000	0.000000	7.796518	0.701901
15000	0.990000	0.000000	0.000000	8.571439	0.682505
20000	0.990000	0.000000	0.000000	9.059227	0.670910
25000	0.990000	0.000000	0.000000	9.380826	0.663509
30000	0.990000	0.000000	0.000000	9.598475	0.658605
35000	0.990000	0.000000	0.000000	9.748162	0.655281
40000	0.990000	0.000000	0.000000	9.852184	0.652993
45000	0.990000	0.000000	0.000000	9.924975	0.651403
50000	0.990000	0.000000	0.000000	9.976151	0.650291
55000	0.990000	0.000000	0.000000	10.012249	0.649509
60000	0.990000	0.000000	0.000000	10.037768	0.648957
65000	0.990000	0.000000	0.000000	10.055837	0.648567
70000	0.990000	0.000000	0.000000	10.068646	0.648291
75000	0.990000	0.000000	0.000000	10.077732	0.648096
80000	0.990000	0.000000	0.000000	10.084182	0.647957
85000	0.990000	0.000000	0.000000	10.088761	0.647858
90000	0.990000	0.000000	0.000000	10.092014	0.647788
95000	0.990000	0.000000	0.000000	10.094325	0.647739
100000	0.990000	0.000000	0.000000	10.095967	0.647703

var1: 0.000000	 var2: 4.000000
gen	A2		B2		diseq		zbar		sexrat
0	0.990000	0.000000			3.000000	
5000	0.990000	0.000000	0.000000	6.439798	0.739080
10000	0.990000	0.000000	0.000000	7.796518	0.701901
15000	0.990000	0.000000	0.000000	8.571439	0.682505
20000	0.990000	0.000000	0.000000	9.059227	0.670910
25000	0.990000	0.000000	0.000000	9.380826	0.663509
30000	0.990000	0.000000	0.000000	9.598475	0.658605
35000	0.990000	0.000000	0.000000	9.748162	0.655281
40000	0.990000	0.000000	0.000000	9.852184	0.652993
45000	0.990000	0.000000	0.000000	9.924975	0.651403
50000	0.990000	0.000000	0.000000	9.976151	0.650291
55000	0.990000	0.000000	0.000000	10.012249	0.649509
60000	0.990000	0.000000	0.000000	10.037768	0.648957
65000	0.990000	0.000000	0.000000	10.055837	0.648567
70000	0.990000	0.000000	0.000000	10.068646	0.648291
75000	0.990000	0.000000	0.000000	10.077732	0.648096
80000	0.990000	0.000000	0.000000	10.084182	0.647957
85000	0.990000	0.000000	0.000000	10.088761	0.647858
90000	0.990000	0.000000	0.000000	10.092014	0.647788
95000	0.990000	0.000000	0.000000	10.094325	0.647739
100000	0.990000	0.000000	0.000000	10.095967	0.647703

var1: 0.002500	 var2: 0.000000
gen	A2		B2		diseq		zbar		sexrat
0	0.990000	0.000000			3.000000	
5000	0.990000	0.000000	0.000000	6.378408	0.793539
10000	0.990000	0.000000	0.000000	7.617074	0.764272
15000	0.990000	0.000000	0.000000	8.270906	0.749853
20000	0.990000	0.000000	0.000000	8.649046	0.741813
25000	0.990000	0.000000	0.000000	8.876980	0.737068
30000	0.990000	0.000000	0.000000	9.017432	0.734181
35000	0.990000	0.000000	0.000000	9.105077	0.732393
40000	0.990000	0.000000	0.000000	9.160185	0.731275
45000	0.990000	0.000000	0.000000	9.194994	0.730570
50000	0.990000	0.000000	0.000000	9.217045	0.730125
55000	0.990000	0.000000	0.000000	9.231039	0.729843
60000	0.990000	0.000000	0.000000	9.239931	0.729664
65000	0.990000	0.000000	0.000000	9.245584	0.729550
70000	0.990000	0.000000	0.000000	9.249180	0.729477
75000	0.990000	0.000000	0.000000	9.251468	0.729431
80000	0.990000	0.000000	0.000000	9.252924	0.729402
85000	0.990000	0.000000	0.000000	9.253851	0.729383
90000	0.990000	0.000000	0.000000	9.254441	0.729372
95000	0.990000	0.000000	0.000000	9.254816	0.729364
100000	0.990000	0.000000	0.000000	9.255055	0.729359

var1: 0.002500	 var2: 0.100000
gen	A2		B2		diseq		zbar		sexrat
0	0.990000	0.000000			3.000000	
5000	0.990000	0.000000	0.000000	6.378408	0.793539
10000	0.990000	0.000000	0.000000	7.617074	0.764272
15000	0.990000	0.000000	0.000000	8.270906	0.749853
20000	0.990000	0.000000	0.000000	8.649046	0.741813
25000	0.990000	0.000000	0.000000	8.876980	0.737068
30000	0.990000	0.000000	0.000000	9.017432	0.734181
35000	0.990000	0.000000	0.000000	9.105077	0.732393
40000	0.990000	0.000000	0.000000	9.160185	0.731275
45000	0.990000	0.000000	0.000000	9.194994	0.730570
50000	0.990000	0.000000	0.000000	9.217045	0.730125
55000	0.990000	0.000000	0.000000	9.231039	0.729843
60000	0.990000	0.000000	0.000000	9.239931	0.729664
65000	0.990000	0.000000	0.000000	9.245584	0.729550
70000	0.990000	0.000000	0.000000	9.249180	0.729477
75000	0.990000	0.000000	0.000000	9.251468	0.729431
80000	0.990000	0.000000	0.000000	9.252924	0.729402
85000	0.990000	0.000000	0.000000	9.253851	0.729383
90000	0.990000	0.000000	0.000000	9.254441	0.729372
95000	0.990000	0.000000	0.000000	9.254816	0.729364
100000	0.990000	0.000000	0.000000	9.255055	0.729359

var1: 0.002500	 var2: 0.200000
gen	A2		B2		diseq		zbar		sexrat
0	0.990000	0.000000			3.000000	
5000	0.990000	0.000000	0.000000	6.378408	0.793539
10000	0.990000	0.000000	0.000000	7.617074	0.764272
15000	0.990000	0.000000	0.000000	8.270906	0.749853
20000	0.990000	0.000000	0.000000	8.649046	0.741813
25000	0.990000	0.000000	0.000000	8.876980	0.737068
30000	0.990000	0.000000	0.000000	9.017432	0.734181
35000	0.990000	0.000000	0.000000	9.105077	0.732393
40000	0.990000	0.000000	0.000000	9.160185	0.731275
45000	0.990000	0.000000	0.000000	9.194994	0.730570
50000	0.990000	0.000000	0.000000	9.217045	0.730125
55000	0.990000	0.000000	0.000000	9.231039	0.729843
60000	0.990000	0.000000	0.000000	9.239931	0.729664
65000	0.990000	0.000000	0.000000	9.245584	0.729550
70000	0.990000	0.000000	0.000000	9.249180	0.729477
75000	0.990000	0.000000	0.000000	9.251468	0.729431
80000	0.990000	0.000000	0.000000	9.252924	0.729402
85000	0.990000	0.000000	0.000000	9.253851	0.729383
90000	0.990000	0.000000	0.000000	9.254441	0.729372
95000	0.990000	0.000000	0.000000	9.254816	0.729364
100000	0.990000	0.000000	0.000000	9.255055	0.729359

var1: 0.002500	 var2: 0.300000
gen	A2		B2		diseq		zbar		sexrat
0	0.990000	0.000000			3.000000	
5000	0.990000	0.000000	0.000000	6.378408	0.793539
10000	0.990000	0.000000	0.000000	7.617074	0.764272
15000	0.990000	0.000000	0.000000	8.270906	0.749853
20000	0.990000	0.000000	0.000000	8.649046	0.741813
25000	0.990000	0.000000	0.000000	8.876980	0.737068
30000	0.990000	0.000000	0.000000	9.017432	0.734181
35000	0.990000	0.000000	0.000000	9.105077	0.732393
40000	0.990000	0.000000	0.000000	9.160185	0.731275
45000	0.990000	0.000000	0.000000	9.194994	0.730570
50000	0.990000	0.000000	0.000000	9.217045	0.730125
55000	0.990000	0.000000	0.000000	9.231039	0.729843
60000	0.990000	0.000000	0.000000	9.239931	0.729664
65000	0.990000	0.000000	0.000000	9.245584	0.729550
70000	0.990000	0.000000	0.000000	9.249180	0.729477
75000	0.990000	0.000000	0.000000	9.251468	0.729431
80000	0.990000	0.000000	0.000000	9.252924	0.729402
85000	0.990000	0.000000	0.000000	9.253851	0.729383
90000	0.990000	0.000000	0.000000	9.254441	0.729372
95000	0.990000	0.000000	0.000000	9.254816	0.729364
100000	0.990000	0.000000	0.000000	9.255055	0.729359

var1: 0.002500	 var2: 0.400000
gen	A2		B2		diseq		zbar		sexrat
0	0.990000	0.000000			3.000000	
5000	0.990000	0.000000	0.000000	6.378408	0.793539
10000	0.990000	0.000000	0.000000	7.617074	0.764272
15000	0.990000	0.000000	0.000000	8.270906	0.749853
20000	0.990000	0.000000	0.000000	8.649046	0.741813
25000	0.990000	0.000000	0.000000	8.876980	0.737068
30000	0.990000	0.000000	0.000000	9.017432	0.734181
35000	0.990000	0.000000	0.000000	9.105077	0.732393
40000	0.990000	0.000000	0.000000	9.160185	0.731275
45000	0.990000	0.000000	0.000000	9.194994	0.730570
50000	0.990000	0.000000	0.000000	9.217045	0.730125
55000	0.990000	0.000000	0.000000	9.231039	0.729843
60000	0.990000	0.000000	0.000000	9.239931	0.729664
65000	0.990000	0.000000	0.000000	9.245584	0.729550
70000	0.990000	0.000000	0.000000	9.249180	0.729477
75000	0.990000	0.000000	0.000000	9.251468	0.729431
80000	0.990000	0.000000	0.000000	9.252924	0.729402
85000	0.990000	0.000000	0.000000	9.253851	0.729383
90000	0.990000	0.000000	0.000000	9.254441	0.729372
95000	0.990000	0.000000	0.000000	9.254816	0.729364
100000	0.990000	0.000000	0.000000	9.255055	0.729359

var1: 0.002500	 var2: 0.500000
gen	A2		B2		diseq		zbar		sexrat
0	0.990000	0.000000			3.000000	
5000	0.990000	0.000000	0.000000	6.378408	0.793539
10000	0.990000	0.000000	0.000000	7.617074	0.764272
15000	0.990000	0.000000	0.000000	8.270906	0.749853
20000	0.990000	0.000000	0.000000	8.649046	0.741813
25000	0.990000	0.000000	0.000000	8.876980	0.737068
30000	0.990000	0.000000	0.000000	9.017432	0.734181
35000	0.990000	0.000000	0.000000	9.105077	0.732393
40000	0.990000	0.000000	0.000000	9.160185	0.731275
45000	0.990000	0.000000	0.000000	9.194994	0.730570
50000	0.990000	0.000000	0.000000	9.217045	0.730125
55000	0.990000	0.000000	0.000000	9.231039	0.729843
60000	0.990000	0.000000	0.000000	9.239931	0.729664
65000	0.990000	0.000000	0.000000	9.245584	0.729550
70000	0.990000	0.000000	0.000000	9.249180	0.729477
75000	0.990000	0.000000	0.000000	9.251468	0.729431
80000	0.990000	0.000000	0.000000	9.252924	0.729402
85000	0.990000	0.000000	0.000000	9.253851	0.729383
90000	0.990000	0.000000	0.000000	9.254441	0.729372
95000	0.990000	0.000000	0.000000	9.254816	0.729364
100000	0.990000	0.000000	0.000000	9.255055	0.729359

var1: 0.002500	 var2: 0.600000
gen	A2		B2		diseq		zbar		sexrat
0	0.990000	0.000000			3.000000	
5000	0.990000	0.000000	0.000000	6.378408	0.793539
10000	0.990000	0.000000	0.000000	7.617074	0.764272
15000	0.990000	0.000000	0.000000	8.270906	0.749853
20000	0.990000	0.000000	0.000000	8.649046	0.741813
25000	0.990000	0.000000	0.000000	8.876980	0.737068
30000	0.990000	0.000000	0.000000	9.017432	0.734181
35000	0.990000	0.000000	0.000000	9.105077	0.732393
40000	0.990000	0.000000	0.000000	9.160185	0.731275
45000	0.990000	0.000000	0.000000	9.194994	0.730570
50000	0.990000	0.000000	0.000000	9.217045	0.730125
55000	0.990000	0.000000	0.000000	9.231039	0.729843
60000	0.990000	0.000000	0.000000	9.239931	0.729664
65000	0.990000	0.000000	0.000000	9.245584	0.729550
70000	0.990000	0.000000	0.000000	9.249180	0.729477
75000	0.990000	0.000000	0.000000	9.251468	0.729431
80000	0.990000	0.000000	0.000000	9.252924	0.729402
85000	0.990000	0.000000	0.000000	9.253851	0.729383
90000	0.990000	0.000000	0.000000	9.254441	0.729372
95000	0.990000	0.000000	0.000000	9.254816	0.729364
100000	0.990000	0.000000	0.000000	9.255055	0.729359

var1: 0.002500	 var2: 0.700000
gen	A2		B2		diseq		zbar		sexrat
0	0.990000	0.000000			3.000000	
5000	0.990000	0.000000	0.000000	6.378408	0.793539
10000	0.990000	0.000000	0.000000	7.617074	0.764272
15000	0.990000	0.000000	0.000000	8.270906	0.749853
20000	0.990000	0.000000	0.000000	8.649046	0.741813
25000	0.990000	0.000000	0.000000	8.876980	0.737068
30000	0.990000	0.000000	0.000000	9.017432	0.734181
35000	0.990000	0.000000	0.000000	9.105077	0.732393
40000	0.990000	0.000000	0.000000	9.160185	0.731275
45000	0.990000	0.000000	0.000000	9.194994	0.730570
50000	0.990000	0.000000	0.000000	9.217045	0.730125
55000	0.990000	0.000000	0.000000	9.231039	0.729843
60000	0.990000	0.000000	0.000000	9.239931	0.729664
65000	0.990000	0.000000	0.000000	9.245584	0.729550
70000	0.990000	0.000000	0.000000	9.249180	0.729477
75000	0.990000	0.000000	0.000000	9.251468	0.729431
80000	0.990000	0.000000	0.000000	9.252924	0.729402
85000	0.990000	0.000000	0.000000	9.253851	0.729383
90000	0.990000	0.000000	0.000000	9.254441	0.729372
95000	0.990000	0.000000	0.000000	9.254816	0.729364
100000	0.990000	0.000000	0.000000	9.255055	0.729359

var1: 0.002500	 var2: 0.800000
gen	A2		B2		diseq		zbar		sexrat
0	0.990000	0.000000			3.000000	
5000	0.990000	0.000000	0.000000	6.378408	0.793539
10000	0.990000	0.000000	0.000000	7.617074	0.764272
15000	0.990000	0.000000	0.000000	8.270906	0.749853
20000	0.990000	0.000000	0.000000	8.649046	0.741813
25000	0.990000	0.000000	0.000000	8.876980	0.737068
30000	0.990000	0.000000	0.000000	9.017432	0.734181
35000	0.990000	0.000000	0.000000	9.105077	0.732393
40000	0.990000	0.000000	0.000000	9.160185	0.731275
45000	0.990000	0.000000	0.000000	9.194994	0.730570
50000	0.990000	0.000000	0.000000	9.217045	0.730125
55000	0.990000	0.000000	0.000000	9.231039	0.729843
60000	0.990000	0.000000	0.000000	9.239931	0.729664
65000	0.990000	0.000000	0.000000	9.245584	0.729550
70000	0.990000	0.000000	0.000000	9.249180	0.729477
75000	0.990000	0.000000	0.000000	9.251468	0.729431
80000	0.990000	0.000000	0.000000	9.252924	0.729402
85000	0.990000	0.000000	0.000000	9.253851	0.729383
90000	0.990000	0.000000	0.000000	9.254441	0.729372
95000	0.990000	0.000000	0.000000	9.254816	0.729364
100000	0.990000	0.000000	0.000000	9.255055	0.729359

var1: 0.002500	 var2: 0.900000
gen	A2		B2		diseq		zbar		sexrat
0	0.990000	0.000000			3.000000	
5000	0.990000	0.000000	0.000000	6.378408	0.793539
10000	0.990000	0.000000	0.000000	7.617074	0.764272
15000	0.990000	0.000000	0.000000	8.270906	0.749853
20000	0.990000	0.000000	0.000000	8.649046	0.741813
25000	0.990000	0.000000	0.000000	8.876980	0.737068
30000	0.990000	0.000000	0.000000	9.017432	0.734181
35000	0.990000	0.000000	0.000000	9.105077	0.732393
40000	0.990000	0.000000	0.000000	9.160185	0.731275
45000	0.990000	0.000000	0.000000	9.194994	0.730570
50000	0.990000	0.000000	0.000000	9.217045	0.730125
55000	0.990000	0.000000	0.000000	9.231039	0.729843
60000	0.990000	0.000000	0.000000	9.239931	0.729664
65000	0.990000	0.000000	0.000000	9.245584	0.729550
70000	0.990000	0.000000	0.000000	9.249180	0.729477
75000	0.990000	0.000000	0.000000	9.251468	0.729431
80000	0.990000	0.000000	0.000000	9.252924	0.729402
85000	0.990000	0.000000	0.000000	9.253851	0.729383
90000	0.990000	0.000000	0.000000	9.254441	0.729372
95000	0.990000	0.000000	0.000000	9.254816	0.729364
100000	0.990000	0.000000	0.000000	9.255055	0.729359

var1: 0.002500	 var2: 1.000000
gen	A2		B2		diseq		zbar		sexrat
0	0.990000	0.000000			3.000000	
5000	0.990000	0.000000	0.000000	6.378408	0.793539
10000	0.990000	0.000000	0.000000	7.617074	0.764272
15000	0.990000	0.000000	0.000000	8.270906	0.749853
20000	0.990000	0.000000	0.000000	8.649046	0.741813
25000	0.990000	0.000000	0.000000	8.876980	0.737068
30000	0.990000	0.000000	0.000000	9.017432	0.734181
35000	0.990000	0.000000	0.000000	9.105077	0.732393
40000	0.990000	0.000000	0.000000	9.160185	0.731275
45000	0.990000	0.000000	0.000000	9.194994	0.730570
50000	0.990000	0.000000	0.000000	9.217045	0.730125
55000	0.990000	0.000000	0.000000	9.231039	0.729843
60000	0.990000	0.000000	0.000000	9.239931	0.729664
65000	0.990000	0.000000	0.000000	9.245584	0.729550
70000	0.990000	0.000000	0.000000	9.249180	0.729477
75000	0.990000	0.000000	0.000000	9.251468	0.729431
80000	0.990000	0.000000	0.000000	9.252924	0.729402
85000	0.990000	0.000000	0.000000	9.253851	0.729383
90000	0.990000	0.000000	0.000000	9.254441	0.729372
95000	0.990000	0.000000	0.000000	9.254816	0.729364
100000	0.990000	0.000000	0.000000	9.255055	0.729359

var1: 0.002500	 var2: 1.100000
gen	A2		B2		diseq		zbar		sexrat
0	0.990000	0.000000			3.000000	
5000	0.990000	0.000000	0.000000	6.378408	0.793539
10000	0.990000	0.000000	0.000000	7.617074	0.764272
15000	0.990000	0.000000	0.000000	8.270906	0.749853
20000	0.990000	0.000000	0.000000	8.649046	0.741813
25000	0.990000	0.000000	0.000000	8.876980	0.737068
30000	0.990000	0.000000	0.000000	9.017432	0.734181
35000	0.990000	0.000000	0.000000	9.105077	0.732393
40000	0.990000	0.000000	0.000000	9.160185	0.731275
45000	0.990000	0.000000	0.000000	9.194994	0.730570
50000	0.990000	0.000000	0.000000	9.217045	0.730125
55000	0.990000	0.000000	0.000000	9.231039	0.729843
60000	0.990000	0.000000	0.000000	9.239931	0.729664
65000	0.990000	0.000000	0.000000	9.245584	0.729550
70000	0.990000	0.000000	0.000000	9.249180	0.729477
75000	0.990000	0.000000	0.000000	9.251468	0.729431
80000	0.990000	0.000000	0.000000	9.252924	0.729402
85000	0.990000	0.000000	0.000000	9.253851	0.729383
90000	0.990000	0.000000	0.000000	9.254441	0.729372
95000	0.990000	0.000000	0.000000	9.254816	0.729364
100000	0.990000	0.000000	0.000000	9.255055	0.729359

var1: 0.002500	 var2: 1.200000
gen	A2		B2		diseq		zbar		sexrat
0	0.990000	0.000000			3.000000	
5000	0.990000	0.000000	0.000000	6.378408	0.793539
10000	0.990000	0.000000	0.000000	7.617074	0.764272
15000	0.990000	0.000000	0.000000	8.270906	0.749853
20000	0.990000	0.000000	0.000000	8.649046	0.741813
25000	0.990000	0.000000	0.000000	8.876980	0.737068
30000	0.990000	0.000000	0.000000	9.017432	0.734181
35000	0.990000	0.000000	0.000000	9.105077	0.732393
40000	0.990000	0.000000	0.000000	9.160185	0.731275
45000	0.990000	0.000000	0.000000	9.194994	0.730570
50000	0.990000	0.000000	0.000000	9.217045	0.730125
55000	0.990000	0.000000	0.000000	9.231039	0.729843
60000	0.990000	0.000000	0.000000	9.239931	0.729664
65000	0.990000	0.000000	0.000000	9.245584	0.729550
70000	0.990000	0.000000	0.000000	9.249180	0.729477
75000	0.990000	0.000000	0.000000	9.251468	0.729431
80000	0.990000	0.000000	0.000000	9.252924	0.729402
85000	0.990000	0.000000	0.000000	9.253851	0.729383
90000	0.990000	0.000000	0.000000	9.254441	0.729372
95000	0.990000	0.000000	0.000000	9.254816	0.729364
100000	0.990000	0.000000	0.000000	9.255055	0.729359

var1: 0.002500	 var2: 1.300000
gen	A2		B2		diseq		zbar		sexrat
0	0.990000	0.000000			3.000000	
5000	0.990000	0.000000	0.000000	6.378408	0.793539
10000	0.990000	0.000000	0.000000	7.617074	0.764272
15000	0.990000	0.000000	0.000000	8.270906	0.749853
20000	0.990000	0.000000	0.000000	8.649046	0.741813
25000	0.990000	0.000000	0.000000	8.876980	0.737068
30000	0.990000	0.000000	0.000000	9.017432	0.734181
35000	0.990000	0.000000	0.000000	9.105077	0.732393
40000	0.990000	0.000000	0.000000	9.160185	0.731275
45000	0.990000	0.000000	0.000000	9.194994	0.730570
50000	0.990000	0.000000	0.000000	9.217045	0.730125
55000	0.990000	0.000000	0.000000	9.231039	0.729843
60000	0.990000	0.000000	0.000000	9.239931	0.729664
65000	0.990000	0.000000	0.000000	9.245584	0.729550
70000	0.990000	0.000000	0.000000	9.249180	0.729477
75000	0.990000	0.000000	0.000000	9.251468	0.729431
80000	0.990000	0.000000	0.000000	9.252924	0.729402
85000	0.990000	0.000000	0.000000	9.253851	0.729383
90000	0.990000	0.000000	0.000000	9.254441	0.729372
95000	0.990000	0.000000	0.000000	9.254816	0.729364
100000	0.990000	0.000000	0.000000	9.255055	0.729359

var1: 0.002500	 var2: 1.400000
gen	A2		B2		diseq		zbar		sexrat
0	0.990000	0.000000			3.000000	
5000	0.990000	0.000000	0.000000	6.378408	0.793539
10000	0.990000	0.000000	0.000000	7.617074	0.764272
15000	0.990000	0.000000	0.000000	8.270906	0.749853
20000	0.990000	0.000000	0.000000	8.649046	0.741813
25000	0.990000	0.000000	0.000000	8.876980	0.737068
30000	0.990000	0.000000	0.000000	9.017432	0.734181
35000	0.990000	0.000000	0.000000	9.105077	0.732393
40000	0.990000	0.000000	0.000000	9.160185	0.731275
45000	0.990000	0.000000	0.000000	9.194994	0.730570
50000	0.990000	0.000000	0.000000	9.217045	0.730125
55000	0.990000	0.000000	0.000000	9.231039	0.729843
60000	0.990000	0.000000	0.000000	9.239931	0.729664
65000	0.990000	0.000000	0.000000	9.245584	0.729550
70000	0.990000	0.000000	0.000000	9.249180	0.729477
75000	0.990000	0.000000	0.000000	9.251468	0.729431
80000	0.990000	0.000000	0.000000	9.252924	0.729402
85000	0.990000	0.000000	0.000000	9.253851	0.729383
90000	0.990000	0.000000	0.000000	9.254441	0.729372
95000	0.990000	0.000000	0.000000	9.254816	0.729364
100000	0.990000	0.000000	0.000000	9.255055	0.729359

var1: 0.002500	 var2: 1.500000
gen	A2		B2		diseq		zbar		sexrat
0	0.990000	0.000000			3.000000	
5000	0.990000	0.000000	0.000000	6.378408	0.793539
10000	0.990000	0.000000	0.000000	7.617074	0.764272
15000	0.990000	0.000000	0.000000	8.270906	0.749853
20000	0.990000	0.000000	0.000000	8.649046	0.741813
25000	0.990000	0.000000	0.000000	8.876980	0.737068
30000	0.990000	0.000000	0.000000	9.017432	0.734181
35000	0.990000	0.000000	0.000000	9.105077	0.732393
40000	0.990000	0.000000	0.000000	9.160185	0.731275
45000	0.990000	0.000000	0.000000	9.194994	0.730570
50000	0.990000	0.000000	0.000000	9.217045	0.730125
55000	0.990000	0.000000	0.000000	9.231039	0.729843
60000	0.990000	0.000000	0.000000	9.239931	0.729664
65000	0.990000	0.000000	0.000000	9.245584	0.729550
70000	0.990000	0.000000	0.000000	9.249180	0.729477
75000	0.990000	0.000000	0.000000	9.251468	0.729431
80000	0.990000	0.000000	0.000000	9.252924	0.729402
85000	0.990000	0.000000	0.000000	9.253851	0.729383
90000	0.990000	0.000000	0.000000	9.254441	0.729372
95000	0.990000	0.000000	0.000000	9.254816	0.729364
100000	0.990000	0.000000	0.000000	9.255055	0.729359

var1: 0.002500	 var2: 1.600000
gen	A2		B2		diseq		zbar		sexrat
0	0.990000	0.000000			3.000000	
5000	0.990000	0.000000	0.000000	6.378408	0.793539
10000	0.990000	0.000000	0.000000	7.617074	0.764272
15000	0.990000	0.000000	0.000000	8.270906	0.749853
20000	0.990000	0.000000	0.000000	8.649046	0.741813
25000	0.990000	0.000000	0.000000	8.876980	0.737068
30000	0.990000	0.000000	0.000000	9.017432	0.734181
35000	0.990000	0.000000	0.000000	9.105077	0.732393
40000	0.990000	0.000000	0.000000	9.160185	0.731275
45000	0.990000	0.000000	0.000000	9.194994	0.730570
50000	0.990000	0.000000	0.000000	9.217045	0.730125
55000	0.990000	0.000000	0.000000	9.231039	0.729843
60000	0.990000	0.000000	0.000000	9.239931	0.729664
65000	0.990000	0.000000	0.000000	9.245584	0.729550
70000	0.990000	0.000000	0.000000	9.249180	0.729477
75000	0.990000	0.000000	0.000000	9.251468	0.729431
80000	0.990000	0.000000	0.000000	9.252924	0.729402
85000	0.990000	0.000000	0.000000	9.253851	0.729383
90000	0.990000	0.000000	0.000000	9.254441	0.729372
95000	0.990000	0.000000	0.000000	9.254816	0.729364
100000	0.990000	0.000000	0.000000	9.255055	0.729359

var1: 0.002500	 var2: 1.700000
gen	A2		B2		diseq		zbar		sexrat
0	0.990000	0.000000			3.000000	
5000	0.990000	0.000000	0.000000	6.378408	0.793539
10000	0.990000	0.000000	0.000000	7.617074	0.764272
15000	0.990000	0.000000	0.000000	8.270906	0.749853
20000	0.990000	0.000000	0.000000	8.649046	0.741813
25000	0.990000	0.000000	0.000000	8.876980	