
########################### Run 1 ######################
var1: 0.000000	 var2: 0.000000
gen	A2		B2		diseq		zbar		sexrat
0	0.000000	0.000000			3.336000	
600	0.000000	0.000000	0.000000	5.735470	1.000000
1200	0.000000	0.000000	0.000000	5.735556	1.000000
1800	0.000000	0.000000	0.000000	5.735556	1.000000
2400	0.000000	0.000000	0.000000	5.735556	1.000000
3000	0.000000	0.000000	0.000000	5.735556	1.000000

var1: 0.000000	 var2: 0.050000
gen	A2		B2		diseq		zbar		sexrat
0	0.000000	0.000000			3.336000	
600	0.000000	0.000000	0.000000	5.735470	1.000000
1200	0.000000	0.000000	0.000000	5.735556	1.000000
1800	0.000000	0.000000	0.000000	5.735556	1.000000
2400	0.000000	0.000000	0.000000	5.735556	1.000000
3000	0.000000	0.000000	0.000000	5.735556	1.000000

var1: 0.000000	 var2: 0.100000
gen	A2		B2		diseq		zbar		sexrat
0	0.000000	0.000000			3.336000	
600	0.000000	0.000000	0.000000	5.735470	1.000000
1200	0.000000	0.000000	0.000000	5.735556	1.000000
1800	0.000000	0.000000	0.000000	5.735556	1.000000
2400	0.000000	0.000000	0.000000	5.735556	1.000000
3000	0.000000	0.000000	0.000000	5.735556	1.000000

var1: 0.000000	 var2: 0.150000
gen	A2		B2		diseq		zbar		sexrat
0	0.000000	0.000000			3.336000	
600	0.000000	0.000000	0.000000	5.735470	1.000000
1200	0.000000	0.000000	0.000000	5.735556	1.000000
1800	0.000000	0.000000	0.000000	5.735556	1.000000
2400	0.000000	0.000000	0.000000	5.735556	1.000000
3000	0.000000	0.000000	0.000000	5.735556	1.000000

var1: 0.000000	 var2: 0.200000
gen	A2		B2		diseq		zbar		sexrat
0	0.000000	0.000000			3.336000	
600	0.000000	0.000000	0.000000	5.735470	1.000000
1200	0.000000	0.000000	0.000000	5.735556	1.000000
1800	0.000000	0.000000	0.000000	5.735556	1.000000
2400	0.000000	0.000000	0.000000	5.735556	1.000000
3000	0.000000	0.000000	0.000000	5.735556	1.000000

var1: 0.000000	 var2: 0.250000
gen	A2		B2		diseq		zbar		sexrat
0	0.000000	0.000000			3.336000	
600	0.000000	0.000000	0.000000	5.735470	1.000000
1200	0.000000	0.000000	0.000000	5.735556	1.000000
1800	0.000000	0.000000	0.000000	5.735556	1.000000
2400	0.000000	0.000000	0.000000	5.735556	1.000000
3000	0.000000	0.000000	0.000000	5.735556	1.000000

var1: 0.050000	 var2: 0.000000
gen	A2		B2		diseq		zbar		sexrat
0	0.000000	0.000000			3.336000	
600	0.000000	0.000000	0.000000	5.735470	1.000000
1200	0.000000	0.000000	0.000000	5.735556	1.000000
1800	0.000000	0.000000	0.000000	5.735556	1.000000
2400	0.000000	0.000000	0.000000	5.735556	1.000000
3000	0.000000	0.000000	0.000000	5.735556	1.000000

var1: 0.050000	 var2: 0.050000
gen	A2		B2		diseq		zbar		sexrat
0	0.000000	0.000000			3.336000	
600	0.000000	0.000000	0.000000	5.735470	1.000000
1200	0.000000	0.000000	0.000000	5.735556	1.000000
1800	0.000000	0.000000	0.000000	5.735556	1.000000
2400	0.000000	0.000000	0.000000	5.735556	1.000000
3000	0.000000	0.000000	0.000000	5.735556	1.000000

var1: 0.050000	 var2: 0.100000
gen	A2		B2		diseq		zbar		sexrat
0	0.000000	0.000000			3.336000	
600	0.000000	0.000000	0.000000	5.735470	1.000000
1200	0.000000	0.000000	0.000000	5.735556	1.000000
1800	0.000000	0.000000	0.000000	5.735556	1.000000
2400	0.000000	0.000000	0.000000	5.735556	1.000000
3000	0.000000	0.000000	0.000000	5.735556	1.000000

var1: 0.050000	 var2: 0.150000
gen	A2		B2		diseq		zbar		sexrat
0	0.000000	0.000000			3.336000	
600	0.000000	0.000000	0.000000	5.735470	1.000000
1200	0.000000	0.000000	0.000000	5.735556	1.000000
1800	0.000000	0.000000	0.000000	5.735556	1.000000
2400	0.000000	0.000000	0.000000	5.735556	1.000000
3000	0.000000	0.000000	0.000000	5.735556	1.000000

var1: 0.050000	 var2: 0.200000
gen	A2		B2		diseq		zbar		sexrat
0	0.000000	0.000000			3.336000	
600	0.000000	0.000000	0.000000	5.735470	1.000000
1200	0.000000	0.000000	0.000000	5.735556	1.000000
1800	0.000000	0.000000	0.000000	5.735556	1.000000
2400	0.000000	0.000000	0.000000	5.735556	1.000000
3000	0.000000	0.000000	0.000000	5.735556	1.000000

var1: 0.050000	 var2: 0.250000
gen	A2		B2		diseq		zbar		sexrat
0	0.000000	0.000000			3.336000	
600	0.000000	0.000000	0.000000	5.735470	1.000000
1200	0.000000	0.000000	0.000000	5.735556	1.000000
1800	0.000000	0.000000	0.000000	5.735556	1.000000
2400	0.000000	0.000000	0.000000	5.735556	1.000000
3000	0.000000	0.000000	0.000000	5.735556	1.000000

var1: 0.100000	 var2: 0.000000
gen	A2		B2		diseq		zbar		sexrat
0	0.000000	0.000000			3.336000	
600	0.000000	0.000000	0.000000	5.735470	1.000000
1200	0.000000	0.000000	0.000000	5.735556	1.000000
1800	0.000000	0.000000	0.000000	5.735556	1.000000
2400	0.000000	0.000000	0.000000	5.735556	1.000000
3000	0.000000	0.000000	0.000000	5.735556	1.000000

var1: 0.100000	 var2: 0.050000
gen	A2		B2		diseq		zbar		sexrat
0	0.000000	0.000000			3.336000	
600	0.000000	0.000000	0.000000	5.735470	1.000000
1200	0.000000	0.000000	0.000000	5.735556	1.000000
1800	0.000000	0.000000	0.000000	5.735556	1.000000
2400	0.000000	0.000000	0.000000	5.735556	1.000000
3000	0.000000	0.000000	0.000000	5.735556	1.000000

var1: 0.100000	 var2: 0.100000
gen	A2		B2		diseq		zbar		sexrat
0	0.000000	0.000000			3.336000	
600	0.000000	0.000000	0.000000	5.735470	1.000000
1200	0.000000	0.000000	0.000000	5.735556	1.000000
1800	0.000000	0.000000	0.000000	5.735556	1.000000
2400	0.000000	0.000000	0.000000	5.735556	1.000000
3000	0.000000	0.000000	0.000000	5.735556	1.000000

var1: 0.100000	 var2: 0.150000
gen	A2		B2		diseq		zbar		sexrat
0	0.000000	0.000000			3.336000	
600	0.000000	0.000000	0.000000	5.735470	1.000000
1200	0.000000	0.000000	0.000000	5.735556	1.000000
1800	0.000000	0.000000	0.000000	5.735556	1.000000
2400	0.000000	0.000000	0.000000	5.735556	1.000000
3000	0.000000	0.000000	0.000000	5.735556	1.000000

var1: 0.100000	 var2: 0.200000
gen	A2		B2		diseq		zbar		sexrat
0	0.000000	0.000000			3.336000	
600	0.000000	0.000000	0.000000	5.735470	1.000000
1200	0.000000	0.000000	0.000000	5.735556	1.000000
1800	0.000000	0.000000	0.000000	5.735556	1.000000
2400	0.000000	0.000000	0.000000	5.735556	1.000000
3000	0.000000	0.000000	0.000000	5.735556	1.000000

var1: 0.100000	 var2: 0.250000
gen	A2		B2		diseq		zbar		sexrat
0	0.000000	0.000000			3.336000	
600	0.000000	0.000000	0.000000	5.735470	1.000000
1200	0.000000	0.000000	0.000000	5.735556	1.000000
1800	0.000000	0.000000	0.000000	5.735556	1.000000
2400	0.000000	0.000000	0.000000	5.735556	1.000000
3000	0.000000	0.000000	0.000000	5.735556	1.000000

var1: 0.150000	 var2: 0.000000
gen	A2		B2		diseq		zbar		sexrat
0	0.000000	0.000000			3.336000	
600	0.000000	0.000000	0.000000	5.735470	1.000000
1200	0.000000	0.000000	0.000000	5.735556	1.000000
1800	0.000000	0.000000	0.000000	5.735556	1.000000
2400	0.000000	0.000000	0.000000	5.735556	1.000000
3000	0.000000	0.000000	0.000000	5.735556	1.000000

var1: 0.150000	 var2: 0.050000
gen	A2		B2		diseq		zbar		sexrat
0	0.000000	0.000000			3.336000	
600	0.000000	0.000000	0.000000	5.735470	1.000000
1200	0.000000	0.000000	0.000000	5.735556	1.000000
1800	0.000000	0.000000	0.000000	5.735556	1.000000
2400	0.000000	0.000000	0.000000	5.735556	1.000000
3000	0.000000	0.000000	0.000000	5.735556	1.000000

var1: 0.150000	 var2: 0.100000
gen	A2		B2		diseq		zbar		sexrat
0	0.000000	0.000000			3.336000	
600	0.000000	0.000000	0.000000	5.735470	1.000000
1200	0.000000	0.000000	0.000000	5.735556	1.000000
1800	0.000000	0.000000	0.000000	5.735556	1.000000
2400	0.000000	0.000000	0.000000	5.735556	1.000000
3000	0.000000	0.000000	0.000000	5.735556	1.000000

var1: 0.150000	 var2: 0.150000
gen	A2		B2		diseq		zbar		sexrat
0	0.000000	0.000000			3.336000	
600	0.000000	0.000000	0.000000	5.735470	1.000000
1200	0.000000	0.000000	0.000000	5.735556	1.000000
1800	0.000000	0.000000	0.000000	5.735556	1.000000
2400	0.000000	0.000000	0.000000	5.735556	1.000000
3000	0.000000	0.000000	0.000000	5.735556	1.000000

var1: 0.150000	 var2: 0.200000
gen	A2		B2		diseq		zbar		sexrat
0	0.000000	0.000000			3.336000	
600	0.000000	0.000000	0.000000	5.735470	1.000000
1200	0.000000	0.000000	0.000000	5.735556	1.000000
1800	0.000000	0.000000	0.000000	5.735556	1.000000
2400	0.000000	0.000000	0.000000	5.735556	1.000000
3000	0.000000	0.000000	0.000000	5.735556	1.000000

var1: 0.150000	 var2: 0.250000
gen	A2		B2		diseq		zbar		sexrat
0	0.000000	0.000000			3.336000	
600	0.000000	0.000000	0.000000	5.735470	1.000000
1200	0.000000	0.000000	0.000000	5.735556	1.000000
1800	0.000000	0.000000	0.000000	5.735556	1.000000
2400	0.000000	0.000000	0.000000	5.735556	1.000000
3000	0.000000	0.000000	0.000000	5.735556	1.000000

var1: 0.200000	 var2: 0.000000
gen	A2		B2		diseq		zbar		sexrat
0	0.000000	0.000000			3.336000	
600	0.000000	0.000000	0.000000	5.735470	1.000000
1200	0.000000	0.000000	0.000000	5.735556	1.000000
1800	0.000000	0.000000	0.000000	5.735556	1.000000
2400	0.000000	0.000000	0.000000	5.735556	1.000000
3000	0.000000	0.000000	0.000000	5.735556	1.000000

var1: 0.200000	 var2: 0.050000
gen	A2		B2		diseq		zbar		sexrat
0	0.000000	0.000000			3.336000	
600	0.000000	0.000000	0.000000	5.735470	1.000000
1200	0.000000	0.000000	0.000000	5.735556	1.000000
1800	0.000000	0.000000	0.000000	5.735556	1.000000
2400	0.000000	0.000000	0.000000	5.735556	1.000000
3000	0.000000	0.000000	0.000000	5.735556	1.000000

var1: 0.200000	 var2: 0.100000
gen	A2		B2		diseq		zbar		sexrat
0	0.000000	0.000000			3.336000	
600	0.000000	0.000000	0.000000	5.735470	1.000000
1200	0.000000	0.000000	0.000000	5.735556	1.000000
1800	0.000000	0.000000	0.000000	5.735556	1.000000
2400	0.000000	0.000000	0.000000	5.735556	1.000000
3000	0.000000	0.000000	0.000000	5.735556	1.000000

var1: 0.200000	 var2: 0.150000
gen	A2		B2		diseq		zbar		sexrat
0	0.000000	0.000000			3.336000	
600	0.000000	0.000000	0.000000	5.735470	1.000000
1200	0.000000	0.000000	0.000000	5.735556	1.000000
1800	0.000000	0.000000	0.000000	5.735556	1.000000
2400	0.000000	0.000000	0.000000	5.735556	1.000000
3000	0.000000	0.000000	0.000000	5.735556	1.000000

var1: 0.200000	 var2: 0.200000
gen	A2		B2		diseq		zbar		sexrat
0	0.000000	0.000000			3.336000	
600	0.000000	0.000000	0.000000	5.735470	1.000000
1200	0.000000	0.000000	0.000000	5.735556	1.000000
1800	0.000000	0.000000	0.000000	5.735556	1.000000
2400	0.000000	0.000000	0.000000	5.735556	1.000000
3000	0.000000	0.000000	0.000000	5.735556	1.000000

var1: 0.200000	 var2: 0.250000
gen	A2		B2		diseq		zbar		sexrat
0	0.000000	0.000000			3.336000	
600	0.000000	0.000000	0.000000	5.735470	1.000000
1200	0.000000	0.000000	0.000000	5.735556	1.000000
1800	0.000000	0.000000	0.000000	5.735556	1.000000
2400	0.000000	0.000000	0.000000	5.735556	1.000000
3000	0.000000	0.000000	0.000000	5.735556	1.000000

var1: 0.250000	 var2: 0.000000
gen	A2		B2		diseq		zbar		sexrat
0	0.000000	0.000000			3.336000	
600	0.000000	0.000000	0.000000	5.735470	1.000000
1200	0.000000	0.000000	0.000000	5.735556	1.000000
1800	0.000000	0.000000	0.000000	5.735556	1.000000
2400	0.000000	0.000000	0.000000	5.735556	1.000000
3000	0.000000	0.000000	0.000000	5.735556	1.000000

var1: 0.250000	 var2: 0.050000
gen	A2		B2		diseq		zbar		sexrat
0	0.000000	0.000000			3.336000	
600	0.000000	0.000000	0.000000	5.735470	1.000000
1200	0.000000	0.000000	0.000000	5.735556	1.000000
1800	0.000000	0.000000	0.000000	5.735556	1.000000
2400	0.000000	0.000000	0.000000	5.735556	1.000000
3000	0.000000	0.000000	0.000000	5.735556	1.000000

var1: 0.250000	 var2: 0.100000
gen	A2		B2		diseq		zbar		sexrat
0	0.000000	0.000000			3.336000	
600	0.000000	0.000000	0.000000	5.735470	1.000000
1200	0.000000	0.000000	0.000000	5.735556	1.000000
1800	0.000000	0.000000	0.000000	5.735556	1.000000
2400	0.000000	0.000000	0.000000	5.735556	1.000000
3000	0.000000	0.000000	0.000000	5.735556	1.000000

var1: 0.250000	 var2: 0.150000
gen	A2		B2		diseq		zbar		sexrat
0	0.000000	0.000000			3.336000	
600	0.000000	0.000000	0.000000	5.735470	1.000000
1200	0.000000	0.000000	0.000000	5.735556	1.000000
1800	0.000000	0.000000	0.000000	5.735556	1.000000
2400	0.000000	0.000000	0.000000	5.735556	1.000000
3000	0.000000	0.000000	0.000000	5.735556	1.000000

var1: 0.250000	 var2: 0.200000
gen	A2		B2		diseq		zbar		sexrat
0	0.000000	0.000000			3.336000	
600	0.000000	0.000000	0.000000	5.735470	1.000000
1200	0.000000	0.000000	0.000000	5.735556	1.000000
1800	0.000000	0.000000	0.000000	5.735556	1.000000
2400	0.000000	0.000000	0.000000	5.735556	1.000000
3000	0.000000	0.000000	0.000000	5.735556	1.000000

var1: 0.250000	 var2: 0.250000
gen	A2		B2		diseq		zbar		sexrat
0	0.000000	0.000000			3.336000	
600	0.000000	0.000000	0.000000	5.735470	1.000000
1200	0.000000	0.000000	0.000000	5.735556	1.000000
1800	0.000000	0.000000	0.000000	5.735556	1.000000
2400	0.000000	0.000000	0.000000	5.735556	1.000000
3000	0.000000	0.000000	0.000000	5.735556	1.000000


########################### Run 2 ######################
var1: 0.000000	 var2: 0.000000
gen	A2		B2		diseq		zbar		sexrat
0	0.000000	0.000000			5.735556	
600	0.000000	0.000000	0.000000	5.735556	1.000000
1200	0.000000	0.000000	0.000000	5.735556	1.000000
1800	0.000000	0.000000	0.000000	5.735556	1.000000
2400	0.000000	0.000000	0.000000	5.735556	1.000000
3000	0.000000	0.000000	0.000000	5.735556	1.000000

var1: 0.000000	 var2: 0.050000
gen	A2		B2		diseq		zbar		sexrat
0	0.000000	0.000000			5.735556	
600	0.000000	0.000000	0.000000	5.735556	1.000000
1200	0.000000	0.000000	0.000000	5.735556	1.000000
1800	0.000000	0.000000	0.000000	5.735556	1.000000
2400	0.000000	0.000000	0.000000	5.735556	1.000000
3000	0.000000	0.000000	0.000000	5.735556	1.000000

var1: 0.000000	 var2: 0.100000
gen	A2		B2		diseq		zbar		sexrat
0	0.000000	0.000000			5.735556	
600	0.000000	0.000000	0.000000	5.735556	1.000000
1200	0.000000	0.000000	0.000000	5.735556	1.000000
1800	0.000000	0.000000	0.000000	5.735556	1.000000
2400	0.000000	0.000000	0.000000	5.735556	1.000000
3000	0.000000	0.000000	0.000000	5.735556	1.000000

var1: 0.000000	 var2: 0.150000
gen	A2		B2		diseq		zbar		sexrat
0	0.000000	0.000000			5.735556	
600	0.000000	0.000000	0.000000	5.735556	1.000000
1200	0.000000	0.000000	0.000000	5.735556	1.000000
1800	0.000000	0.000000	0.000000	5.735556	1.000000
2400	0.000000	0.000000	0.000000	5.735556	1.000000
3000	0.000000	0.000000	0.000000	5.735556	1.000000

var1: 0.000000	 var2: 0.200000
gen	A2		B2		diseq		zbar		sexrat
0	0.000000	0.000000			5.735556	
600	0.000000	0.000000	0.000000	5.735556	1.000000
1200	0.000000	0.000000	0.000000	5.735556	1.000000
1800	0.000000	0.000000	0.000000	5.735556	1.000000
2400	0.000000	0.000000	0.000000	5.735556	1.000000
3000	0.000000	0.000000	0.000000	5.735556	1.000000

var1: 0.000000	 var2: 0.250000
gen	A2		B2		diseq		zbar		sexrat
0	0.000000	0.000000			5.735556	
600	0.000000	0.000000	0.000000	5.735556	1.000000
1200	0.000000	0.000000	0.000000	5.735556	1.000000
1800	0.000000	0.000000	0.000000	5.735556	1.000000
2400	0.000000	0.000000	0.000000	5.735556	1.000000
3000	0.000000	0.000000	0.000000	5.735556	1.000000

var1: 0.050000	 var2: 0.000000
gen	A2		B2		diseq		zbar		sexrat
0	0.000000	0.000000			5.735556	
600	0.000000	0.000000	0.000000	5.735556	1.000000
1200	0.000000	0.000000	0.000000	5.735556	1.000000
1800	0.000000	0.000000	0.000000	5.735556	1.000000
2400	0.000000	0.000000	0.000000	5.735556	1.000000
3000	0.000000	0.000000	0.000000	5.735556	1.000000

var1: 0.050000	 var2: 0.050000
gen	A2		B2		diseq		zbar		sexrat
0	0.000000	0.000000			5.735556	
600	0.000000	0.000000	0.000000	5.735556	1.000000
1200	0.000000	0.000000	0.000000	5.735556	1.000000
1800	0.000000	0.000000	0.000000	5.735556	1.000000
2400	0.000000	0.000000	0.000000	5.735556	1.000000
3000	0.000000	0.000000	0.000000	5.735556	1.000000

var1: 0.050000	 var2: 0.100000
gen	A2		B2		diseq		zbar		sexrat
0	0.000000	0.000000			5.735556	
600	0.000000	0.000000	0.000000	5.735556	1.000000
1200	0.000000	0.000000	0.000000	5.735556	1.000000
1800	0.000000	0.000000	0.000000	5.735556	1.000000
2400	0.000000	0.000000	0.000000	5.735556	1.000000
3000	0.000000	0.000000	0.000000	5.735556	1.000000

var1: 0.050000	 var2: 0.150000
gen	A2		B2		diseq		zbar		sexrat
0	0.000000	0.000000			5.735556	
600	0.000000	0.000000	0.000000	5.735556	1.000000
1200	0.000000	0.000000	0.000000	5.735556	1.000000
1800	0.000000	0.000000	0.000000	5.735556	1.000000
2400	0.000000	0.000000	0.000000	5.735556	1.000000
3000	0.000000	0.000000	0.000000	5.735556	1.000000

var1: 0.050000	 var2: 0.200000
gen	A2		B2		diseq		zbar		sexrat
0	0.000000	0.000000			5.735556	
600	0.000000	0.000000	0.000000	5.735556	1.000000
1200	0.000000	0.000000	0.000000	5.735556	1.000000
1800	0.000000	0.000000	0.000000	5.735556	1.000000
2400	0.000000	0.000000	0.000000	5.735556	1.000000
3000	0.000000	0.000000	0.000000	5.735556	1.000000

var1: 0.050000	 var2: 0.250000
gen	A2		B2		diseq		zbar		sexrat
0	0.000000	0.000000			5.735556	
600	0.000000	0.000000	0.000000	5.735556	1.000000
1200	0.000000	0.000000	0.000000	5.735556	1.000000
1800	0.000000	0.000000	0.000000	5.735556	1.000000
2400	0.000000	0.000000	0.000000	5.735556	1.000000
3000	0.000000	0.000000	0.000000	5.735556	1.000000

var1: 0.100000	 var2: 0.000000
gen	A2		B2		diseq		zbar		sexrat
0	0.000000	0.000000			5.735556	
600	0.000000	0.000000	0.000000	5.735556	1.000000
1200	0.000000	0.000000	0.000000	5.735556	1.000000
1800	0.000000	0.000000	0.000000	5.735556	1.000000
2400	0.000000	0.000000	0.000000	5.735556	1.000000
3000	0.000000	0.000000	0.000000	5.735556	1.000000

var1: 0.100000	 var2: 0.050000
gen	A2		B2		diseq		zbar		sexrat
0	0.000000	0.000000			5.735556	
600	0.000000	0.000000	0.000000	5.735556	1.000000
1200	0.000000	0.000000	0.000000	5.735556	1.000000
1800	0.000000	0.000000	0.000000	5.735556	1.000000
2400	0.000000	0.000000	0.000000	5.735556	1.000000
3000	0.000000	0.000000	0.000000	5.735556	1.000000

var1: 0.100000	 var2: 0.100000
gen	A2		B2		diseq		zbar		sexrat
0	0.000000	0.000000			5.735556	
600	0.000000	0.000000	0.000000	5.735556	1.000000
1200	0.000000	0.000000	0.000000	5.735556	1.000000
1800	0.000000	0.000000	0.000000	5.735556	1.000000
2400	0.000000	0.000000	0.000000	5.735556	1.000000
3000	0.000000	0.000000	0.000000	5.735556	1.000000

var1: 0.100000	 var2: 0.150000
gen	A2		B2		diseq		zbar		sexrat
0	0.000000	0.000000			5.735556	
600	0.000000	0.000000	0.000000	5.735556	1.000000
1200	0.000000	0.000000	0.000000	5.735556	1.000000
1800	0.000000	0.000000	0.000000	5.735556	1.000000
2400	0.000000	0.000000	0.000000	5.735556	1.000000
3000	0.000000	0.000000	0.000000	5.735556	1.000000

var1: 0.100000	 var2: 0.200000
gen	A2		B2		diseq		zbar		sexrat
0	0.000000	0.000000			5.735556	
600	0.000000	0.000000	0.000000	5.735556	1.000000
1200	0.000000	0.000000	0.000000	5.735556	1.000000
1800	0.000000	0.000000	0.000000	5.735556	1.000000
2400	0.000000	0.000000	0.000000	5.735556	1.000000
3000	0.000000	0.000000	0.000000	5.735556	1.000000

var1: 0.100000	 var2: 0.250000
gen	A2		B2		diseq		zbar		sexrat
0	0.000000	0.000000			5.735556	
600	0.000000	0.000000	0.000000	5.735556	1.000000
1200	0.000000	0.000000	0.000000	5.735556	1.000000
1800	0.000000	0.000000	0.000000	5.735556	1.000000
2400	0.000000	0.000000	0.000000	5.735556	1.000000
3000	0.000000	0.000000	0.000000	5.735556	1.000000

var1: 0.150000	 var2: 0.000000
gen	A2		B2		diseq		zbar		sexrat
0	0.000000	0.000000			5.735556	
600	0.000000	0.000000	0.000000	5.735556	1.000000
1200	0.000000	0.000000	0.000000	5.735556	1.000000
1800	0.000000	0.000000	0.000000	5.735556	1.000000
2400	0.000000	0.000000	0.000000	5.735556	1.000000
3000	0.000000	0.000000	0.000000	5.735556	1.000000

var1: 0.150000	 var2: 0.050000
gen	A2		B2		diseq		zbar		sexrat
0	0.000000	0.000000			5.735556	
600	0.000000	0.000000	0.000000	5.735556	1.000000
1200	0.000000	0.000000	0.000000	5.735556	1.000000
1800	0.000000	0.000000	0.000000	5.735556	1.000000
2400	0.000000	0.000000	0.000000	5.735556	1.000000
3000	0.000000	0.000000	0.000000	5.735556	1.000000

var1: 0.150000	 var2: 0.100000
gen	A2		B2		diseq		zbar		sexrat
0	0.000000	0.000000			5.735556	
600	0.000000	0.000000	0.000000	5.735556	1.000000
1200	0.000000	0.000000	0.000000	5.735556	1.000000
1800	0.000000	0.000000	0.000000	5.735556	1.000000
2400	0.000000	0.000000	0.000000	5.735556	1.000000
3000	0.000000	0.000000	0.000000	5.735556	1.000000

var1: 0.150000	 var2: 0.150000
gen	A2		B2		diseq		zbar		sexrat
0	0.000000	0.000000			5.735556	
600	0.000000	0.000000	0.000000	5.735556	1.000000
1200	0.000000	0.000000	0.000000	5.735556	1.000000
1800	0.000000	0.000000	0.000000	5.735556	1.000000
2400	0.000000	0.000000	0.000000	5.735556	1.000000
3000	0.000000	0.000000	0.000000	5.735556	1.000000

var1: 0.150000	 var2: 0.200000
gen	A2		B2		diseq		zbar		sexrat
0	0.000000	0.000000			5.735556	
600	0.000000	0.000000	0.000000	5.735556	1.000000
1200	0.000000	0.000000	0.000000	5.735556	1.000000
1800	0.000000	0.000000	0.000000	5.735556	1.000000
2400	0.000000	0.000000	0.000000	5.735556	1.000000
3000	0.000000	0.000000	0.000000	5.735556	1.000000

var1: 0.150000	 var2: 0.250000
gen	A2		B2		diseq		zbar		sexrat
0	0.000000	0.000000			5.735556	
600	0.000000	0.000000	0.000000	5.735556	1.000000
1200	0.000000	0.000000	0.000000	5.735556	1.000000
1800	0.000000	0.000000	0.000000	5.735556	1.000000
2400	0.000000	0.000000	0.000000	5.735556	1.000000
3000	0.000000	0.000000	0.000000	5.735556	1.000000

var1: 0.200000	 var2: 0.000000
gen	A2		B2		diseq		zbar		sexrat
0	0.000000	0.000000			5.735556	
600	0.000000	0.000000	0.000000	5.735556	1.000000
1200	0.000000	0.000000	0.000000	5.735556	1.000000
1800	0.000000	0.000000	0.000000	5.735556	1.000000
2400	0.000000	0.000000	0.000000	5.735556	1.000000
3000	0.000000	0.000000	0.000000	5.735556	1.000000

var1: 0.200000	 var2: 0.050000
gen	A2		B2		diseq		zbar		sexrat
0	0.000000	0.000000			5.735556	
600	0.000000	0.000000	0.000000	5.735556	1.000000
1200	0.000000	0.000000	0.000000	5.735556	1.000000
1800	0.000000	0.000000	0.000000	5.735556	1.000000
2400	0.000000	0.000000	0.000000	5.735556	1.000000
3000	0.000000	0.000000	0.000000	5.735556	1.000000

var1: 0.200000	 var2: 0.100000
gen	A2		B2		diseq		zbar		sexrat
0	0.000000	0.000000			5.735556	
600	0.000000	0.000000	0.000000	5.735556	1.000000
1200	0.000000	0.000000	0.000000	5.735556	1.000000
1800	0.000000	0.000000	0.000000	5.735556	1.000000
2400	0.000000	0.000000	0.000000	5.735556	1.000000
3000	0.000000	0.000000	0.000000	5.735556	1.000000

var1: 0.200000	 var2: 0.150000
gen	A2		B2		diseq		zbar		sexrat
0	0.000000	0.000000			5.735556	
600	0.000000	0.000000	0.000000	5.735556	1.000000
1200	0.000000	0.000000	0.000000	5.735556	1.000000
1800	0.000000	0.000000	0.000000	5.735556	1.000000
2400	0.000000	0.000000	0.000000	5.735556	1.000000
3000	0.000000	0.000000	0.000000	5.735556	1.000000

var1: 0.200000	 var2: 0.200000
gen	A2		B2		diseq		zbar		sexrat
0	0.000000	0.000000			5.735556	
600	0.000000	0.000000	0.000000	5.735556	1.000000
1200	0.000000	0.000000	0.000000	5.735556	1.000000
1800	0.000000	0.000000	0.000000	5.735556	1.000000
2400	0.000000	0.000000	0.000000	5.735556	1.000000
3000	0.000000	0.000000	0.000000	5.735556	1.000000

var1: 0.200000	 var2: 0.250000
gen	A2		B2		diseq		zbar		sexrat
0	0.000000	0.000000			5.735556	
600	0.000000	0.000000	0.000000	5.735556	1.000000
1200	0.000000	0.000000	0.000000	5.735556	1.000000
1800	0.000000	0.000000	0.000000	5.735556	1.000000
2400	0.000000	0.000000	0.000000	5.735556	1.000000
3000	0.000000	0.000000	0.000000	5.735556	1.000000

var1: 0.250000	 var2: 0.000000
gen	A2		B2		diseq		zbar		sexrat
0	0.000000	0.000000			5.735556	
600	0.000000	0.000000	0.000000	5.735556	1.000000
1200	0.000000	0.000000	0.000000	5.735556	1.000000
1800	0.000000	0.000000	0.000000	5.735556	1.000000
2400	0.000000	0.000000	0.000000	5.735556	1.000000
3000	0.000000	0.000000	0.000000	5.735556	1.000000

var1: 0.250000	 var2: 0.050000
gen	A2		B2		diseq		zbar		sexrat
0	0.000000	0.000000			5.735556	
600	0.000000	0.000000	0.000000	5.735556	1.000000
1200	0.000000	0.000000	0.000000	5.735556	1.000000
1800	0.000000	0.000000	0.000000	5.735556	1.000000
2400	0.000000	0.000000	0.000000	5.735556	1.000000
3000	0.000000	0.000000	0.000000	5.735556	1.000000

var1: 0.250000	 var2: 0.100000
gen	A2		B2		diseq		zbar		sexrat
0	0.000000	0.000000			5.735556	
600	0.000000	0.000000	0.000000	5.735556	1.000000
1200	0.000000	0.000000	0.000000	5.735556	1.000000
1800	0.000000	0.000000	0.000000	5.735556	1.000000
2400	0.000000	0.000000	0.000000	5.735556	1.000000
3000	0.000000	0.000000	0.000000	5.735556	1.000000

var1: 0.250000	 var2: 0.150000
gen	A2		B2		diseq		zbar		sexrat
0	0.000000	0.000000			5.735556	
600	0.000000	0.000000	0.000000	5.735556	1.000000
1200	0.000000	0.000000	0.000000	5.735556	1.000000
1800	0.000000	0.000000	0.000000	5.735556	1.000000
2400	0.000000	0.000000	0.000000	5.735556	1.000000
3000	0.000000	0.000000	0.000000	5.735556	1.000000

var1: 0.250000	 var2: 0.200000
gen	A2		B2		diseq		zbar		sexrat
0	0.000000	0.000000			5.735556	
600	0.000000	0.000000	0.000000	5.735556	1.000000
1200	0.000000	0.000000	0.000000	5.735556	1.000000
1800	0.000000	0.000000	0.000000	5.735556	1.000000
2400	0.000000	0.000000	0.000000	5.735556	1.000000
3000	0.000000	0.000000	0.000000	5.735556	1.000000

var1: 0.250000	 var2: 0.250000
gen	A2		B2		diseq		zbar		sexrat
0	0.000000	0.000000			5.735556	
600	0.000000	0.000000	0.000000	5.735556	1.000000
1200	0.000000	0.000000	0.000000	5.735556	1.000000
1800	0.000000	0.000000	0.000000	5.735556	1.000000
2400	0.000000	0.000000	0.000000	5.735556	1.000000
3000	0.000000	0.000000	0.000000	5.735556	1.000000

