
########################### Run 1 ######################
var1: 0.000000	 var2: 0.000000
gen	A2		B2		diseq		zbar		sexrat
0	0.990000	0.000000			3.000000	
5000	0.990000	0.000000	0.000000	8.219113	0.344261
10000	0.990000	0.000000	0.000000	9.381302	0.320797
15000	0.990000	0.000000	0.000000	9.806981	0.313284
20000	0.990000	0.000000	0.000000	9.977834	0.310410
25000	0.990000	0.000000	0.000000	10.048618	0.309242
30000	0.990000	0.000000	0.000000	10.078311	0.308755
35000	0.990000	0.000000	0.000000	10.090831	0.308551
40000	0.990000	0.000000	0.000000	10.096122	0.308465
45000	0.990000	0.000000	0.000000	10.098359	0.308428
50000	0.990000	0.000000	0.000000	10.099306	0.308413
55000	0.990000	0.000000	0.000000	10.099706	0.308406
60000	0.990000	0.000000	0.000000	10.099876	0.308404
65000	0.990000	0.000000	0.000000	10.099947	0.308403
70000	0.990000	0.000000	0.000000	10.099978	0.308402
75000	0.990000	0.000000	0.000000	10.099991	0.308402
80000	0.990000	0.000000	0.000000	10.099996	0.308402
85000	0.990000	0.000000	0.000000	10.099998	0.308402
90000	0.990000	0.000000	0.000000	10.099999	0.308402
95000	0.990000	0.000000	0.000000	10.100000	0.308402
100000	0.990000	0.000000	0.000000	10.100000	0.308402

var1: 0.000000	 var2: 0.100000
gen	A2		B2		diseq		zbar		sexrat
0	0.990000	0.000000			3.000000	
5000	0.990000	0.000000	0.000000	8.219113	0.344261
10000	0.990000	0.000000	0.000000	9.381302	0.320797
15000	0.990000	0.000000	0.000000	9.806981	0.313284
20000	0.990000	0.000000	0.000000	9.977834	0.310410
25000	0.990000	0.000000	0.000000	10.048618	0.309242
30000	0.990000	0.000000	0.000000	10.078311	0.308755
35000	0.990000	0.000000	0.000000	10.090831	0.308551
40000	0.990000	0.000000	0.000000	10.096122	0.308465
45000	0.990000	0.000000	0.000000	10.098359	0.308428
50000	0.990000	0.000000	0.000000	10.099306	0.308413
55000	0.990000	0.000000	0.000000	10.099706	0.308406
60000	0.990000	0.000000	0.000000	10.099876	0.308404
65000	0.990000	0.000000	0.000000	10.099947	0.308403
70000	0.990000	0.000000	0.000000	10.099978	0.308402
75000	0.990000	0.000000	0.000000	10.099991	0.308402
80000	0.990000	0.000000	0.000000	10.099996	0.308402
85000	0.990000	0.000000	0.000000	10.099998	0.308402
90000	0.990000	0.000000	0.000000	10.099999	0.308402
95000	0.990000	0.000000	0.000000	10.100000	0.308402
100000	0.990000	0.000000	0.000000	10.100000	0.308402

var1: 0.000000	 var2: 0.200000
gen	A2		B2		diseq		zbar		sexrat
0	0.990000	0.000000			3.000000	
5000	0.990000	0.000000	0.000000	8.219113	0.344261
10000	0.990000	0.000000	0.000000	9.381302	0.320797
15000	0.990000	0.000000	0.000000	9.806981	0.313284
20000	0.990000	0.000000	0.000000	9.977834	0.310410
25000	0.990000	0.000000	0.000000	10.048618	0.309242
30000	0.990000	0.000000	0.000000	10.078311	0.308755
35000	0.990000	0.000000	0.000000	10.090831	0.308551
40000	0.990000	0.000000	0.000000	10.096122	0.308465
45000	0.990000	0.000000	0.000000	10.098359	0.308428
50000	0.990000	0.000000	0.000000	10.099306	0.308413
55000	0.990000	0.000000	0.000000	10.099706	0.308406
60000	0.990000	0.000000	0.000000	10.099876	0.308404
65000	0.990000	0.000000	0.000000	10.099947	0.308403
70000	0.990000	0.000000	0.000000	10.099978	0.308402
75000	0.990000	0.000000	0.000000	10.099991	0.308402
80000	0.990000	0.000000	0.000000	10.099996	0.308402
85000	0.990000	0.000000	0.000000	10.099998	0.308402
90000	0.990000	0.000000	0.000000	10.099999	0.308402
95000	0.990000	0.000000	0.000000	10.100000	0.308402
100000	0.990000	0.000000	0.000000	10.100000	0.308402

var1: 0.000000	 var2: 0.300000
gen	A2		B2		diseq		zbar		sexrat
0	0.990000	0.000000			3.000000	
5000	0.990000	0.000000	0.000000	8.219113	0.344261
10000	0.990000	0.000000	0.000000	9.381302	0.320797
15000	0.990000	0.000000	0.000000	9.806981	0.313284
20000	0.990000	0.000000	0.000000	9.977834	0.310410
25000	0.990000	0.000000	0.000000	10.048618	0.309242
30000	0.990000	0.000000	0.000000	10.078311	0.308755
35000	0.990000	0.000000	0.000000	10.090831	0.308551
40000	0.990000	0.000000	0.000000	10.096122	0.308465
45000	0.990000	0.000000	0.000000	10.098359	0.308428
50000	0.990000	0.000000	0.000000	10.099306	0.308413
55000	0.990000	0.000000	0.000000	10.099706	0.308406
60000	0.990000	0.000000	0.000000	10.099876	0.308404
65000	0.990000	0.000000	0.000000	10.099947	0.308403
70000	0.990000	0.000000	0.000000	10.099978	0.308402
75000	0.990000	0.000000	0.000000	10.099991	0.308402
80000	0.990000	0.000000	0.000000	10.099996	0.308402
85000	0.990000	0.000000	0.000000	10.099998	0.308402
90000	0.990000	0.000000	0.000000	10.099999	0.308402
95000	0.990000	0.000000	0.000000	10.100000	0.308402
100000	0.990000	0.000000	0.000000	10.100000	0.308402

var1: 0.000000	 var2: 0.400000
gen	A2		B2		diseq		zbar		sexrat
0	0.990000	0.000000			3.000000	
5000	0.990000	0.000000	0.000000	8.219113	0.344261
10000	0.990000	0.000000	0.000000	9.381302	0.320797
15000	0.990000	0.000000	0.000000	9.806981	0.313284
20000	0.990000	0.000000	0.000000	9.977834	0.310410
25000	0.990000	0.000000	0.000000	10.048618	0.309242
30000	0.990000	0.000000	0.000000	10.078311	0.308755
35000	0.990000	0.000000	0.000000	10.090831	0.308551
40000	0.990000	0.000000	0.000000	10.096122	0.308465
45000	0.990000	0.000000	0.000000	10.098359	0.308428
50000	0.990000	0.000000	0.000000	10.099306	0.308413
55000	0.990000	0.000000	0.000000	10.099706	0.308406
60000	0.990000	0.000000	0.000000	10.099876	0.308404
65000	0.990000	0.000000	0.000000	10.099947	0.308403
70000	0.990000	0.000000	0.000000	10.099978	0.308402
75000	0.990000	0.000000	0.000000	10.099991	0.308402
80000	0.990000	0.000000	0.000000	10.099996	0.308402
85000	0.990000	0.000000	0.000000	10.099998	0.308402
90000	0.990000	0.000000	0.000000	10.099999	0.308402
95000	0.990000	0.000000	0.000000	10.100000	0.308402
100000	0.990000	0.000000	0.000000	10.100000	0.308402

var1: 0.000000	 var2: 0.500000
gen	A2		B2		diseq		zbar		sexrat
0	0.990000	0.000000			3.000000	
5000	0.990000	0.000000	0.000000	8.219113	0.344261
10000	0.990000	0.000000	0.000000	9.381302	0.320797
15000	0.990000	0.000000	0.000000	9.806981	0.313284
20000	0.990000	0.000000	0.000000	9.977834	0.310410
25000	0.990000	0.000000	0.000000	10.048618	0.309242
30000	0.990000	0.000000	0.000000	10.078311	0.308755
35000	0.990000	0.000000	0.000000	10.090831	0.308551
40000	0.990000	0.000000	0.000000	10.096122	0.308465
45000	0.990000	0.000000	0.000000	10.098359	0.308428
50000	0.990000	0.000000	0.000000	10.099306	0.308413
55000	0.990000	0.000000	0.000000	10.099706	0.308406
60000	0.990000	0.000000	0.000000	10.099876	0.308404
65000	0.990000	0.000000	0.000000	10.099947	0.308403
70000	0.990000	0.000000	0.000000	10.099978	0.308402
75000	0.990000	0.000000	0.000000	10.099991	0.308402
80000	0.990000	0.000000	0.000000	10.099996	0.308402
85000	0.990000	0.000000	0.000000	10.099998	0.308402
90000	0.990000	0.000000	0.000000	10.099999	0.308402
95000	0.990000	0.000000	0.000000	10.100000	0.308402
100000	0.990000	0.000000	0.000000	10.100000	0.308402

var1: 0.000000	 var2: 0.600000
gen	A2		B2		diseq		zbar		sexrat
0	0.990000	0.000000			3.000000	
5000	0.990000	0.000000	0.000000	8.219113	0.344261
10000	0.990000	0.000000	0.000000	9.381302	0.320797
15000	0.990000	0.000000	0.000000	9.806981	0.313284
20000	0.990000	0.000000	0.000000	9.977834	0.310410
25000	0.990000	0.000000	0.000000	10.048618	0.309242
30000	0.990000	0.000000	0.000000	10.078311	0.308755
35000	0.990000	0.000000	0.000000	10.090831	0.308551
40000	0.990000	0.000000	0.000000	10.096122	0.308465
45000	0.990000	0.000000	0.000000	10.098359	0.308428
50000	0.990000	0.000000	0.000000	10.099306	0.308413
55000	0.990000	0.000000	0.000000	10.099706	0.308406
60000	0.990000	0.000000	0.000000	10.099876	0.308404
65000	0.990000	0.000000	0.000000	10.099947	0.308403
70000	0.990000	0.000000	0.000000	10.099978	0.308402
75000	0.990000	0.000000	0.000000	10.099991	0.308402
80000	0.990000	0.000000	0.000000	10.099996	0.308402
85000	0.990000	0.000000	0.000000	10.099998	0.308402
90000	0.990000	0.000000	0.000000	10.099999	0.308402
95000	0.990000	0.000000	0.000000	10.100000	0.308402
100000	0.990000	0.000000	0.000000	10.100000	0.308402

var1: 0.000000	 var2: 0.700000
gen	A2		B2		diseq		zbar		sexrat
0	0.990000	0.000000			3.000000	
5000	0.990000	0.000000	0.000000	8.219113	0.344261
10000	0.990000	0.000000	0.000000	9.381302	0.320797
15000	0.990000	0.000000	0.000000	9.806981	0.313284
20000	0.990000	0.000000	0.000000	9.977834	0.310410
25000	0.990000	0.000000	0.000000	10.048618	0.309242
30000	0.990000	0.000000	0.000000	10.078311	0.308755
35000	0.990000	0.000000	0.000000	10.090831	0.308551
40000	0.990000	0.000000	0.000000	10.096122	0.308465
45000	0.990000	0.000000	0.000000	10.098359	0.308428
50000	0.990000	0.000000	0.000000	10.099306	0.308413
55000	0.990000	0.000000	0.000000	10.099706	0.308406
60000	0.990000	0.000000	0.000000	10.099876	0.308404
65000	0.990000	0.000000	0.000000	10.099947	0.308403
70000	0.990000	0.000000	0.000000	10.099978	0.308402
75000	0.990000	0.000000	0.000000	10.099991	0.308402
80000	0.990000	0.000000	0.000000	10.099996	0.308402
85000	0.990000	0.000000	0.000000	10.099998	0.308402
90000	0.990000	0.000000	0.000000	10.099999	0.308402
95000	0.990000	0.000000	0.000000	10.100000	0.308402
100000	0.990000	0.000000	0.000000	10.100000	0.308402

var1: 0.000000	 var2: 0.800000
gen	A2		B2		diseq		zbar		sexrat
0	0.990000	0.000000			3.000000	
5000	0.990000	0.000000	0.000000	8.219113	0.344261
10000	0.990000	0.000000	0.000000	9.381302	0.320797
15000	0.990000	0.000000	0.000000	9.806981	0.313284
20000	0.990000	0.000000	0.000000	9.977834	0.310410
25000	0.990000	0.000000	0.000000	10.048618	0.309242
30000	0.990000	0.000000	0.000000	10.078311	0.308755
35000	0.990000	0.000000	0.000000	10.090831	0.308551
40000	0.990000	0.000000	0.000000	10.096122	0.308465
45000	0.990000	0.000000	0.000000	10.098359	0.308428
50000	0.990000	0.000000	0.000000	10.099306	0.308413
55000	0.990000	0.000000	0.000000	10.099706	0.308406
60000	0.990000	0.000000	0.000000	10.099876	0.308404
65000	0.990000	0.000000	0.000000	10.099947	0.308403
70000	0.990000	0.000000	0.000000	10.099978	0.308402
75000	0.990000	0.000000	0.000000	10.099991	0.308402
80000	0.990000	0.000000	0.000000	10.099996	0.308402
85000	0.990000	0.000000	0.000000	10.099998	0.308402
90000	0.990000	0.000000	0.000000	10.099999	0.308402
95000	0.990000	0.000000	0.000000	10.100000	0.308402
100000	0.990000	0.000000	0.000000	10.100000	0.308402

var1: 0.000000	 var2: 0.900000
gen	A2		B2		diseq		zbar		sexrat
0	0.990000	0.000000			3.000000	
5000	0.990000	0.000000	0.000000	8.219113	0.344261
10000	0.990000	0.000000	0.000000	9.381302	0.320797
15000	0.990000	0.000000	0.000000	9.806981	0.313284
20000	0.990000	0.000000	0.000000	9.977834	0.310410
25000	0.990000	0.000000	0.000000	10.048618	0.309242
30000	0.990000	0.000000	0.000000	10.078311	0.308755
35000	0.990000	0.000000	0.000000	10.090831	0.308551
40000	0.990000	0.000000	0.000000	10.096122	0.308465
45000	0.990000	0.000000	0.000000	10.098359	0.308428
50000	0.990000	0.000000	0.000000	10.099306	0.308413
55000	0.990000	0.000000	0.000000	10.099706	0.308406
60000	0.990000	0.000000	0.000000	10.099876	0.308404
65000	0.990000	0.000000	0.000000	10.099947	0.308403
70000	0.990000	0.000000	0.000000	10.099978	0.308402
75000	0.990000	0.000000	0.000000	10.099991	0.308402
80000	0.990000	0.000000	0.000000	10.099996	0.308402
85000	0.990000	0.000000	0.000000	10.099998	0.308402
90000	0.990000	0.000000	0.000000	10.099999	0.308402
95000	0.990000	0.000000	0.000000	10.100000	0.308402
100000	0.990000	0.000000	0.000000	10.100000	0.308402

var1: 0.000000	 var2: 1.000000
gen	A2		B2		diseq		zbar		sexrat
0	0.990000	0.000000			3.000000	
5000	0.990000	0.000000	0.000000	8.219113	0.344261
10000	0.990000	0.000000	0.000000	9.381302	0.320797
15000	0.990000	0.000000	0.000000	9.806981	0.313284
20000	0.990000	0.000000	0.000000	9.977834	0.310410
25000	0.990000	0.000000	0.000000	10.048618	0.309242
30000	0.990000	0.000000	0.000000	10.078311	0.308755
35000	0.990000	0.000000	0.000000	10.090831	0.308551
40000	0.990000	0.000000	0.000000	10.096122	0.308465
45000	0.990000	0.000000	0.000000	10.098359	0.308428
50000	0.990000	0.000000	0.000000	10.099306	0.308413
55000	0.990000	0.000000	0.000000	10.099706	0.308406
60000	0.990000	0.000000	0.000000	10.099876	0.308404
65000	0.990000	0.000000	0.000000	10.099947	0.308403
70000	0.990000	0.000000	0.000000	10.099978	0.308402
75000	0.990000	0.000000	0.000000	10.099991	0.308402
80000	0.990000	0.000000	0.000000	10.099996	0.308402
85000	0.990000	0.000000	0.000000	10.099998	0.308402
90000	0.990000	0.000000	0.000000	10.099999	0.308402
95000	0.990000	0.000000	0.000000	10.100000	0.308402
100000	0.990000	0.000000	0.000000	10.100000	0.308402

var1: 0.000000	 var2: 1.100000
gen	A2		B2		diseq		zbar		sexrat
0	0.990000	0.000000			3.000000	
5000	0.990000	0.000000	0.000000	8.219113	0.344261
10000	0.990000	0.000000	0.000000	9.381302	0.320797
15000	0.990000	0.000000	0.000000	9.806981	0.313284
20000	0.990000	0.000000	0.000000	9.977834	0.310410
25000	0.990000	0.000000	0.000000	10.048618	0.309242
30000	0.990000	0.000000	0.000000	10.078311	0.308755
35000	0.990000	0.000000	0.000000	10.090831	0.308551
40000	0.990000	0.000000	0.000000	10.096122	0.308465
45000	0.990000	0.000000	0.000000	10.098359	0.308428
50000	0.990000	0.000000	0.000000	10.099306	0.308413
55000	0.990000	0.000000	0.000000	10.099706	0.308406
60000	0.990000	0.000000	0.000000	10.099876	0.308404
65000	0.990000	0.000000	0.000000	10.099947	0.308403
70000	0.990000	0.000000	0.000000	10.099978	0.308402
75000	0.990000	0.000000	0.000000	10.099991	0.308402
80000	0.990000	0.000000	0.000000	10.099996	0.308402
85000	0.990000	0.000000	0.000000	10.099998	0.308402
90000	0.990000	0.000000	0.000000	10.099999	0.308402
95000	0.990000	0.000000	0.000000	10.100000	0.308402
100000	0.990000	0.000000	0.000000	10.100000	0.308402

var1: 0.000000	 var2: 1.200000
gen	A2		B2		diseq		zbar		sexrat
0	0.990000	0.000000			3.000000	
5000	0.990000	0.000000	0.000000	8.219113	0.344261
10000	0.990000	0.000000	0.000000	9.381302	0.320797
15000	0.990000	0.000000	0.000000	9.806981	0.313284
20000	0.990000	0.000000	0.000000	9.977834	0.310410
25000	0.990000	0.000000	0.000000	10.048618	0.309242
30000	0.990000	0.000000	0.000000	10.078311	0.308755
35000	0.990000	0.000000	0.000000	10.090831	0.308551
40000	0.990000	0.000000	0.000000	10.096122	0.308465
45000	0.990000	0.000000	0.000000	10.098359	0.308428
50000	0.990000	0.000000	0.000000	10.099306	0.308413
55000	0.990000	0.000000	0.000000	10.099706	0.308406
60000	0.990000	0.000000	0.000000	10.099876	0.308404
65000	0.990000	0.000000	0.000000	10.099947	0.308403
70000	0.990000	0.000000	0.000000	10.099978	0.308402
75000	0.990000	0.000000	0.000000	10.099991	0.308402
80000	0.990000	0.000000	0.000000	10.099996	0.308402
85000	0.990000	0.000000	0.000000	10.099998	0.308402
90000	0.990000	0.000000	0.000000	10.099999	0.308402
95000	0.990000	0.000000	0.000000	10.100000	0.308402
100000	0.990000	0.000000	0.000000	10.100000	0.308402

var1: 0.000000	 var2: 1.300000
gen	A2		B2		diseq		zbar		sexrat
0	0.990000	0.000000			3.000000	
5000	0.990000	0.000000	0.000000	8.219113	0.344261
10000	0.990000	0.000000	0.000000	9.381302	0.320797
15000	0.990000	0.000000	0.000000	9.806981	0.313284
20000	0.990000	0.000000	0.000000	9.977834	0.310410
25000	0.990000	0.000000	0.000000	10.048618	0.309242
30000	0.990000	0.000000	0.000000	10.078311	0.308755
35000	0.990000	0.000000	0.000000	10.090831	0.308551
40000	0.990000	0.000000	0.000000	10.096122	0.308465
45000	0.990000	0.000000	0.000000	10.098359	0.308428
50000	0.990000	0.000000	0.000000	10.099306	0.308413
55000	0.990000	0.000000	0.000000	10.099706	0.308406
60000	0.990000	0.000000	0.000000	10.099876	0.308404
65000	0.990000	0.000000	0.000000	10.099947	0.308403
70000	0.990000	0.000000	0.000000	10.099978	0.308402
75000	0.990000	0.000000	0.000000	10.099991	0.308402
80000	0.990000	0.000000	0.000000	10.099996	0.308402
85000	0.990000	0.000000	0.000000	10.099998	0.308402
90000	0.990000	0.000000	0.000000	10.099999	0.308402
95000	0.990000	0.000000	0.000000	10.100000	0.308402
100000	0.990000	0.000000	0.000000	10.100000	0.308402

var1: 0.000000	 var2: 1.400000
gen	A2		B2		diseq		zbar		sexrat
0	0.990000	0.000000			3.000000	
5000	0.990000	0.000000	0.000000	8.219113	0.344261
10000	0.990000	0.000000	0.000000	9.381302	0.320797
15000	0.990000	0.000000	0.000000	9.806981	0.313284
20000	0.990000	0.000000	0.000000	9.977834	0.310410
25000	0.990000	0.000000	0.000000	10.048618	0.309242
30000	0.990000	0.000000	0.000000	10.078311	0.308755
35000	0.990000	0.000000	0.000000	10.090831	0.308551
40000	0.990000	0.000000	0.000000	10.096122	0.308465
45000	0.990000	0.000000	0.000000	10.098359	0.308428
50000	0.990000	0.000000	0.000000	10.099306	0.308413
55000	0.990000	0.000000	0.000000	10.099706	0.308406
60000	0.990000	0.000000	0.000000	10.099876	0.308404
65000	0.990000	0.000000	0.000000	10.099947	0.308403
70000	0.990000	0.000000	0.000000	10.099978	0.308402
75000	0.990000	0.000000	0.000000	10.099991	0.308402
80000	0.990000	0.000000	0.000000	10.099996	0.308402
85000	0.990000	0.000000	0.000000	10.099998	0.308402
90000	0.990000	0.000000	0.000000	10.099999	0.308402
95000	0.990000	0.000000	0.000000	10.100000	0.308402
100000	0.990000	0.000000	0.000000	10.100000	0.308402

var1: 0.000000	 var2: 1.500000
gen	A2		B2		diseq		zbar		sexrat
0	0.990000	0.000000			3.000000	
5000	0.990000	0.000000	0.000000	8.219113	0.344261
10000	0.990000	0.000000	0.000000	9.381302	0.320797
15000	0.990000	0.000000	0.000000	9.806981	0.313284
20000	0.990000	0.000000	0.000000	9.977834	0.310410
25000	0.990000	0.000000	0.000000	10.048618	0.309242
30000	0.990000	0.000000	0.000000	10.078311	0.308755
35000	0.990000	0.000000	0.000000	10.090831	0.308551
40000	0.990000	0.000000	0.000000	10.096122	0.308465
45000	0.990000	0.000000	0.000000	10.098359	0.308428
50000	0.990000	0.000000	0.000000	10.099306	0.308413
55000	0.990000	0.000000	0.000000	10.099706	0.308406
60000	0.990000	0.000000	0.000000	10.099876	0.308404
65000	0.990000	0.000000	0.000000	10.099947	0.308403
70000	0.990000	0.000000	0.000000	10.099978	0.308402
75000	0.990000	0.000000	0.000000	10.099991	0.308402
80000	0.990000	0.000000	0.000000	10.099996	0.308402
85000	0.990000	0.000000	0.000000	10.099998	0.308402
90000	0.990000	0.000000	0.000000	10.099999	0.308402
95000	0.990000	0.000000	0.000000	10.100000	0.308402
100000	0.990000	0.000000	0.000000	10.100000	0.308402

var1: 0.000000	 var2: 1.600000
gen	A2		B2		diseq		zbar		sexrat
0	0.990000	0.000000			3.000000	
5000	0.990000	0.000000	0.000000	8.219113	0.344261
10000	0.990000	0.000000	0.000000	9.381302	0.320797
15000	0.990000	0.000000	0.000000	9.806981	0.313284
20000	0.990000	0.000000	0.000000	9.977834	0.310410
25000	0.990000	0.000000	0.000000	10.048618	0.309242
30000	0.990000	0.000000	0.000000	10.078311	0.308755
35000	0.990000	0.000000	0.000000	10.090831	0.308551
40000	0.990000	0.000000	0.000000	10.096122	0.308465
45000	0.990000	0.000000	0.000000	10.098359	0.308428
50000	0.990000	0.000000	0.000000	10.099306	0.308413
55000	0.990000	0.000000	0.000000	10.099706	0.308406
60000	0.990000	0.000000	0.000000	10.099876	0.308404
65000	0.990000	0.000000	0.000000	10.099947	0.308403
70000	0.990000	0.000000	0.000000	10.099978	0.308402
75000	0.990000	0.000000	0.000000	10.099991	0.308402
80000	0.990000	0.000000	0.000000	10.099996	0.308402
85000	0.990000	0.000000	0.000000	10.099998	0.308402
90000	0.990000	0.000000	0.000000	10.099999	0.308402
95000	0.990000	0.000000	0.000000	10.100000	0.308402
100000	0.990000	0.000000	0.000000	10.100000	0.308402

var1: 0.000000	 var2: 1.700000
gen	A2		B2		diseq		zbar		sexrat
0	0.990000	0.000000			3.000000	
5000	0.990000	0.000000	0.000000	8.219113	0.344261
10000	0.990000	0.000000	0.000000	9.381302	0.320797
15000	0.990000	0.000000	0.000000	9.806981	0.313284
20000	0.990000	0.000000	0.000000	9.977834	0.310410
25000	0.990000	0.000000	0.000000	10.048618	0.309242
30000	0.990000	0.000000	0.000000	10.078311	0.308755
35000	0.990000	0.000000	0.000000	10.090831	0.308551
40000	0.990000	0.000000	0.000000	10.096122	0.308465
45000	0.990000	0.000000	0.000000	10.098359	0.308428
50000	0.990000	0.000000	0.000000	10.099306	0.308413
55000	0.990000	0.000000	0.000000	10.099706	0.308406
60000	0.990000	0.000000	0.000000	10.099876	0.308404
65000	0.990000	0.000000	0.000000	10.099947	0.308403
70000	0.990000	0.000000	0.000000	10.099978	0.308402
75000	0.990000	0.000000	0.000000	10.099991	0.308402
80000	0.990000	0.000000	0.000000	10.099996	0.308402
85000	0.990000	0.000000	0.000000	10.099998	0.308402
90000	0.990000	0.000000	0.000000	10.099999	0.308402
95000	0.990000	0.000000	0.000000	10.100000	0.308402
100000	0.990000	0.000000	0.000000	10.100000	0.308402

var1: 0.000000	 var2: 1.800000
gen	A2		B2		diseq		zbar		sexrat
0	0.990000	0.000000			3.000000	
5000	0.990000	0.000000	0.000000	8.219113	0.344261
10000	0.990000	0.000000	0.000000	9.381302	0.320797
15000	0.990000	0.000000	0.000000	9.806981	0.313284
20000	0.990000	0.000000	0.000000	9.977834	0.310410
25000	0.990000	0.000000	0.000000	10.048618	0.309242
30000	0.990000	0.000000	0.000000	10.078311	0.308755
35000	0.990000	0.000000	0.000000	10.090831	0.308551
40000	0.990000	0.000000	0.000000	10.096122	0.308465
45000	0.990000	0.000000	0.000000	10.098359	0.308428
50000	0.990000	0.000000	0.000000	10.099306	0.308413
55000	0.990000	0.000000	0.000000	10.099706	0.308406
60000	0.990000	0.000000	0.000000	10.099876	0.308404
65000	0.990000	0.000000	0.000000	10.099947	0.308403
70000	0.990000	0.000000	0.000000	10.099978	0.308402
75000	0.990000	0.000000	0.000000	10.099991	0.308402
80000	0.990000	0.000000	0.000000	10.099996	0.308402
85000	0.990000	0.000000	0.000000	10.099998	0.308402
90000	0.990000	0.000000	0.000000	10.099999	0.308402
95000	0.990000	0.000000	0.000000	10.100000	0.308402
100000	0.990000	0.000000	0.000000	10.100000	0.308402

var1: 0.000000	 var2: 1.900000
gen	A2		B2		diseq		zbar		sexrat
0	0.990000	0.000000			3.000000	
5000	0.990000	0.000000	0.000000	8.219113	0.344261
10000	0.990000	0.000000	0.000000	9.381302	0.320797
15000	0.990000	0.000000	0.000000	9.806981	0.313284
20000	0.990000	0.000000	0.000000	9.977834	0.310410
25000	0.990000	0.000000	0.000000	10.048618	0.309242
30000	0.990000	0.000000	0.000000	10.078311	0.308755
35000	0.990000	0.000000	0.000000	10.090831	0.308551
40000	0.990000	0.000000	0.000000	10.096122	0.308465
45000	0.990000	0.000000	0.000000	10.098359	0.308428
50000	0.990000	0.000000	0.000000	10.099306	0.308413
55000	0.990000	0.000000	0.000000	10.099706	0.308406
60000	0.990000	0.000000	0.000000	10.099876	0.308404
65000	0.990000	0.000000	0.000000	10.099947	0.308403
70000	0.990000	0.000000	0.000000	10.099978	0.308402
75000	0.990000	0.000000	0.000000	10.099991	0.308402
80000	0.990000	0.000000	0.000000	10.099996	0.308402
85000	0.990000	0.000000	0.000000	10.099998	0.308402
90000	0.990000	0.000000	0.000000	10.099999	0.308402
95000	0.990000	0.000000	0.000000	10.100000	0.308402
100000	0.990000	0.000000	0.000000	10.100000	0.308402

var1: 0.000000	 var2: 2.000000
gen	A2		B2		diseq		zbar		sexrat
0	0.990000	0.000000			3.000000	
5000	0.990000	0.000000	0.000000	8.219113	0.344261
10000	0.990000	0.000000	0.000000	9.381302	0.320797
15000	0.990000	0.000000	0.000000	9.806981	0.313284
20000	0.990000	0.000000	0.000000	9.977834	0.310410
25000	0.990000	0.000000	0.000000	10.048618	0.309242
30000	0.990000	0.000000	0.000000	10.078311	0.308755
35000	0.990000	0.000000	0.000000	10.090831	0.308551
40000	0.990000	0.000000	0.000000	10.096122	0.308465
45000	0.990000	0.000000	0.000000	10.098359	0.308428
50000	0.990000	0.000000	0.000000	10.099306	0.308413
55000	0.990000	0.000000	0.000000	10.099706	0.308406
60000	0.990000	0.000000	0.000000	10.099876	0.308404
65000	0.990000	0.000000	0.000000	10.099947	0.308403
70000	0.990000	0.000000	0.000000	10.099978	0.308402
75000	0.990000	0.000000	0.000000	10.099991	0.308402
80000	0.990000	0.000000	0.000000	10.099996	0.308402
85000	0.990000	0.000000	0.000000	10.099998	0.308402
90000	0.990000	0.000000	0.000000	10.099999	0.308402
95000	0.990000	0.000000	0.000000	10.100000	0.308402
100000	0.990000	0.000000	0.000000	10.100000	0.308402

var1: 0.000000	 var2: 2.100000
gen	A2		B2		diseq		zbar		sexrat
0	0.990000	0.000000			3.000000	
5000	0.990000	0.000000	0.000000	8.219113	0.344261
10000	0.990000	0.000000	0.000000	9.381302	0.320797
15000	0.990000	0.000000	0.000000	9.806981	0.313284
20000	0.990000	0.000000	0.000000	9.977834	0.310410
25000	0.990000	0.000000	0.000000	10.048618	0.309242
30000	0.990000	0.000000	0.000000	10.078311	0.308755
35000	0.990000	0.000000	0.000000	10.090831	0.308551
40000	0.990000	0.000000	0.000000	10.096122	0.308465
45000	0.990000	0.000000	0.000000	10.098359	0.308428
50000	0.990000	0.000000	0.000000	10.099306	0.308413
55000	0.990000	0.000000	0.000000	10.099706	0.308406
60000	0.990000	0.000000	0.000000	10.099876	0.308404
65000	0.990000	0.000000	0.000000	10.099947	0.308403
70000	0.990000	0.000000	0.000000	10.099978	0.308402
75000	0.990000	0.000000	0.000000	10.099991	0.308402
80000	0.990000	0.000000	0.000000	10.099996	0.308402
85000	0.990000	0.000000	0.000000	10.099998	0.308402
90000	0.990000	0.000000	0.000000	10.099999	0.308402
95000	0.990000	0.000000	0.000000	10.100000	0.308402
100000	0.990000	0.000000	0.000000	10.100000	0.308402

var1: 0.000000	 var2: 2.200000
gen	A2		B2		diseq		zbar		sexrat
0	0.990000	0.000000			3.000000	
5000	0.990000	0.000000	0.000000	8.219113	0.344261
10000	0.990000	0.000000	0.000000	9.381302	0.320797
15000	0.990000	0.000000	0.000000	9.806981	0.313284
20000	0.990000	0.000000	0.000000	9.977834	0.310410
25000	0.990000	0.000000	0.000000	10.048618	0.309242
30000	0.990000	0.000000	0.000000	10.078311	0.308755
35000	0.990000	0.000000	0.000000	10.090831	0.308551
40000	0.990000	0.000000	0.000000	10.096122	0.308465
45000	0.990000	0.000000	0.000000	10.098359	0.308428
50000	0.990000	0.000000	0.000000	10.099306	0.308413
55000	0.990000	0.000000	0.000000	10.099706	0.308406
60000	0.990000	0.000000	0.000000	10.099876	0.308404
65000	0.990000	0.000000	0.000000	10.099947	0.308403
70000	0.990000	0.000000	0.000000	10.099978	0.308402
75000	0.990000	0.000000	0.000000	10.099991	0.308402
80000	0.990000	0.000000	0.000000	10.099996	0.308402
85000	0.990000	0.000000	0.000000	10.099998	0.308402
90000	0.990000	0.000000	0.000000	10.099999	0.308402
95000	0.990000	0.000000	0.000000	10.100000	0.308402
100000	0.990000	0.000000	0.000000	10.100000	0.308402

var1: 0.000000	 var2: 2.300000
gen	A2		B2		diseq		zbar		sexrat
0	0.990000	0.000000			3.000000	
5000	0.990000	0.000000	0.000000	8.219113	0.344261
10000	0.990000	0.000000	0.000000	9.381302	0.320797
15000	0.990000	0.000000	0.000000	9.806981	0.313284
20000	0.990000	0.000000	0.000000	9.977834	0.310410
25000	0.990000	0.000000	0.000000	10.048618	0.309242
30000	0.990000	0.000000	0.000000	10.078311	0.308755
35000	0.990000	0.000000	0.000000	10.090831	0.308551
40000	0.990000	0.000000	0.000000	10.096122	0.308465
45000	0.990000	0.000000	0.000000	10.098359	0.308428
50000	0.990000	0.000000	0.000000	10.099306	0.308413
55000	0.990000	0.000000	0.000000	10.099706	0.308406
60000	0.990000	0.000000	0.000000	10.099876	0.308404
65000	0.990000	0.000000	0.000000	10.099947	0.308403
70000	0.990000	0.000000	0.000000	10.099978	0.308402
75000	0.990000	0.000000	0.000000	10.099991	0.308402
80000	0.990000	0.000000	0.000000	10.099996	0.308402
85000	0.990000	0.000000	0.000000	10.099998	0.308402
90000	0.990000	0.000000	0.000000	10.099999	0.308402
95000	0.990000	0.000000	0.000000	10.100000	0.308402
100000	0.990000	0.000000	0.000000	10.100000	0.308402

var1: 0.000000	 var2: 2.400000
gen	A2		B2		diseq		zbar		sexrat
0	0.990000	0.000000			3.000000	
5000	0.990000	0.000000	0.000000	8.219113	0.344261
10000	0.990000	0.000000	0.000000	9.381302	0.320797
15000	0.990000	0.000000	0.000000	9.806981	0.313284
20000	0.990000	0.000000	0.000000	9.977834	0.310410
25000	0.990000	0.000000	0.000000	10.048618	0.309242
30000	0.990000	0.000000	0.000000	10.078311	0.308755
35000	0.990000	0.000000	0.000000	10.090831	0.308551
40000	0.990000	0.000000	0.000000	10.096122	0.308465
45000	0.990000	0.000000	0.000000	10.098359	0.308428
50000	0.990000	0.000000	0.000000	10.099306	0.308413
55000	0.990000	0.000000	0.000000	10.099706	0.308406
60000	0.990000	0.000000	0.000000	10.099876	0.308404
65000	0.990000	0.000000	0.000000	10.099947	0.308403
70000	0.990000	0.000000	0.000000	10.099978	0.308402
75000	0.990000	0.000000	0.000000	10.099991	0.308402
80000	0.990000	0.000000	0.000000	10.099996	0.308402
85000	0.990000	0.000000	0.000000	10.099998	0.308402
90000	0.990000	0.000000	0.000000	10.099999	0.308402
95000	0.990000	0.000000	0.000000	10.100000	0.308402
100000	0.990000	0.000000	0.000000	10.100000	0.308402

var1: 0.000000	 var2: 2.500000
gen	A2		B2		diseq		zbar		sexrat
0	0.990000	0.000000			3.000000	
5000	0.990000	0.000000	0.000000	8.219113	0.344261
10000	0.990000	0.000000	0.000000	9.381302	0.320797
15000	0.990000	0.000000	0.000000	9.806981	0.313284
20000	0.990000	0.000000	0.000000	9.977834	0.310410
25000	0.990000	0.000000	0.000000	10.048618	0.309242
30000	0.990000	0.000000	0.000000	10.078311	0.308755
35000	0.990000	0.000000	0.000000	10.090831	0.308551
40000	0.990000	0.000000	0.000000	10.096122	0.308465
45000	0.990000	0.000000	0.000000	10.098359	0.308428
50000	0.990000	0.000000	0.000000	10.099306	0.308413
55000	0.990000	0.000000	0.000000	10.099706	0.308406
60000	0.990000	0.000000	0.000000	10.099876	0.308404
65000	0.990000	0.000000	0.000000	10.099947	0.308403
70000	0.990000	0.000000	0.000000	10.099978	0.308402
75000	0.990000	0.000000	0.000000	10.099991	0.308402
80000	0.990000	0.000000	0.000000	10.099996	0.308402
85000	0.990000	0.000000	0.000000	10.099998	0.308402
90000	0.990000	0.000000	0.000000	10.099999	0.308402
95000	0.990000	0.000000	0.000000	10.100000	0.308402
100000	0.990000	0.000000	0.000000	10.100000	0.308402

var1: 0.000000	 var2: 2.600000
gen	A2		B2		diseq		zbar		sexrat
0	0.990000	0.000000			3.000000	
5000	0.990000	0.000000	0.000000	8.219113	0.344261
10000	0.990000	0.000000	0.000000	9.381302	0.320797
15000	0.990000	0.000000	0.000000	9.806981	0.313284
20000	0.990000	0.000000	0.000000	9.977834	0.310410
25000	0.990000	0.000000	0.000000	10.048618	0.309242
30000	0.990000	0.000000	0.000000	10.078311	0.308755
35000	0.990000	0.000000	0.000000	10.090831	0.308551
40000	0.990000	0.000000	0.000000	10.096122	0.308465
45000	0.990000	0.000000	0.000000	10.098359	0.308428
50000	0.990000	0.000000	0.000000	10.099306	0.308413
55000	0.990000	0.000000	0.000000	10.099706	0.308406
60000	0.990000	0.000000	0.000000	10.099876	0.308404
65000	0.990000	0.000000	0.000000	10.099947	0.308403
70000	0.990000	0.000000	0.000000	10.099978	0.308402
75000	0.990000	0.000000	0.000000	10.099991	0.308402
80000	0.990000	0.000000	0.000000	10.099996	0.308402
85000	0.990000	0.000000	0.000000	10.099998	0.308402
90000	0.990000	0.000000	0.000000	10.099999	0.308402
95000	0.990000	0.000000	0.000000	10.100000	0.308402
100000	0.990000	0.000000	0.000000	10.100000	0.308402

var1: 0.000000	 var2: 2.700000
gen	A2		B2		diseq		zbar		sexrat
0	0.990000	0.000000			3.000000	
5000	0.990000	0.000000	0.000000	8.219113	0.344261
10000	0.990000	0.000000	0.000000	9.381302	0.320797
15000	0.990000	0.000000	0.000000	9.806981	0.313284
20000	0.990000	0.000000	0.000000	9.977834	0.310410
25000	0.990000	0.000000	0.000000	10.048618	0.309242
30000	0.990000	0.000000	0.000000	10.078311	0.308755
35000	0.990000	0.000000	0.000000	10.090831	0.308551
40000	0.990000	0.000000	0.000000	10.096122	0.308465
45000	0.990000	0.000000	0.000000	10.098359	0.308428
50000	0.990000	0.000000	0.000000	10.099306	0.308413
55000	0.990000	0.000000	0.000000	10.099706	0.308406
60000	0.990000	0.000000	0.000000	10.099876	0.308404
65000	0.990000	0.000000	0.000000	10.099947	0.308403
70000	0.990000	0.000000	0.000000	10.099978	0.308402
75000	0.990000	0.000000	0.000000	10.099991	0.308402
80000	0.990000	0.000000	0.000000	10.099996	0.308402
85000	0.990000	0.000000	0.000000	10.099998	0.308402
90000	0.990000	0.000000	0.000000	10.099999	0.308402
95000	0.990000	0.000000	0.000000	10.100000	0.308402
100000	0.990000	0.000000	0.000000	10.100000	0.308402

var1: 0.000000	 var2: 2.800000
gen	A2		B2		diseq		zbar		sexrat
0	0.990000	0.000000			3.000000	
5000	0.990000	0.000000	0.000000	8.219113	0.344261
10000	0.990000	0.000000	0.000000	9.381302	0.320797
15000	0.990000	0.000000	0.000000	9.806981	0.313284
20000	0.990000	0.000000	0.000000	9.977834	0.310410
25000	0.990000	0.000000	0.000000	10.048618	0.309242
30000	0.990000	0.000000	0.000000	10.078311	0.308755
35000	0.990000	0.000000	0.000000	10.090831	0.308551
40000	0.990000	0.000000	0.000000	10.096122	0.308465
45000	0.990000	0.000000	0.000000	10.098359	0.308428
50000	0.990000	0.000000	0.000000	10.099306	0.308413
55000	0.990000	0.000000	0.000000	10.099706	0.308406
60000	0.990000	0.000000	0.000000	10.099876	0.308404
65000	0.990000	0.000000	0.000000	10.099947	0.308403
70000	0.990000	0.000000	0.000000	10.099978	0.308402
75000	0.990000	0.000000	0.000000	10.099991	0.308402
80000	0.990000	0.000000	0.000000	10.099996	0.308402
85000	0.990000	0.000000	0.000000	10.099998	0.308402
90000	0.990000	0.000000	0.000000	10.099999	0.308402
95000	0.990000	0.000000	0.000000	10.100000	0.308402
100000	0.990000	0.000000	0.000000	10.100000	0.308402

var1: 0.000000	 var2: 2.900000
gen	A2		B2		diseq		zbar		sexrat
0	0.990000	0.000000			3.000000	
5000	0.990000	0.000000	0.000000	8.219113	0.344261
10000	0.990000	0.000000	0.000000	9.381302	0.320797
15000	0.990000	0.000000	0.000000	9.806981	0.313284
20000	0.990000	0.000000	0.000000	9.977834	0.310410
25000	0.990000	0.000000	0.000000	10.048618	0.309242
30000	0.990000	0.000000	0.000000	10.078311	0.308755
35000	0.990000	0.000000	0.000000	10.090831	0.308551
40000	0.990000	0.000000	0.000000	10.096122	0.308465
45000	0.990000	0.000000	0.000000	10.098359	0.308428
50000	0.990000	0.000000	0.000000	10.099306	0.308413
55000	0.990000	0.000000	0.000000	10.099706	0.308406
60000	0.990000	0.000000	0.000000	10.099876	0.308404
65000	0.990000	0.000000	0.000000	10.099947	0.308403
70000	0.990000	0.000000	0.000000	10.099978	0.308402
75000	0.990000	0.000000	0.000000	10.099991	0.308402
80000	0.990000	0.000000	0.000000	10.099996	0.308402
85000	0.990000	0.000000	0.000000	10.099998	0.308402
90000	0.990000	0.000000	0.000000	10.099999	0.308402
95000	0.990000	0.000000	0.000000	10.100000	0.308402
100000	0.990000	0.000000	0.000000	10.100000	0.308402

var1: 0.000000	 var2: 3.000000
gen	A2		B2		diseq		zbar		sexrat
0	0.990000	0.000000			3.000000	
5000	0.990000	0.000000	0.000000	8.219113	0.344261
10000	0.990000	0.000000	0.000000	9.381302	0.320797
15000	0.990000	0.000000	0.000000	9.806981	0.313284
20000	0.990000	0.000000	0.000000	9.977834	0.310410
25000	0.990000	0.000000	0.000000	10.048618	0.309242
30000	0.990000	0.000000	0.000000	10.078311	0.308755
35000	0.990000	0.000000	0.000000	10.090831	0.308551
40000	0.990000	0.000000	0.000000	10.096122	0.308465
45000	0.990000	0.000000	0.000000	10.098359	0.308428
50000	0.990000	0.000000	0.000000	10.099306	0.308413
55000	0.990000	0.000000	0.000000	10.099706	0.308406
60000	0.990000	0.000000	0.000000	10.099876	0.308404
65000	0.990000	0.000000	0.000000	10.099947	0.308403
70000	0.990000	0.000000	0.000000	10.099978	0.308402
75000	0.990000	0.000000	0.000000	10.099991	0.308402
80000	0.990000	0.000000	0.000000	10.099996	0.308402
85000	0.990000	0.000000	0.000000	10.099998	0.308402
90000	0.990000	0.000000	0.000000	10.099999	0.308402
95000	0.990000	0.000000	0.000000	10.100000	0.308402
100000	0.990000	0.000000	0.000000	10.100000	0.308402

var1: 0.000000	 var2: 3.100000
gen	A2		B2		diseq		zbar		sexrat
0	0.990000	0.000000			3.000000	
5000	0.990000	0.000000	0.000000	8.219113	0.344261
10000	0.990000	0.000000	0.000000	9.381302	0.320797
15000	0.990000	0.000000	0.000000	9.806981	0.313284
20000	0.990000	0.000000	0.000000	9.977834	0.310410
25000	0.990000	0.000000	0.000000	10.048618	0.309242
30000	0.990000	0.000000	0.000000	10.078311	0.308755
35000	0.990000	0.000000	0.000000	10.090831	0.308551
40000	0.990000	0.000000	0.000000	10.096122	0.308465
45000	0.990000	0.000000	0.000000	10.098359	0.308428
50000	0.990000	0.000000	0.000000	10.099306	0.308413
55000	0.990000	0.000000	0.000000	10.099706	0.308406
60000	0.990000	0.000000	0.000000	10.099876	0.308404
65000	0.990000	0.000000	0.000000	10.099947	0.308403
70000	0.990000	0.000000	0.000000	10.099978	0.308402
75000	0.990000	0.000000	0.000000	10.099991	0.308402
80000	0.990000	0.000000	0.000000	10.099996	0.308402
85000	0.990000	0.000000	0.000000	10.099998	0.308402
90000	0.990000	0.000000	0.000000	10.099999	0.308402
95000	0.990000	0.000000	0.000000	10.100000	0.308402
100000	0.990000	0.000000	0.000000	10.100000	0.308402

var1: 0.000000	 var2: 3.200000
gen	A2		B2		diseq		zbar		sexrat
0	0.990000	0.000000			3.000000	
5000	0.990000	0.000000	0.000000	8.219113	0.344261
10000	0.990000	0.000000	0.000000	9.381302	0.320797
15000	0.990000	0.000000	0.000000	9.806981	0.313284
20000	0.990000	0.000000	0.000000	9.977834	0.310410
25000	0.990000	0.000000	0.000000	10.048618	0.309242
30000	0.990000	0.000000	0.000000	10.078311	0.308755
35000	0.990000	0.000000	0.000000	10.090831	0.308551
40000	0.990000	0.000000	0.000000	10.096122	0.308465
45000	0.990000	0.000000	0.000000	10.098359	0.308428
50000	0.990000	0.000000	0.000000	10.099306	0.308413
55000	0.990000	0.000000	0.000000	10.099706	0.308406
60000	0.990000	0.000000	0.000000	10.099876	0.308404
65000	0.990000	0.000000	0.000000	10.099947	0.308403
70000	0.990000	0.000000	0.000000	10.099978	0.308402
75000	0.990000	0.000000	0.000000	10.099991	0.308402
80000	0.990000	0.000000	0.000000	10.099996	0.308402
85000	0.990000	0.000000	0.000000	10.099998	0.308402
90000	0.990000	0.000000	0.000000	10.099999	0.308402
95000	0.990000	0.000000	0.000000	10.100000	0.308402
100000	0.990000	0.000000	0.000000	10.100000	0.308402

var1: 0.000000	 var2: 3.300000
gen	A2		B2		diseq		zbar		sexrat
0	0.990000	0.000000			3.000000	
5000	0.990000	0.000000	0.000000	8.219113	0.344261
10000	0.990000	0.000000	0.000000	9.381302	0.320797
15000	0.990000	0.000000	0.000000	9.806981	0.313284
20000	0.990000	0.000000	0.000000	9.977834	0.310410
25000	0.990000	0.000000	0.000000	10.048618	0.309242
30000	0.990000	0.000000	0.000000	10.078311	0.308755
35000	0.990000	0.000000	0.000000	10.090831	0.308551
40000	0.990000	0.000000	0.000000	10.096122	0.308465
45000	0.990000	0.000000	0.000000	10.098359	0.308428
50000	0.990000	0.000000	0.000000	10.099306	0.308413
55000	0.990000	0.000000	0.000000	10.099706	0.308406
60000	0.990000	0.000000	0.000000	10.099876	0.308404
65000	0.990000	0.000000	0.000000	10.099947	0.308403
70000	0.990000	0.000000	0.000000	10.099978	0.308402
75000	0.990000	0.000000	0.000000	10.099991	0.308402
80000	0.990000	0.000000	0.000000	10.099996	0.308402
85000	0.990000	0.000000	0.000000	10.099998	0.308402
90000	0.990000	0.000000	0.000000	10.099999	0.308402
95000	0.990000	0.000000	0.000000	10.100000	0.308402
100000	0.990000	0.000000	0.000000	10.100000	0.308402

var1: 0.000000	 var2: 3.400000
gen	A2		B2		diseq		zbar		sexrat
0	0.990000	0.000000			3.000000	
5000	0.990000	0.000000	0.000000	8.219113	0.344261
10000	0.990000	0.000000	0.000000	9.381302	0.320797
15000	0.990000	0.000000	0.000000	9.806981	0.313284
20000	0.990000	0.000000	0.000000	9.977834	0.310410
25000	0.990000	0.000000	0.000000	10.048618	0.309242
30000	0.990000	0.000000	0.000000	10.078311	0.308755
35000	0.990000	0.000000	0.000000	10.090831	0.308551
40000	0.990000	0.000000	0.000000	10.096122	0.308465
45000	0.990000	0.000000	0.000000	10.098359	0.308428
50000	0.990000	0.000000	0.000000	10.099306	0.308413
55000	0.990000	0.000000	0.000000	10.099706	0.308406
60000	0.990000	0.000000	0.000000	10.099876	0.308404
65000	0.990000	0.000000	0.000000	10.099947	0.308403
70000	0.990000	0.000000	0.000000	10.099978	0.308402
75000	0.990000	0.000000	0.000000	10.099991	0.308402
80000	0.990000	0.000000	0.000000	10.099996	0.308402
85000	0.990000	0.000000	0.000000	10.099998	0.308402
90000	0.990000	0.000000	0.000000	10.099999	0.308402
95000	0.990000	0.000000	0.000000	10.100000	0.308402
100000	0.990000	0.000000	0.000000	10.100000	0.308402

var1: 0.000000	 var2: 3.500000
gen	A2		B2		diseq		zbar		sexrat
0	0.990000	0.000000			3.000000	
5000	0.990000	0.000000	0.000000	8.219113	0.344261
10000	0.990000	0.000000	0.000000	9.381302	0.320797
15000	0.990000	0.000000	0.000000	9.806981	0.313284
20000	0.990000	0.000000	0.000000	9.977834	0.310410
25000	0.990000	0.000000	0.000000	10.048618	0.309242
30000	0.990000	0.000000	0.000000	10.078311	0.308755
35000	0.990000	0.000000	0.000000	10.090831	0.308551
40000	0.990000	0.000000	0.000000	10.096122	0.308465
45000	0.990000	0.000000	0.000000	10.098359	0.308428
50000	0.990000	0.000000	0.000000	10.099306	0.308413
55000	0.990000	0.000000	0.000000	10.099706	0.308406
60000	0.990000	0.000000	0.000000	10.099876	0.308404
65000	0.990000	0.000000	0.000000	10.099947	0.308403
70000	0.990000	0.000000	0.000000	10.099978	0.308402
75000	0.990000	0.000000	0.000000	10.099991	0.308402
80000	0.990000	0.000000	0.000000	10.099996	0.308402
85000	0.990000	0.000000	0.000000	10.099998	0.308402
90000	0.990000	0.000000	0.000000	10.099999	0.308402
95000	0.990000	0.000000	0.000000	10.100000	0.308402
100000	0.990000	0.000000	0.000000	10.100000	0.308402

var1: 0.000000	 var2: 3.600000
gen	A2		B2		diseq		zbar		sexrat
0	0.990000	0.000000			3.000000	
5000	0.990000	0.000000	0.000000	8.219113	0.344261
10000	0.990000	0.000000	0.000000	9.381302	0.320797
15000	0.990000	0.000000	0.000000	9.806981	0.313284
20000	0.990000	0.000000	0.000000	9.977834	0.310410
25000	0.990000	0.000000	0.000000	10.048618	0.309242
30000	0.990000	0.000000	0.000000	10.078311	0.308755
35000	0.990000	0.000000	0.000000	10.090831	0.308551
40000	0.990000	0.000000	0.000000	10.096122	0.308465
45000	0.990000	0.000000	0.000000	10.098359	0.308428
50000	0.990000	0.000000	0.000000	10.099306	0.308413
55000	0.990000	0.000000	0.000000	10.099706	0.308406
60000	0.990000	0.000000	0.000000	10.099876	0.308404
65000	0.990000	0.000000	0.000000	10.099947	0.308403
70000	0.990000	0.000000	0.000000	10.099978	0.308402
75000	0.990000	0.000000	0.000000	10.099991	0.308402
80000	0.990000	0.000000	0.000000	10.099996	0.308402
85000	0.990000	0.000000	0.000000	10.099998	0.308402
90000	0.990000	0.000000	0.000000	10.099999	0.308402
95000	0.990000	0.000000	0.000000	10.100000	0.308402
100000	0.990000	0.000000	0.000000	10.100000	0.308402

var1: 0.000000	 var2: 3.700000
gen	A2		B2		diseq		zbar		sexrat
0	0.990000	0.000000			3.000000	
5000	0.990000	0.000000	0.000000	8.219113	0.344261
10000	0.990000	0.000000	0.000000	9.381302	0.320797
15000	0.990000	0.000000	0.000000	9.806981	0.313284
20000	0.990000	0.000000	0.000000	9.977834	0.310410
25000	0.990000	0.000000	0.000000	10.048618	0.309242
30000	0.990000	0.000000	0.000000	10.078311	0.308755
35000	0.990000	0.000000	0.000000	10.090831	0.308551
40000	0.990000	0.000000	0.000000	10.096122	0.308465
45000	0.990000	0.000000	0.000000	10.098359	0.308428
50000	0.990000	0.000000	0.000000	10.099306	0.308413
55000	0.990000	0.000000	0.000000	10.099706	0.308406
60000	0.990000	0.000000	0.000000	10.099876	0.308404
65000	0.990000	0.000000	0.000000	10.099947	0.308403
70000	0.990000	0.000000	0.000000	10.099978	0.308402
75000	0.990000	0.000000	0.000000	10.099991	0.308402
80000	0.990000	0.000000	0.000000	10.099996	0.308402
85000	0.990000	0.000000	0.000000	10.099998	0.308402
90000	0.990000	0.000000	0.000000	10.099999	0.308402
95000	0.990000	0.000000	0.000000	10.100000	0.308402
100000	0.990000	0.000000	0.000000	10.100000	0.308402

var1: 0.000000	 var2: 3.800000
gen	A2		B2		diseq		zbar		sexrat
0	0.990000	0.000000			3.000000	
5000	0.990000	0.000000	0.000000	8.219113	0.344261
10000	0.990000	0.000000	0.000000	9.381302	0.320797
15000	0.990000	0.000000	0.000000	9.806981	0.313284
20000	0.990000	0.000000	0.000000	9.977834	0.310410
25000	0.990000	0.000000	0.000000	10.048618	0.309242
30000	0.990000	0.000000	0.000000	10.078311	0.308755
35000	0.990000	0.000000	0.000000	10.090831	0.308551
40000	0.990000	0.000000	0.000000	10.096122	0.308465
45000	0.990000	0.000000	0.000000	10.098359	0.308428
50000	0.990000	0.000000	0.000000	10.099306	0.308413
55000	0.990000	0.000000	0.000000	10.099706	0.308406
60000	0.990000	0.000000	0.000000	10.099876	0.308404
65000	0.990000	0.000000	0.000000	10.099947	0.308403
70000	0.990000	0.000000	0.000000	10.099978	0.308402
75000	0.990000	0.000000	0.000000	10.099991	0.308402
80000	0.990000	0.000000	0.000000	10.099996	0.308402
85000	0.990000	0.000000	0.000000	10.099998	0.308402
90000	0.990000	0.000000	0.000000	10.099999	0.308402
95000	0.990000	0.000000	0.000000	10.100000	0.308402
100000	0.990000	0.000000	0.000000	10.100000	0.308402

var1: 0.000000	 var2: 3.900000
gen	A2		B2		diseq		zbar		sexrat
0	0.990000	0.000000			3.000000	
5000	0.990000	0.000000	0.000000	8.219113	0.344261
10000	0.990000	0.000000	0.000000	9.381302	0.320797
15000	0.990000	0.000000	0.000000	9.806981	0.313284
20000	0.990000	0.000000	0.000000	9.977834	0.310410
25000	0.990000	0.000000	0.000000	10.048618	0.309242
30000	0.990000	0.000000	0.000000	10.078311	0.308755
35000	0.990000	0.000000	0.000000	10.090831	0.308551
40000	0.990000	0.000000	0.000000	10.096122	0.308465
45000	0.990000	0.000000	0.000000	10.098359	0.308428
50000	0.990000	0.000000	0.000000	10.099306	0.308413
55000	0.990000	0.000000	0.000000	10.099706	0.308406
60000	0.990000	0.000000	0.000000	10.099876	0.308404
65000	0.990000	0.000000	0.000000	10.099947	0.308403
70000	0.990000	0.000000	0.000000	10.099978	0.308402
75000	0.990000	0.000000	0.000000	10.099991	0.308402
80000	0.990000	0.000000	0.000000	10.099996	0.308402
85000	0.990000	0.000000	0.000000	10.099998	0.308402
90000	0.990000	0.000000	0.000000	10.099999	0.308402
95000	0.990000	0.000000	0.000000	10.100000	0.308402
100000	0.990000	0.000000	0.000000	10.100000	0.308402

var1: 0.000000	 var2: 4.000000
gen	A2		B2		diseq		zbar		sexrat
0	0.990000	0.000000			3.000000	
5000	0.990000	0.000000	0.000000	8.219113	0.344261
10000	0.990000	0.000000	0.000000	9.381302	0.320797
15000	0.990000	0.000000	0.000000	9.806981	0.313284
20000	0.990000	0.000000	0.000000	9.977834	0.310410
25000	0.990000	0.000000	0.000000	10.048618	0.309242
30000	0.990000	0.000000	0.000000	10.078311	0.308755
35000	0.990000	0.000000	0.000000	10.090831	0.308551
40000	0.990000	0.000000	0.000000	10.096122	0.308465
45000	0.990000	0.000000	0.000000	10.098359	0.308428
50000	0.990000	0.000000	0.000000	10.099306	0.308413
55000	0.990000	0.000000	0.000000	10.099706	0.308406
60000	0.990000	0.000000	0.000000	10.099876	0.308404
65000	0.990000	0.000000	0.000000	10.099947	0.308403
70000	0.990000	0.000000	0.000000	10.099978	0.308402
75000	0.990000	0.000000	0.000000	10.099991	0.308402
80000	0.990000	0.000000	0.000000	10.099996	0.308402
85000	0.990000	0.000000	0.000000	10.099998	0.308402
90000	0.990000	0.000000	0.000000	10.099999	0.308402
95000	0.990000	0.000000	0.000000	10.100000	0.308402
100000	0.990000	0.000000	0.000000	10.100000	0.308402

var1: 0.002500	 var2: 0.000000
gen	A2		B2		diseq		zbar		sexrat
0	0.990000	0.000000			3.000000	
5000	0.990000	0.000000	0.000000	8.111420	0.360916
10000	0.990000	0.000000	0.000000	9.145349	0.339324
15000	0.990000	0.000000	0.000000	9.487077	0.332983
20000	0.990000	0.000000	0.000000	9.609844	0.330790
25000	0.990000	0.000000	0.000000	9.655126	0.329992
30000	0.990000	0.000000	0.000000	9.671985	0.329696
35000	0.990000	0.000000	0.000000	9.678283	0.329586
40000	0.990000	0.000000	0.000000	9.680639	0.329545
45000	0.990000	0.000000	0.000000	9.681520	0.329529
50000	0.990000	0.000000	0.000000	9.681850	0.329524
55000	0.990000	0.000000	0.000000	9.681974	0.329521
60000	0.990000	0.000000	0.000000	9.682020	0.329521
65000	0.990000	0.000000	0.000000	9.682038	0.329520
70000	0.990000	0.000000	0.000000	9.682044	0.329520
75000	0.990000	0.000000	0.000000	9.682046	0.329520
80000	0.990000	0.000000	0.000000	9.682047	0.329520
85000	0.990000	0.000000	0.000000	9.682048	0.329520
90000	0.990000	0.000000	0.000000	9.682048	0.329520
95000	0.990000	0.000000	0.000000	9.682048	0.329520
100000	0.990000	0.000000	0.000000	9.682048	0.329520

var1: 0.002500	 var2: 0.100000
gen	A2		B2		diseq		zbar		sexrat
0	0.990000	0.000000			3.000000	
5000	0.990000	0.000000	0.000000	8.111420	0.360916
10000	0.990000	0.000000	0.000000	9.145349	0.339324
15000	0.990000	0.000000	0.000000	9.487077	0.332983
20000	0.990000	0.000000	0.000000	9.609844	0.330790
25000	0.990000	0.000000	0.000000	9.655126	0.329992
30000	0.990000	0.000000	0.000000	9.671985	0.329696
35000	0.990000	0.000000	0.000000	9.678283	0.329586
40000	0.990000	0.000000	0.000000	9.680639	0.329545
45000	0.990000	0.000000	0.000000	9.681520	0.329529
50000	0.990000	0.000000	0.000000	9.681850	0.329524
55000	0.990000	0.000000	0.000000	9.681974	0.329521
60000	0.990000	0.000000	0.000000	9.682020	0.329521
65000	0.990000	0.000000	0.000000	9.682038	0.329520
70000	0.990000	0.000000	0.000000	9.682044	0.329520
75000	0.990000	0.000000	0.000000	9.682046	0.329520
80000	0.990000	0.000000	0.000000	9.682047	0.329520
85000	0.990000	0.000000	0.000000	9.682048	0.329520
90000	0.990000	0.000000	0.000000	9.682048	0.329520
95000	0.990000	0.000000	0.000000	9.682048	0.329520
100000	0.990000	0.000000	0.000000	9.682048	0.329520

var1: 0.002500	 var2: 0.200000
gen	A2		B2		diseq		zbar		sexrat
0	0.990000	0.000000			3.000000	
5000	0.990000	0.000000	0.000000	8.111420	0.360916
10000	0.990000	0.000000	0.000000	9.145349	0.339324
15000	0.990000	0.000000	0.000000	9.487077	0.332983
20000	0.990000	0.000000	0.000000	9.609844	0.330790
25000	0.990000	0.000000	0.000000	9.655126	0.329992
30000	0.990000	0.000000	0.000000	9.671985	0.329696
35000	0.990000	0.000000	0.000000	9.678283	0.329586
40000	0.990000	0.000000	0.000000	9.680639	0.329545
45000	0.990000	0.000000	0.000000	9.681520	0.329529
50000	0.990000	0.000000	0.000000	9.681850	0.329524
55000	0.990000	0.000000	0.000000	9.681974	0.329521
60000	0.990000	0.000000	0.000000	9.682020	0.329521
65000	0.990000	0.000000	0.000000	9.682038	0.329520
70000	0.990000	0.000000	0.000000	9.682044	0.329520
75000	0.990000	0.000000	0.000000	9.682046	0.329520
80000	0.990000	0.000000	0.000000	9.682047	0.329520
85000	0.990000	0.000000	0.000000	9.682048	0.329520
90000	0.990000	0.000000	0.000000	9.682048	0.329520
95000	0.990000	0.000000	0.000000	9.682048	0.329520
100000	0.990000	0.000000	0.000000	9.682048	0.329520

var1: 0.002500	 var2: 0.300000
gen	A2		B2		diseq		zbar		sexrat
0	0.990000	0.000000			3.000000	
5000	0.990000	0.000000	0.000000	8.111420	0.360916
10000	0.990000	0.000000	0.000000	9.145349	0.339324
15000	0.990000	0.000000	0.000000	9.487077	0.332983
20000	0.990000	0.000000	0.000000	9.609844	0.330790
25000	0.990000	0.000000	0.000000	9.655126	0.329992
30000	0.990000	0.000000	0.000000	9.671985	0.329696
35000	0.990000	0.000000	0.000000	9.678283	0.329586
40000	0.990000	0.000000	0.000000	9.680639	0.329545
45000	0.990000	0.000000	0.000000	9.681520	0.329529
50000	0.990000	0.000000	0.000000	9.681850	0.329524
55000	0.990000	0.000000	0.000000	9.681974	0.329521
60000	0.990000	0.000000	0.000000	9.682020	0.329521
65000	0.990000	0.000000	0.000000	9.682038	0.329520
70000	0.990000	0.000000	0.000000	9.682044	0.329520
75000	0.990000	0.000000	0.000000	9.682046	0.329520
80000	0.990000	0.000000	0.000000	9.682047	0.329520
85000	0.990000	0.000000	0.000000	9.682048	0.329520
90000	0.990000	0.000000	0.000000	9.682048	0.329520
95000	0.990000	0.000000	0.000000	9.682048	0.329520
100000	0.990000	0.000000	0.000000	9.682048	0.329520

var1: 0.002500	 var2: 0.400000
gen	A2		B2		diseq		zbar		sexrat
0	0.990000	0.000000			3.000000	
5000	0.990000	0.000000	0.000000	8.111420	0.360916
10000	0.990000	0.000000	0.000000	9.145349	0.339324
15000	0.990000	0.000000	0.000000	9.487077	0.332983
20000	0.990000	0.000000	0.000000	9.609844	0.330790
25000	0.990000	0.000000	0.000000	9.655126	0.329992
30000	0.990000	0.000000	0.000000	9.671985	0.329696
35000	0.990000	0.000000	0.000000	9.678283	0.329586
40000	0.990000	0.000000	0.000000	9.680639	0.329545
45000	0.990000	0.000000	0.000000	9.681520	0.329529
50000	0.990000	0.000000	0.000000	9.681850	0.329524
55000	0.990000	0.000000	0.000000	9.681974	0.329521
60000	0.990000	0.000000	0.000000	9.682020	0.329521
65000	0.990000	0.000000	0.000000	9.682038	0.329520
70000	0.990000	0.000000	0.000000	9.682044	0.329520
75000	0.990000	0.000000	0.000000	9.682046	0.329520
80000	0.990000	0.000000	0.000000	9.682047	0.329520
85000	0.990000	0.000000	0.000000	9.682048	0.329520
90000	0.990000	0.000000	0.000000	9.682048	0.329520
95000	0.990000	0.000000	0.000000	9.682048	0.329520
100000	0.990000	0.000000	0.000000	9.682048	0.329520

var1: 0.002500	 var2: 0.500000
gen	A2		B2		diseq		zbar		sexrat
0	0.990000	0.000000			3.000000	
5000	0.990000	0.000000	0.000000	8.111420	0.360916
10000	0.990000	0.000000	0.000000	9.145349	0.339324
15000	0.990000	0.000000	0.000000	9.487077	0.332983
20000	0.990000	0.000000	0.000000	9.609844	0.330790
25000	0.990000	0.000000	0.000000	9.655126	0.329992
30000	0.990000	0.000000	0.000000	9.671985	0.329696
35000	0.990000	0.000000	0.000000	9.678283	0.329586
40000	0.990000	0.000000	0.000000	9.680639	0.329545
45000	0.990000	0.000000	0.000000	9.681520	0.329529
50000	0.990000	0.000000	0.000000	9.681850	0.329524
55000	0.990000	0.000000	0.000000	9.681974	0.329521
60000	0.990000	0.000000	0.000000	9.682020	0.329521
65000	0.990000	0.000000	0.000000	9.682038	0.329520
70000	0.990000	0.000000	0.000000	9.682044	0.329520
75000	0.990000	0.000000	0.000000	9.682046	0.329520
80000	0.990000	0.000000	0.000000	9.682047	0.329520
85000	0.990000	0.000000	0.000000	9.682048	0.329520
90000	0.990000	0.000000	0.000000	9.682048	0.329520
95000	0.990000	0.000000	0.000000	9.682048	0.329520
100000	0.990000	0.000000	0.000000	9.682048	0.329520

var1: 0.002500	 var2: 0.600000
gen	A2		B2		diseq		zbar		sexrat
0	0.990000	0.000000			3.000000	
5000	0.990000	0.000000	0.000000	8.111420	0.360916
10000	0.990000	0.000000	0.000000	9.145349	0.339324
15000	0.990000	0.000000	0.000000	9.487077	0.332983
20000	0.990000	0.000000	0.000000	9.609844	0.330790
25000	0.990000	0.000000	0.000000	9.655126	0.329992
30000	0.990000	0.000000	0.000000	9.671985	0.329696
35000	0.990000	0.000000	0.000000	9.678283	0.329586
40000	0.990000	0.000000	0.000000	9.680639	0.329545
45000	0.990000	0.000000	0.000000	9.681520	0.329529
50000	0.990000	0.000000	0.000000	9.681850	0.329524
55000	0.990000	0.000000	0.000000	9.681974	0.329521
60000	0.990000	0.000000	0.000000	9.682020	0.329521
65000	0.990000	0.000000	0.000000	9.682038	0.329520
70000	0.990000	0.000000	0.000000	9.682044	0.329520
75000	0.990000	0.000000	0.000000	9.682046	0.329520
80000	0.990000	0.000000	0.000000	9.682047	0.329520
85000	0.990000	0.000000	0.000000	9.682048	0.329520
90000	0.990000	0.000000	0.000000	9.682048	0.329520
95000	0.990000	0.000000	0.000000	9.682048	0.329520
100000	0.990000	0.000000	0.000000	9.682048	0.329520

var1: 0.002500	 var2: 0.700000
gen	A2		B2		diseq		zbar		sexrat
0	0.990000	0.000000			3.000000	
5000	0.990000	0.000000	0.000000	8.111420	0.360916
10000	0.990000	0.000000	0.000000	9.145349	0.339324
15000	0.990000	0.000000	0.000000	9.487077	0.332983
20000	0.990000	0.000000	0.000000	9.609844	0.330790
25000	0.990000	0.000000	0.000000	9.655126	0.329992
30000	0.990000	0.000000	0.000000	9.671985	0.329696
35000	0.990000	0.000000	0.000000	9.678283	0.329586
40000	0.990000	0.000000	0.000000	9.680639	0.329545
45000	0.990000	0.000000	0.000000	9.681520	0.329529
50000	0.990000	0.000000	0.000000	9.681850	0.329524
55000	0.990000	0.000000	0.000000	9.681974	0.329521
60000	0.990000	0.000000	0.000000	9.682020	0.329521
65000	0.990000	0.000000	0.000000	9.682038	0.329520
70000	0.990000	0.000000	0.000000	9.682044	0.329520
75000	0.990000	0.000000	0.000000	9.682046	0.329520
80000	0.990000	0.000000	0.000000	9.682047	0.329520
85000	0.990000	0.000000	0.000000	9.682048	0.329520
90000	0.990000	0.000000	0.000000	9.682048	0.329520
95000	0.990000	0.000000	0.000000	9.682048	0.329520
100000	0.990000	0.000000	0.000000	9.682048	0.329520

var1: 0.002500	 var2: 0.800000
gen	A2		B2		diseq		zbar		sexrat
0	0.990000	0.000000			3.000000	
5000	0.990000	0.000000	0.000000	8.111420	0.360916
10000	0.990000	0.000000	0.000000	9.145349	0.339324
15000	0.990000	0.000000	0.000000	9.487077	0.332983
20000	0.990000	0.000000	0.000000	9.609844	0.330790
25000	0.990000	0.000000	0.000000	9.655126	0.329992
30000	0.990000	0.000000	0.000000	9.671985	0.329696
35000	0.990000	0.000000	0.000000	9.678283	0.329586
40000	0.990000	0.000000	0.000000	9.680639	0.329545
45000	0.990000	0.000000	0.000000	9.681520	0.329529
50000	0.990000	0.000000	0.000000	9.681850	0.329524
55000	0.990000	0.000000	0.000000	9.681974	0.329521
60000	0.990000	0.000000	0.000000	9.682020	0.329521
65000	0.990000	0.000000	0.000000	9.682038	0.329520
70000	0.990000	0.000000	0.000000	9.682044	0.329520
75000	0.990000	0.000000	0.000000	9.682046	0.329520
80000	0.990000	0.000000	0.000000	9.682047	0.329520
85000	0.990000	0.000000	0.000000	9.682048	0.329520
90000	0.990000	0.000000	0.000000	9.682048	0.329520
95000	0.990000	0.000000	0.000000	9.682048	0.329520
100000	0.990000	0.000000	0.000000	9.682048	0.329520

var1: 0.002500	 var2: 0.900000
gen	A2		B2		diseq		zbar		sexrat
0	0.990000	0.000000			3.000000	
5000	0.990000	0.000000	0.000000	8.111420	0.360916
10000	0.990000	0.000000	0.000000	9.145349	0.339324
15000	0.990000	0.000000	0.000000	9.487077	0.332983
20000	0.990000	0.000000	0.000000	9.609844	0.330790
25000	0.990000	0.000000	0.000000	9.655126	0.329992
30000	0.990000	0.000000	0.000000	9.671985	0.329696
35000	0.990000	0.000000	0.000000	9.678283	0.329586
40000	0.990000	0.000000	0.000000	9.680639	0.329545
45000	0.990000	0.000000	0.000000	9.681520	0.329529
50000	0.990000	0.000000	0.000000	9.681850	0.329524
55000	0.990000	0.000000	0.000000	9.681974	0.329521
60000	0.990000	0.000000	0.000000	9.682020	0.329521
65000	0.990000	0.000000	0.000000	9.682038	0.329520
70000	0.990000	0.000000	0.000000	9.682044	0.329520
75000	0.990000	0.000000	0.000000	9.682046	0.329520
80000	0.990000	0.000000	0.000000	9.682047	0.329520
85000	0.990000	0.000000	0.000000	9.682048	0.329520
90000	0.990000	0.000000	0.000000	9.682048	0.329520
95000	0.990000	0.000000	0.000000	9.682048	0.329520
100000	0.990000	0.000000	0.000000	9.682048	0.329520

var1: 0.002500	 var2: 1.000000
gen	A2		B2		diseq		zbar		sexrat
0	0.990000	0.000000			3.000000	
5000	0.990000	0.000000	0.000000	8.111420	0.360916
10000	0.990000	0.000000	0.000000	9.145349	0.339324
15000	0.990000	0.000000	0.000000	9.487077	0.332983
20000	0.990000	0.000000	0.000000	9.609844	0.330790
25000	0.990000	0.000000	0.000000	9.655126	0.329992
30000	0.990000	0.000000	0.000000	9.671985	0.329696
35000	0.990000	0.000000	0.000000	9.678283	0.329586
40000	0.990000	0.000000	0.000000	9.680639	0.329545
45000	0.990000	0.000000	0.000000	9.681520	0.329529
50000	0.990000	0.000000	0.000000	9.681850	0.329524
55000	0.990000	0.000000	0.000000	9.681974	0.329521
60000	0.990000	0.000000	0.000000	9.682020	0.329521
65000	0.990000	0.000000	0.000000	9.682038	0.329520
70000	0.990000	0.000000	0.000000	9.682044	0.329520
75000	0.990000	0.000000	0.000000	9.682046	0.329520
80000	0.990000	0.000000	0.000000	9.682047	0.329520
85000	0.990000	0.000000	0.000000	9.682048	0.329520
90000	0.990000	0.000000	0.000000	9.682048	0.329520
95000	0.990000	0.000000	0.000000	9.682048	0.329520
100000	0.990000	0.000000	0.000000	9.682048	0.329520

var1: 0.002500	 var2: 1.100000
gen	A2		B2		diseq		zbar		sexrat
0	0.990000	0.000000			3.000000	
5000	0.990000	0.000000	0.000000	8.111420	0.360916
10000	0.990000	0.000000	0.000000	9.145349	0.339324
15000	0.990000	0.000000	0.000000	9.487077	0.332983
20000	0.990000	0.000000	0.000000	9.609844	0.330790
25000	0.990000	0.000000	0.000000	9.655126	0.329992
30000	0.990000	0.000000	0.000000	9.671985	0.329696
35000	0.990000	0.000000	0.000000	9.678283	0.329586
40000	0.990000	0.000000	0.000000	9.680639	0.329545
45000	0.990000	0.000000	0.000000	9.681520	0.329529
50000	0.990000	0.000000	0.000000	9.681850	0.329524
55000	0.990000	0.000000	0.000000	9.681974	0.329521
60000	0.990000	0.000000	0.000000	9.682020	0.329521
65000	0.990000	0.000000	0.000000	9.682038	0.329520
70000	0.990000	0.000000	0.000000	9.682044	0.329520
75000	0.990000	0.000000	0.000000	9.682046	0.329520
80000	0.990000	0.000000	0.000000	9.682047	0.329520
85000	0.990000	0.000000	0.000000	9.682048	0.329520
90000	0.990000	0.000000	0.000000	9.682048	0.329520
95000	0.990000	0.000000	0.000000	9.682048	0.329520
100000	0.990000	0.000000	0.000000	9.682048	0.329520

var1: 0.002500	 var2: 1.200000
gen	A2		B2		diseq		zbar		sexrat
0	0.990000	0.000000			3.000000	
5000	0.990000	0.000000	0.000000	8.111420	0.360916
10000	0.990000	0.000000	0.000000	9.145349	0.339324
15000	0.990000	0.000000	0.000000	9.487077	0.332983
20000	0.990000	0.000000	0.000000	9.609844	0.330790
25000	0.990000	0.000000	0.000000	9.655126	0.329992
30000	0.990000	0.000000	0.000000	9.671985	0.329696
35000	0.990000	0.000000	0.000000	9.678283	0.329586
40000	0.990000	0.000000	0.000000	9.680639	0.329545
45000	0.990000	0.000000	0.000000	9.681520	0.329529
50000	0.990000	0.000000	0.000000	9.681850	0.329524
55000	0.990000	0.000000	0.000000	9.681974	0.329521
60000	0.990000	0.000000	0.000000	9.682020	0.329521
65000	0.990000	0.000000	0.000000	9.682038	0.329520
70000	0.990000	0.000000	0.000000	9.682044	0.329520
75000	0.990000	0.000000	0.000000	9.682046	0.329520
80000	0.990000	0.000000	0.000000	9.682047	0.329520
85000	0.990000	0.000000	0.000000	9.682048	0.329520
90000	0.990000	0.000000	0.000000	9.682048	0.329520
95000	0.990000	0.000000	0.000000	9.682048	0.329520
100000	0.990000	0.000000	0.000000	9.682048	0.329520

var1: 0.002500	 var2: 1.300000
gen	A2		B2		diseq		zbar		sexrat
0	0.990000	0.000000			3.000000	
5000	0.990000	0.000000	0.000000	8.111420	0.360916
10000	0.990000	0.000000	0.000000	9.145349	0.339324
15000	0.990000	0.000000	0.000000	9.487077	0.332983
20000	0.990000	0.000000	0.000000	9.609844	0.330790
25000	0.990000	0.000000	0.000000	9.655126	0.329992
30000	0.990000	0.000000	0.000000	9.671985	0.329696
35000	0.990000	0.000000	0.000000	9.678283	0.329586
40000	0.990000	0.000000	0.000000	9.680639	0.329545
45000	0.990000	0.000000	0.000000	9.681520	0.329529
50000	0.990000	0.000000	0.000000	9.681850	0.329524
55000	0.990000	0.000000	0.000000	9.681974	0.329521
60000	0.990000	0.000000	0.000000	9.682020	0.329521
65000	0.990000	0.000000	0.000000	9.682038	0.329520
70000	0.990000	0.000000	0.000000	9.682044	0.329520
75000	0.990000	0.000000	0.000000	9.682046	0.329520
80000	0.990000	0.000000	0.000000	9.682047	0.329520
85000	0.990000	0.000000	0.000000	9.682048	0.329520
90000	0.990000	0.000000	0.000000	9.682048	0.329520
95000	0.990000	0.000000	0.000000	9.682048	0.329520
100000	0.990000	0.000000	0.000000	9.682048	0.329520

var1: 0.002500	 var2: 1.400000
gen	A2		B2		diseq		zbar		sexrat
0	0.990000	0.000000			3.000000	
5000	0.990000	0.000000	0.000000	8.111420	0.360916
10000	0.990000	0.000000	0.000000	9.145349	0.339324
15000	0.990000	0.000000	0.000000	9.487077	0.332983
20000	0.990000	0.000000	0.000000	9.609844	0.330790
25000	0.990000	0.000000	0.000000	9.655126	0.329992
30000	0.990000	0.000000	0.000000	9.671985	0.329696
35000	0.990000	0.000000	0.000000	9.678283	0.329586
40000	0.990000	0.000000	0.000000	9.680639	0.329545
45000	0.990000	0.000000	0.000000	9.681520	0.329529
50000	0.990000	0.000000	0.000000	9.681850	0.329524
55000	0.990000	0.000000	0.000000	9.681974	0.329521
60000	0.990000	0.000000	0.000000	9.682020	0.329521
65000	0.990000	0.000000	0.000000	9.682038	0.329520
70000	0.990000	0.000000	0.000000	9.682044	0.329520
75000	0.990000	0.000000	0.000000	9.682046	0.329520
80000	0.990000	0.000000	0.000000	9.682047	0.329520
85000	0.990000	0.000000	0.000000	9.682048	0.329520
90000	0.990000	0.000000	0.000000	9.682048	0.329520
95000	0.990000	0.000000	0.000000	9.682048	0.329520
100000	0.990000	0.000000	0.000000	9.682048	0.329520

var1: 0.002500	 var2: 1.500000
gen	A2		B2		diseq		zbar		sexrat
0	0.990000	0.000000			3.000000	
5000	0.990000	0.000000	0.000000	8.111420	0.360916
10000	0.990000	0.000000	0.000000	9.145349	0.339324
15000	0.990000	0.000000	0.000000	9.487077	0.332983
20000	0.990000	0.000000	0.000000	9.609844	0.330790
25000	0.990000	0.000000	0.000000	9.655126	0.329992
30000	0.990000	0.000000	0.000000	9.671985	0.329696
35000	0.990000	0.000000	0.000000	9.678283	0.329586
40000	0.990000	0.000000	0.000000	9.680639	0.329545
45000	0.990000	0.000000	0.000000	9.681520	0.329529
50000	0.990000	0.000000	0.000000	9.681850	0.329524
55000	0.990000	0.000000	0.000000	9.681974	0.329521
60000	0.990000	0.000000	0.000000	9.682020	0.329521
65000	0.990000	0.000000	0.000000	9.682038	0.329520
70000	0.990000	0.000000	0.000000	9.682044	0.329520
75000	0.990000	0.000000	0.000000	9.682046	0.329520
80000	0.990000	0.000000	0.000000	9.682047	0.329520
85000	0.990000	0.000000	0.000000	9.682048	0.329520
90000	0.990000	0.000000	0.000000	9.682048	0.329520
95000	0.990000	0.000000	0.000000	9.682048	0.329520
100000	0.990000	0.000000	0.000000	9.682048	0.329520

var1: 0.002500	 var2: 1.600000
gen	A2		B2		diseq		zbar		sexrat
0	0.990000	0.000000			3.000000	
5000	0.990000	0.000000	0.000000	8.111420	0.360916
10000	0.990000	0.000000	0.000000	9.145349	0.339324
15000	0.990000	0.000000	0.000000	9.487077	0.332983
20000	0.990000	0.000000	0.000000	9.609844	0.330790
25000	0.990000	0.000000	0.000000	9.655126	0.329992
30000	0.990000	0.000000	0.000000	9.671985	0.329696
35000	0.990000	0.000000	0.000000	9.678283	0.329586
40000	0.990000	0.000000	0.000000	9.680639	0.329545
45000	0.990000	0.000000	0.000000	9.681520	0.329529
50000	0.990000	0.000000	0.000000	9.681850	0.329524
55000	0.990000	0.000000	0.000000	9.681974	0.329521
60000	0.990000	0.000000	0.000000	9.682020	0.329521
65000	0.990000	0.000000	0.000000	9.682038	0.329520
70000	0.990000	0.000000	0.000000	9.682044	0.329520
75000	0.990000	0.000000	0.000000	9.682046	0.329520
80000	0.990000	0.000000	0.000000	9.682047	0.329520
85000	0.990000	0.000000	0.000000	9.682048	0.329520
90000	0.990000	0.000000	0.000000	9.682048	0.329520
95000	0.990000	0.000000	0.000000	9.682048	0.329520
100000	0.990000	0.000000	0.000000	9.682048	0.329520

var1: 0.002500	 var2: 1.700000
gen	A2		B2		diseq		zbar		sexrat
0	0.990000	0.000000			3.000000	