
########################### Run 1 ######################
var1: 0.000000	 var2: 0.000000
gen	A2		B2		diseq		zbar		sexrat
0	0.990000	0.000000			3.000000	
5000	0.990000	0.000000	0.000000	6.843472	0.379245
10000	0.990000	0.000000	0.000000	8.225149	0.344121
15000	0.990000	0.000000	0.000000	8.956321	0.328840
20000	0.990000	0.000000	0.000000	9.383356	0.320759
25000	0.990000	0.000000	0.000000	9.644333	0.316094
30000	0.990000	0.000000	0.000000	9.807780	0.313271
35000	0.990000	0.000000	0.000000	9.911616	0.311515
40000	0.990000	0.000000	0.000000	9.978158	0.310405
45000	0.990000	0.000000	0.000000	10.021033	0.309696
50000	0.990000	0.000000	0.000000	10.048752	0.309240
55000	0.990000	0.000000	0.000000	10.066713	0.308945
60000	0.990000	0.000000	0.000000	10.078367	0.308755
65000	0.990000	0.000000	0.000000	10.085936	0.308631
70000	0.990000	0.000000	0.000000	10.090854	0.308551
75000	0.990000	0.000000	0.000000	10.094052	0.308499
80000	0.990000	0.000000	0.000000	10.096131	0.308465
85000	0.990000	0.000000	0.000000	10.097483	0.308443
90000	0.990000	0.000000	0.000000	10.098363	0.308428
95000	0.990000	0.000000	0.000000	10.098935	0.308419
100000	0.990000	0.000000	0.000000	10.099307	0.308413

var1: 0.000000	 var2: 0.100000
gen	A2		B2		diseq		zbar		sexrat
0	0.990000	0.000000			3.000000	
5000	0.990000	0.000000	0.000000	6.843472	0.379245
10000	0.990000	0.000000	0.000000	8.225149	0.344121
15000	0.990000	0.000000	0.000000	8.956321	0.328840
20000	0.990000	0.000000	0.000000	9.383356	0.320759
25000	0.990000	0.000000	0.000000	9.644333	0.316094
30000	0.990000	0.000000	0.000000	9.807780	0.313271
35000	0.990000	0.000000	0.000000	9.911616	0.311515
40000	0.990000	0.000000	0.000000	9.978158	0.310405
45000	0.990000	0.000000	0.000000	10.021033	0.309696
50000	0.990000	0.000000	0.000000	10.048752	0.309240
55000	0.990000	0.000000	0.000000	10.066713	0.308945
60000	0.990000	0.000000	0.000000	10.078367	0.308755
65000	0.990000	0.000000	0.000000	10.085936	0.308631
70000	0.990000	0.000000	0.000000	10.090854	0.308551
75000	0.990000	0.000000	0.000000	10.094052	0.308499
80000	0.990000	0.000000	0.000000	10.096131	0.308465
85000	0.990000	0.000000	0.000000	10.097483	0.308443
90000	0.990000	0.000000	0.000000	10.098363	0.308428
95000	0.990000	0.000000	0.000000	10.098935	0.308419
100000	0.990000	0.000000	0.000000	10.099307	0.308413

var1: 0.000000	 var2: 0.200000
gen	A2		B2		diseq		zbar		sexrat
0	0.990000	0.000000			3.000000	
5000	0.990000	0.000000	0.000000	6.843472	0.379245
10000	0.990000	0.000000	0.000000	8.225149	0.344121
15000	0.990000	0.000000	0.000000	8.956321	0.328840
20000	0.990000	0.000000	0.000000	9.383356	0.320759
25000	0.990000	0.000000	0.000000	9.644333	0.316094
30000	0.990000	0.000000	0.000000	9.807780	0.313271
35000	0.990000	0.000000	0.000000	9.911616	0.311515
40000	0.990000	0.000000	0.000000	9.978158	0.310405
45000	0.990000	0.000000	0.000000	10.021033	0.309696
50000	0.990000	0.000000	0.000000	10.048752	0.309240
55000	0.990000	0.000000	0.000000	10.066713	0.308945
60000	0.990000	0.000000	0.000000	10.078367	0.308755
65000	0.990000	0.000000	0.000000	10.085936	0.308631
70000	0.990000	0.000000	0.000000	10.090854	0.308551
75000	0.990000	0.000000	0.000000	10.094052	0.308499
80000	0.990000	0.000000	0.000000	10.096131	0.308465
85000	0.990000	0.000000	0.000000	10.097483	0.308443
90000	0.990000	0.000000	0.000000	10.098363	0.308428
95000	0.990000	0.000000	0.000000	10.098935	0.308419
100000	0.990000	0.000000	0.000000	10.099307	0.308413

var1: 0.000000	 var2: 0.300000
gen	A2		B2		diseq		zbar		sexrat
0	0.990000	0.000000			3.000000	
5000	0.990000	0.000000	0.000000	6.843472	0.379245
10000	0.990000	0.000000	0.000000	8.225149	0.344121
15000	0.990000	0.000000	0.000000	8.956321	0.328840
20000	0.990000	0.000000	0.000000	9.383356	0.320759
25000	0.990000	0.000000	0.000000	9.644333	0.316094
30000	0.990000	0.000000	0.000000	9.807780	0.313271
35000	0.990000	0.000000	0.000000	9.911616	0.311515
40000	0.990000	0.000000	0.000000	9.978158	0.310405
45000	0.990000	0.000000	0.000000	10.021033	0.309696
50000	0.990000	0.000000	0.000000	10.048752	0.309240
55000	0.990000	0.000000	0.000000	10.066713	0.308945
60000	0.990000	0.000000	0.000000	10.078367	0.308755
65000	0.990000	0.000000	0.000000	10.085936	0.308631
70000	0.990000	0.000000	0.000000	10.090854	0.308551
75000	0.990000	0.000000	0.000000	10.094052	0.308499
80000	0.990000	0.000000	0.000000	10.096131	0.308465
85000	0.990000	0.000000	0.000000	10.097483	0.308443
90000	0.990000	0.000000	0.000000	10.098363	0.308428
95000	0.990000	0.000000	0.000000	10.098935	0.308419
100000	0.990000	0.000000	0.000000	10.099307	0.308413

var1: 0.000000	 var2: 0.400000
gen	A2		B2		diseq		zbar		sexrat
0	0.990000	0.000000			3.000000	
5000	0.990000	0.000000	0.000000	6.843472	0.379245
10000	0.990000	0.000000	0.000000	8.225149	0.344121
15000	0.990000	0.000000	0.000000	8.956321	0.328840
20000	0.990000	0.000000	0.000000	9.383356	0.320759
25000	0.990000	0.000000	0.000000	9.644333	0.316094
30000	0.990000	0.000000	0.000000	9.807780	0.313271
35000	0.990000	0.000000	0.000000	9.911616	0.311515
40000	0.990000	0.000000	0.000000	9.978158	0.310405
45000	0.990000	0.000000	0.000000	10.021033	0.309696
50000	0.990000	0.000000	0.000000	10.048752	0.309240
55000	0.990000	0.000000	0.000000	10.066713	0.308945
60000	0.990000	0.000000	0.000000	10.078367	0.308755
65000	0.990000	0.000000	0.000000	10.085936	0.308631
70000	0.990000	0.000000	0.000000	10.090854	0.308551
75000	0.990000	0.000000	0.000000	10.094052	0.308499
80000	0.990000	0.000000	0.000000	10.096131	0.308465
85000	0.990000	0.000000	0.000000	10.097483	0.308443
90000	0.990000	0.000000	0.000000	10.098363	0.308428
95000	0.990000	0.000000	0.000000	10.098935	0.308419
100000	0.990000	0.000000	0.000000	10.099307	0.308413

var1: 0.000000	 var2: 0.500000
gen	A2		B2		diseq		zbar		sexrat
0	0.990000	0.000000			3.000000	
5000	0.990000	0.000000	0.000000	6.843472	0.379245
10000	0.990000	0.000000	0.000000	8.225149	0.344121
15000	0.990000	0.000000	0.000000	8.956321	0.328840
20000	0.990000	0.000000	0.000000	9.383356	0.320759
25000	0.990000	0.000000	0.000000	9.644333	0.316094
30000	0.990000	0.000000	0.000000	9.807780	0.313271
35000	0.990000	0.000000	0.000000	9.911616	0.311515
40000	0.990000	0.000000	0.000000	9.978158	0.310405
45000	0.990000	0.000000	0.000000	10.021033	0.309696
50000	0.990000	0.000000	0.000000	10.048752	0.309240
55000	0.990000	0.000000	0.000000	10.066713	0.308945
60000	0.990000	0.000000	0.000000	10.078367	0.308755
65000	0.990000	0.000000	0.000000	10.085936	0.308631
70000	0.990000	0.000000	0.000000	10.090854	0.308551
75000	0.990000	0.000000	0.000000	10.094052	0.308499
80000	0.990000	0.000000	0.000000	10.096131	0.308465
85000	0.990000	0.000000	0.000000	10.097483	0.308443
90000	0.990000	0.000000	0.000000	10.098363	0.308428
95000	0.990000	0.000000	0.000000	10.098935	0.308419
100000	0.990000	0.000000	0.000000	10.099307	0.308413

var1: 0.000000	 var2: 0.600000
gen	A2		B2		diseq		zbar		sexrat
0	0.990000	0.000000			3.000000	
5000	0.990000	0.000000	0.000000	6.843472	0.379245
10000	0.990000	0.000000	0.000000	8.225149	0.344121
15000	0.990000	0.000000	0.000000	8.956321	0.328840
20000	0.990000	0.000000	0.000000	9.383356	0.320759
25000	0.990000	0.000000	0.000000	9.644333	0.316094
30000	0.990000	0.000000	0.000000	9.807780	0.313271
35000	0.990000	0.000000	0.000000	9.911616	0.311515
40000	0.990000	0.000000	0.000000	9.978158	0.310405
45000	0.990000	0.000000	0.000000	10.021033	0.309696
50000	0.990000	0.000000	0.000000	10.048752	0.309240
55000	0.990000	0.000000	0.000000	10.066713	0.308945
60000	0.990000	0.000000	0.000000	10.078367	0.308755
65000	0.990000	0.000000	0.000000	10.085936	0.308631
70000	0.990000	0.000000	0.000000	10.090854	0.308551
75000	0.990000	0.000000	0.000000	10.094052	0.308499
80000	0.990000	0.000000	0.000000	10.096131	0.308465
85000	0.990000	0.000000	0.000000	10.097483	0.308443
90000	0.990000	0.000000	0.000000	10.098363	0.308428
95000	0.990000	0.000000	0.000000	10.098935	0.308419
100000	0.990000	0.000000	0.000000	10.099307	0.308413

var1: 0.000000	 var2: 0.700000
gen	A2		B2		diseq		zbar		sexrat
0	0.990000	0.000000			3.000000	
5000	0.990000	0.000000	0.000000	6.843472	0.379245
10000	0.990000	0.000000	0.000000	8.225149	0.344121
15000	0.990000	0.000000	0.000000	8.956321	0.328840
20000	0.990000	0.000000	0.000000	9.383356	0.320759
25000	0.990000	0.000000	0.000000	9.644333	0.316094
30000	0.990000	0.000000	0.000000	9.807780	0.313271
35000	0.990000	0.000000	0.000000	9.911616	0.311515
40000	0.990000	0.000000	0.000000	9.978158	0.310405
45000	0.990000	0.000000	0.000000	10.021033	0.309696
50000	0.990000	0.000000	0.000000	10.048752	0.309240
55000	0.990000	0.000000	0.000000	10.066713	0.308945
60000	0.990000	0.000000	0.000000	10.078367	0.308755
65000	0.990000	0.000000	0.000000	10.085936	0.308631
70000	0.990000	0.000000	0.000000	10.090854	0.308551
75000	0.990000	0.000000	0.000000	10.094052	0.308499
80000	0.990000	0.000000	0.000000	10.096131	0.308465
85000	0.990000	0.000000	0.000000	10.097483	0.308443
90000	0.990000	0.000000	0.000000	10.098363	0.308428
95000	0.990000	0.000000	0.000000	10.098935	0.308419
100000	0.990000	0.000000	0.000000	10.099307	0.308413

var1: 0.000000	 var2: 0.800000
gen	A2		B2		diseq		zbar		sexrat
0	0.990000	0.000000			3.000000	
5000	0.990000	0.000000	0.000000	6.843472	0.379245
10000	0.990000	0.000000	0.000000	8.225149	0.344121
15000	0.990000	0.000000	0.000000	8.956321	0.328840
20000	0.990000	0.000000	0.000000	9.383356	0.320759
25000	0.990000	0.000000	0.000000	9.644333	0.316094
30000	0.990000	0.000000	0.000000	9.807780	0.313271
35000	0.990000	0.000000	0.000000	9.911616	0.311515
40000	0.990000	0.000000	0.000000	9.978158	0.310405
45000	0.990000	0.000000	0.000000	10.021033	0.309696
50000	0.990000	0.000000	0.000000	10.048752	0.309240
55000	0.990000	0.000000	0.000000	10.066713	0.308945
60000	0.990000	0.000000	0.000000	10.078367	0.308755
65000	0.990000	0.000000	0.000000	10.085936	0.308631
70000	0.990000	0.000000	0.000000	10.090854	0.308551
75000	0.990000	0.000000	0.000000	10.094052	0.308499
80000	0.990000	0.000000	0.000000	10.096131	0.308465
85000	0.990000	0.000000	0.000000	10.097483	0.308443
90000	0.990000	0.000000	0.000000	10.098363	0.308428
95000	0.990000	0.000000	0.000000	10.098935	0.308419
100000	0.990000	0.000000	0.000000	10.099307	0.308413

var1: 0.000000	 var2: 0.900000
gen	A2		B2		diseq		zbar		sexrat
0	0.990000	0.000000			3.000000	
5000	0.990000	0.000000	0.000000	6.843472	0.379245
10000	0.990000	0.000000	0.000000	8.225149	0.344121
15000	0.990000	0.000000	0.000000	8.956321	0.328840
20000	0.990000	0.000000	0.000000	9.383356	0.320759
25000	0.990000	0.000000	0.000000	9.644333	0.316094
30000	0.990000	0.000000	0.000000	9.807780	0.313271
35000	0.990000	0.000000	0.000000	9.911616	0.311515
40000	0.990000	0.000000	0.000000	9.978158	0.310405
45000	0.990000	0.000000	0.000000	10.021033	0.309696
50000	0.990000	0.000000	0.000000	10.048752	0.309240
55000	0.990000	0.000000	0.000000	10.066713	0.308945
60000	0.990000	0.000000	0.000000	10.078367	0.308755
65000	0.990000	0.000000	0.000000	10.085936	0.308631
70000	0.990000	0.000000	0.000000	10.090854	0.308551
75000	0.990000	0.000000	0.000000	10.094052	0.308499
80000	0.990000	0.000000	0.000000	10.096131	0.308465
85000	0.990000	0.000000	0.000000	10.097483	0.308443
90000	0.990000	0.000000	0.000000	10.098363	0.308428
95000	0.990000	0.000000	0.000000	10.098935	0.308419
100000	0.990000	0.000000	0.000000	10.099307	0.308413

var1: 0.000000	 var2: 1.000000
gen	A2		B2		diseq		zbar		sexrat
0	0.990000	0.000000			3.000000	
5000	0.990000	0.000000	0.000000	6.843472	0.379245
10000	0.990000	0.000000	0.000000	8.225149	0.344121
15000	0.990000	0.000000	0.000000	8.956321	0.328840
20000	0.990000	0.000000	0.000000	9.383356	0.320759
25000	0.990000	0.000000	0.000000	9.644333	0.316094
30000	0.990000	0.000000	0.000000	9.807780	0.313271
35000	0.990000	0.000000	0.000000	9.911616	0.311515
40000	0.990000	0.000000	0.000000	9.978158	0.310405
45000	0.990000	0.000000	0.000000	10.021033	0.309696
50000	0.990000	0.000000	0.000000	10.048752	0.309240
55000	0.990000	0.000000	0.000000	10.066713	0.308945
60000	0.990000	0.000000	0.000000	10.078367	0.308755
65000	0.990000	0.000000	0.000000	10.085936	0.308631
70000	0.990000	0.000000	0.000000	10.090854	0.308551
75000	0.990000	0.000000	0.000000	10.094052	0.308499
80000	0.990000	0.000000	0.000000	10.096131	0.308465
85000	0.990000	0.000000	0.000000	10.097483	0.308443
90000	0.990000	0.000000	0.000000	10.098363	0.308428
95000	0.990000	0.000000	0.000000	10.098935	0.308419
100000	0.990000	0.000000	0.000000	10.099307	0.308413

var1: 0.000000	 var2: 1.100000
gen	A2		B2		diseq		zbar		sexrat
0	0.990000	0.000000			3.000000	
5000	0.990000	0.000000	0.000000	6.843472	0.379245
10000	0.990000	0.000000	0.000000	8.225149	0.344121
15000	0.990000	0.000000	0.000000	8.956321	0.328840
20000	0.990000	0.000000	0.000000	9.383356	0.320759
25000	0.990000	0.000000	0.000000	9.644333	0.316094
30000	0.990000	0.000000	0.000000	9.807780	0.313271
35000	0.990000	0.000000	0.000000	9.911616	0.311515
40000	0.990000	0.000000	0.000000	9.978158	0.310405
45000	0.990000	0.000000	0.000000	10.021033	0.309696
50000	0.990000	0.000000	0.000000	10.048752	0.309240
55000	0.990000	0.000000	0.000000	10.066713	0.308945
60000	0.990000	0.000000	0.000000	10.078367	0.308755
65000	0.990000	0.000000	0.000000	10.085936	0.308631
70000	0.990000	0.000000	0.000000	10.090854	0.308551
75000	0.990000	0.000000	0.000000	10.094052	0.308499
80000	0.990000	0.000000	0.000000	10.096131	0.308465
85000	0.990000	0.000000	0.000000	10.097483	0.308443
90000	0.990000	0.000000	0.000000	10.098363	0.308428
95000	0.990000	0.000000	0.000000	10.098935	0.308419
100000	0.990000	0.000000	0.000000	10.099307	0.308413

var1: 0.000000	 var2: 1.200000
gen	A2		B2		diseq		zbar		sexrat
0	0.990000	0.000000			3.000000	
5000	0.990000	0.000000	0.000000	6.843472	0.379245
10000	0.990000	0.000000	0.000000	8.225149	0.344121
15000	0.990000	0.000000	0.000000	8.956321	0.328840
20000	0.990000	0.000000	0.000000	9.383356	0.320759
25000	0.990000	0.000000	0.000000	9.644333	0.316094
30000	0.990000	0.000000	0.000000	9.807780	0.313271
35000	0.990000	0.000000	0.000000	9.911616	0.311515
40000	0.990000	0.000000	0.000000	9.978158	0.310405
45000	0.990000	0.000000	0.000000	10.021033	0.309696
50000	0.990000	0.000000	0.000000	10.048752	0.309240
55000	0.990000	0.000000	0.000000	10.066713	0.308945
60000	0.990000	0.000000	0.000000	10.078367	0.308755
65000	0.990000	0.000000	0.000000	10.085936	0.308631
70000	0.990000	0.000000	0.000000	10.090854	0.308551
75000	0.990000	0.000000	0.000000	10.094052	0.308499
80000	0.990000	0.000000	0.000000	10.096131	0.308465
85000	0.990000	0.000000	0.000000	10.097483	0.308443
90000	0.990000	0.000000	0.000000	10.098363	0.308428
95000	0.990000	0.000000	0.000000	10.098935	0.308419
100000	0.990000	0.000000	0.000000	10.099307	0.308413

var1: 0.000000	 var2: 1.300000
gen	A2		B2		diseq		zbar		sexrat
0	0.990000	0.000000			3.000000	
5000	0.990000	0.000000	0.000000	6.843472	0.379245
10000	0.990000	0.000000	0.000000	8.225149	0.344121
15000	0.990000	0.000000	0.000000	8.956321	0.328840
20000	0.990000	0.000000	0.000000	9.383356	0.320759
25000	0.990000	0.000000	0.000000	9.644333	0.316094
30000	0.990000	0.000000	0.000000	9.807780	0.313271
35000	0.990000	0.000000	0.000000	9.911616	0.311515
40000	0.990000	0.000000	0.000000	9.978158	0.310405
45000	0.990000	0.000000	0.000000	10.021033	0.309696
50000	0.990000	0.000000	0.000000	10.048752	0.309240
55000	0.990000	0.000000	0.000000	10.066713	0.308945
60000	0.990000	0.000000	0.000000	10.078367	0.308755
65000	0.990000	0.000000	0.000000	10.085936	0.308631
70000	0.990000	0.000000	0.000000	10.090854	0.308551
75000	0.990000	0.000000	0.000000	10.094052	0.308499
80000	0.990000	0.000000	0.000000	10.096131	0.308465
85000	0.990000	0.000000	0.000000	10.097483	0.308443
90000	0.990000	0.000000	0.000000	10.098363	0.308428
95000	0.990000	0.000000	0.000000	10.098935	0.308419
100000	0.990000	0.000000	0.000000	10.099307	0.308413

var1: 0.000000	 var2: 1.400000
gen	A2		B2		diseq		zbar		sexrat
0	0.990000	0.000000			3.000000	
5000	0.990000	0.000000	0.000000	6.843472	0.379245
10000	0.990000	0.000000	0.000000	8.225149	0.344121
15000	0.990000	0.000000	0.000000	8.956321	0.328840
20000	0.990000	0.000000	0.000000	9.383356	0.320759
25000	0.990000	0.000000	0.000000	9.644333	0.316094
30000	0.990000	0.000000	0.000000	9.807780	0.313271
35000	0.990000	0.000000	0.000000	9.911616	0.311515
40000	0.990000	0.000000	0.000000	9.978158	0.310405
45000	0.990000	0.000000	0.000000	10.021033	0.309696
50000	0.990000	0.000000	0.000000	10.048752	0.309240
55000	0.990000	0.000000	0.000000	10.066713	0.308945
60000	0.990000	0.000000	0.000000	10.078367	0.308755
65000	0.990000	0.000000	0.000000	10.085936	0.308631
70000	0.990000	0.000000	0.000000	10.090854	0.308551
75000	0.990000	0.000000	0.000000	10.094052	0.308499
80000	0.990000	0.000000	0.000000	10.096131	0.308465
85000	0.990000	0.000000	0.000000	10.097483	0.308443
90000	0.990000	0.000000	0.000000	10.098363	0.308428
95000	0.990000	0.000000	0.000000	10.098935	0.308419
100000	0.990000	0.000000	0.000000	10.099307	0.308413

var1: 0.000000	 var2: 1.500000
gen	A2		B2		diseq		zbar		sexrat
0	0.990000	0.000000			3.000000	
5000	0.990000	0.000000	0.000000	6.843472	0.379245
10000	0.990000	0.000000	0.000000	8.225149	0.344121
15000	0.990000	0.000000	0.000000	8.956321	0.328840
20000	0.990000	0.000000	0.000000	9.383356	0.320759
25000	0.990000	0.000000	0.000000	9.644333	0.316094
30000	0.990000	0.000000	0.000000	9.807780	0.313271
35000	0.990000	0.000000	0.000000	9.911616	0.311515
40000	0.990000	0.000000	0.000000	9.978158	0.310405
45000	0.990000	0.000000	0.000000	10.021033	0.309696
50000	0.990000	0.000000	0.000000	10.048752	0.309240
55000	0.990000	0.000000	0.000000	10.066713	0.308945
60000	0.990000	0.000000	0.000000	10.078367	0.308755
65000	0.990000	0.000000	0.000000	10.085936	0.308631
70000	0.990000	0.000000	0.000000	10.090854	0.308551
75000	0.990000	0.000000	0.000000	10.094052	0.308499
80000	0.990000	0.000000	0.000000	10.096131	0.308465
85000	0.990000	0.000000	0.000000	10.097483	0.308443
90000	0.990000	0.000000	0.000000	10.098363	0.308428
95000	0.990000	0.000000	0.000000	10.098935	0.308419
100000	0.990000	0.000000	0.000000	10.099307	0.308413

var1: 0.000000	 var2: 1.600000
gen	A2		B2		diseq		zbar		sexrat
0	0.990000	0.000000			3.000000	
5000	0.990000	0.000000	0.000000	6.843472	0.379245
10000	0.990000	0.000000	0.000000	8.225149	0.344121
15000	0.990000	0.000000	0.000000	8.956321	0.328840
20000	0.990000	0.000000	0.000000	9.383356	0.320759
25000	0.990000	0.000000	0.000000	9.644333	0.316094
30000	0.990000	0.000000	0.000000	9.807780	0.313271
35000	0.990000	0.000000	0.000000	9.911616	0.311515
40000	0.990000	0.000000	0.000000	9.978158	0.310405
45000	0.990000	0.000000	0.000000	10.021033	0.309696
50000	0.990000	0.000000	0.000000	10.048752	0.309240
55000	0.990000	0.000000	0.000000	10.066713	0.308945
60000	0.990000	0.000000	0.000000	10.078367	0.308755
65000	0.990000	0.000000	0.000000	10.085936	0.308631
70000	0.990000	0.000000	0.000000	10.090854	0.308551
75000	0.990000	0.000000	0.000000	10.094052	0.308499
80000	0.990000	0.000000	0.000000	10.096131	0.308465
85000	0.990000	0.000000	0.000000	10.097483	0.308443
90000	0.990000	0.000000	0.000000	10.098363	0.308428
95000	0.990000	0.000000	0.000000	10.098935	0.308419
100000	0.990000	0.000000	0.000000	10.099307	0.308413

var1: 0.000000	 var2: 1.700000
gen	A2		B2		diseq		zbar		sexrat
0	0.990000	0.000000			3.000000	
5000	0.990000	0.000000	0.000000	6.843472	0.379245
10000	0.990000	0.000000	0.000000	8.225149	0.344121
15000	0.990000	0.000000	0.000000	8.956321	0.328840
20000	0.990000	0.000000	0.000000	9.383356	0.320759
25000	0.990000	0.000000	0.000000	9.644333	0.316094
30000	0.990000	0.000000	0.000000	9.807780	0.313271
35000	0.990000	0.000000	0.000000	9.911616	0.311515
40000	0.990000	0.000000	0.000000	9.978158	0.310405
45000	0.990000	0.000000	0.000000	10.021033	0.309696
50000	0.990000	0.000000	0.000000	10.048752	0.309240
55000	0.990000	0.000000	0.000000	10.066713	0.308945
60000	0.990000	0.000000	0.000000	10.078367	0.308755
65000	0.990000	0.000000	0.000000	10.085936	0.308631
70000	0.990000	0.000000	0.000000	10.090854	0.308551
75000	0.990000	0.000000	0.000000	10.094052	0.308499
80000	0.990000	0.000000	0.000000	10.096131	0.308465
85000	0.990000	0.000000	0.000000	10.097483	0.308443
90000	0.990000	0.000000	0.000000	10.098363	0.308428
95000	0.990000	0.000000	0.000000	10.098935	0.308419
100000	0.990000	0.000000	0.000000	10.099307	0.308413

var1: 0.000000	 var2: 1.800000
gen	A2		B2		diseq		zbar		sexrat
0	0.990000	0.000000			3.000000	
5000	0.990000	0.000000	0.000000	6.843472	0.379245
10000	0.990000	0.000000	0.000000	8.225149	0.344121
15000	0.990000	0.000000	0.000000	8.956321	0.328840
20000	0.990000	0.000000	0.000000	9.383356	0.320759
25000	0.990000	0.000000	0.000000	9.644333	0.316094
30000	0.990000	0.000000	0.000000	9.807780	0.313271
35000	0.990000	0.000000	0.000000	9.911616	0.311515
40000	0.990000	0.000000	0.000000	9.978158	0.310405
45000	0.990000	0.000000	0.000000	10.021033	0.309696
50000	0.990000	0.000000	0.000000	10.048752	0.309240
55000	0.990000	0.000000	0.000000	10.066713	0.308945
60000	0.990000	0.000000	0.000000	10.078367	0.308755
65000	0.990000	0.000000	0.000000	10.085936	0.308631
70000	0.990000	0.000000	0.000000	10.090854	0.308551
75000	0.990000	0.000000	0.000000	10.094052	0.308499
80000	0.990000	0.000000	0.000000	10.096131	0.308465
85000	0.990000	0.000000	0.000000	10.097483	0.308443
90000	0.990000	0.000000	0.000000	10.098363	0.308428
95000	0.990000	0.000000	0.000000	10.098935	0.308419
100000	0.990000	0.000000	0.000000	10.099307	0.308413

var1: 0.000000	 var2: 1.900000
gen	A2		B2		diseq		zbar		sexrat
0	0.990000	0.000000			3.000000	
5000	0.990000	0.000000	0.000000	6.843472	0.379245
10000	0.990000	0.000000	0.000000	8.225149	0.344121
15000	0.990000	0.000000	0.000000	8.956321	0.328840
20000	0.990000	0.000000	0.000000	9.383356	0.320759
25000	0.990000	0.000000	0.000000	9.644333	0.316094
30000	0.990000	0.000000	0.000000	9.807780	0.313271
35000	0.990000	0.000000	0.000000	9.911616	0.311515
40000	0.990000	0.000000	0.000000	9.978158	0.310405
45000	0.990000	0.000000	0.000000	10.021033	0.309696
50000	0.990000	0.000000	0.000000	10.048752	0.309240
55000	0.990000	0.000000	0.000000	10.066713	0.308945
60000	0.990000	0.000000	0.000000	10.078367	0.308755
65000	0.990000	0.000000	0.000000	10.085936	0.308631
70000	0.990000	0.000000	0.000000	10.090854	0.308551
75000	0.990000	0.000000	0.000000	10.094052	0.308499
80000	0.990000	0.000000	0.000000	10.096131	0.308465
85000	0.990000	0.000000	0.000000	10.097483	0.308443
90000	0.990000	0.000000	0.000000	10.098363	0.308428
95000	0.990000	0.000000	0.000000	10.098935	0.308419
100000	0.990000	0.000000	0.000000	10.099307	0.308413

var1: 0.000000	 var2: 2.000000
gen	A2		B2		diseq		zbar		sexrat
0	0.990000	0.000000			3.000000	
5000	0.990000	0.000000	0.000000	6.843472	0.379245
10000	0.990000	0.000000	0.000000	8.225149	0.344121
15000	0.990000	0.000000	0.000000	8.956321	0.328840
20000	0.990000	0.000000	0.000000	9.383356	0.320759
25000	0.990000	0.000000	0.000000	9.644333	0.316094
30000	0.990000	0.000000	0.000000	9.807780	0.313271
35000	0.990000	0.000000	0.000000	9.911616	0.311515
40000	0.990000	0.000000	0.000000	9.978158	0.310405
45000	0.990000	0.000000	0.000000	10.021033	0.309696
50000	0.990000	0.000000	0.000000	10.048752	0.309240
55000	0.990000	0.000000	0.000000	10.066713	0.308945
60000	0.990000	0.000000	0.000000	10.078367	0.308755
65000	0.990000	0.000000	0.000000	10.085936	0.308631
70000	0.990000	0.000000	0.000000	10.090854	0.308551
75000	0.990000	0.000000	0.000000	10.094052	0.308499
80000	0.990000	0.000000	0.000000	10.096131	0.308465
85000	0.990000	0.000000	0.000000	10.097483	0.308443
90000	0.990000	0.000000	0.000000	10.098363	0.308428
95000	0.990000	0.000000	0.000000	10.098935	0.308419
100000	0.990000	0.000000	0.000000	10.099307	0.308413

var1: 0.000000	 var2: 2.100000
gen	A2		B2		diseq		zbar		sexrat
0	0.990000	0.000000			3.000000	
5000	0.990000	0.000000	0.000000	6.843472	0.379245
10000	0.990000	0.000000	0.000000	8.225149	0.344121
15000	0.990000	0.000000	0.000000	8.956321	0.328840
20000	0.990000	0.000000	0.000000	9.383356	0.320759
25000	0.990000	0.000000	0.000000	9.644333	0.316094
30000	0.990000	0.000000	0.000000	9.807780	0.313271
35000	0.990000	0.000000	0.000000	9.911616	0.311515
40000	0.990000	0.000000	0.000000	9.978158	0.310405
45000	0.990000	0.000000	0.000000	10.021033	0.309696
50000	0.990000	0.000000	0.000000	10.048752	0.309240
55000	0.990000	0.000000	0.000000	10.066713	0.308945
60000	0.990000	0.000000	0.000000	10.078367	0.308755
65000	0.990000	0.000000	0.000000	10.085936	0.308631
70000	0.990000	0.000000	0.000000	10.090854	0.308551
75000	0.990000	0.000000	0.000000	10.094052	0.308499
80000	0.990000	0.000000	0.000000	10.096131	0.308465
85000	0.990000	0.000000	0.000000	10.097483	0.308443
90000	0.990000	0.000000	0.000000	10.098363	0.308428
95000	0.990000	0.000000	0.000000	10.098935	0.308419
100000	0.990000	0.000000	0.000000	10.099307	0.308413

var1: 0.000000	 var2: 2.200000
gen	A2		B2		diseq		zbar		sexrat
0	0.990000	0.000000			3.000000	
5000	0.990000	0.000000	0.000000	6.843472	0.379245
10000	0.990000	0.000000	0.000000	8.225149	0.344121
15000	0.990000	0.000000	0.000000	8.956321	0.328840
20000	0.990000	0.000000	0.000000	9.383356	0.320759
25000	0.990000	0.000000	0.000000	9.644333	0.316094
30000	0.990000	0.000000	0.000000	9.807780	0.313271
35000	0.990000	0.000000	0.000000	9.911616	0.311515
40000	0.990000	0.000000	0.000000	9.978158	0.310405
45000	0.990000	0.000000	0.000000	10.021033	0.309696
50000	0.990000	0.000000	0.000000	10.048752	0.309240
55000	0.990000	0.000000	0.000000	10.066713	0.308945
60000	0.990000	0.000000	0.000000	10.078367	0.308755
65000	0.990000	0.000000	0.000000	10.085936	0.308631
70000	0.990000	0.000000	0.000000	10.090854	0.308551
75000	0.990000	0.000000	0.000000	10.094052	0.308499
80000	0.990000	0.000000	0.000000	10.096131	0.308465
85000	0.990000	0.000000	0.000000	10.097483	0.308443
90000	0.990000	0.000000	0.000000	10.098363	0.308428
95000	0.990000	0.000000	0.000000	10.098935	0.308419
100000	0.990000	0.000000	0.000000	10.099307	0.308413

var1: 0.000000	 var2: 2.300000
gen	A2		B2		diseq		zbar		sexrat
0	0.990000	0.000000			3.000000	
5000	0.990000	0.000000	0.000000	6.843472	0.379245
10000	0.990000	0.000000	0.000000	8.225149	0.344121
15000	0.990000	0.000000	0.000000	8.956321	0.328840
20000	0.990000	0.000000	0.000000	9.383356	0.320759
25000	0.990000	0.000000	0.000000	9.644333	0.316094
30000	0.990000	0.000000	0.000000	9.807780	0.313271
35000	0.990000	0.000000	0.000000	9.911616	0.311515
40000	0.990000	0.000000	0.000000	9.978158	0.310405
45000	0.990000	0.000000	0.000000	10.021033	0.309696
50000	0.990000	0.000000	0.000000	10.048752	0.309240
55000	0.990000	0.000000	0.000000	10.066713	0.308945
60000	0.990000	0.000000	0.000000	10.078367	0.308755
65000	0.990000	0.000000	0.000000	10.085936	0.308631
70000	0.990000	0.000000	0.000000	10.090854	0.308551
75000	0.990000	0.000000	0.000000	10.094052	0.308499
80000	0.990000	0.000000	0.000000	10.096131	0.308465
85000	0.990000	0.000000	0.000000	10.097483	0.308443
90000	0.990000	0.000000	0.000000	10.098363	0.308428
95000	0.990000	0.000000	0.000000	10.098935	0.308419
100000	0.990000	0.000000	0.000000	10.099307	0.308413

var1: 0.000000	 var2: 2.400000
gen	A2		B2		diseq		zbar		sexrat
0	0.990000	0.000000			3.000000	
5000	0.990000	0.000000	0.000000	6.843472	0.379245
10000	0.990000	0.000000	0.000000	8.225149	0.344121
15000	0.990000	0.000000	0.000000	8.956321	0.328840
20000	0.990000	0.000000	0.000000	9.383356	0.320759
25000	0.990000	0.000000	0.000000	9.644333	0.316094
30000	0.990000	0.000000	0.000000	9.807780	0.313271
35000	0.990000	0.000000	0.000000	9.911616	0.311515
40000	0.990000	0.000000	0.000000	9.978158	0.310405
45000	0.990000	0.000000	0.000000	10.021033	0.309696
50000	0.990000	0.000000	0.000000	10.048752	0.309240
55000	0.990000	0.000000	0.000000	10.066713	0.308945
60000	0.990000	0.000000	0.000000	10.078367	0.308755
65000	0.990000	0.000000	0.000000	10.085936	0.308631
70000	0.990000	0.000000	0.000000	10.090854	0.308551
75000	0.990000	0.000000	0.000000	10.094052	0.308499
80000	0.990000	0.000000	0.000000	10.096131	0.308465
85000	0.990000	0.000000	0.000000	10.097483	0.308443
90000	0.990000	0.000000	0.000000	10.098363	0.308428
95000	0.990000	0.000000	0.000000	10.098935	0.308419
100000	0.990000	0.000000	0.000000	10.099307	0.308413

var1: 0.000000	 var2: 2.500000
gen	A2		B2		diseq		zbar		sexrat
0	0.990000	0.000000			3.000000	
5000	0.990000	0.000000	0.000000	6.843472	0.379245
10000	0.990000	0.000000	0.000000	8.225149	0.344121
15000	0.990000	0.000000	0.000000	8.956321	0.328840
20000	0.990000	0.000000	0.000000	9.383356	0.320759
25000	0.990000	0.000000	0.000000	9.644333	0.316094
30000	0.990000	0.000000	0.000000	9.807780	0.313271
35000	0.990000	0.000000	0.000000	9.911616	0.311515
40000	0.990000	0.000000	0.000000	9.978158	0.310405
45000	0.990000	0.000000	0.000000	10.021033	0.309696
50000	0.990000	0.000000	0.000000	10.048752	0.309240
55000	0.990000	0.000000	0.000000	10.066713	0.308945
60000	0.990000	0.000000	0.000000	10.078367	0.308755
65000	0.990000	0.000000	0.000000	10.085936	0.308631
70000	0.990000	0.000000	0.000000	10.090854	0.308551
75000	0.990000	0.000000	0.000000	10.094052	0.308499
80000	0.990000	0.000000	0.000000	10.096131	0.308465
85000	0.990000	0.000000	0.000000	10.097483	0.308443
90000	0.990000	0.000000	0.000000	10.098363	0.308428
95000	0.990000	0.000000	0.000000	10.098935	0.308419
100000	0.990000	0.000000	0.000000	10.099307	0.308413

var1: 0.000000	 var2: 2.600000
gen	A2		B2		diseq		zbar		sexrat
0	0.990000	0.000000			3.000000	
5000	0.990000	0.000000	0.000000	6.843472	0.379245
10000	0.990000	0.000000	0.000000	8.225149	0.344121
15000	0.990000	0.000000	0.000000	8.956321	0.328840
20000	0.990000	0.000000	0.000000	9.383356	0.320759
25000	0.990000	0.000000	0.000000	9.644333	0.316094
30000	0.990000	0.000000	0.000000	9.807780	0.313271
35000	0.990000	0.000000	0.000000	9.911616	0.311515
40000	0.990000	0.000000	0.000000	9.978158	0.310405
45000	0.990000	0.000000	0.000000	10.021033	0.309696
50000	0.990000	0.000000	0.000000	10.048752	0.309240
55000	0.990000	0.000000	0.000000	10.066713	0.308945
60000	0.990000	0.000000	0.000000	10.078367	0.308755
65000	0.990000	0.000000	0.000000	10.085936	0.308631
70000	0.990000	0.000000	0.000000	10.090854	0.308551
75000	0.990000	0.000000	0.000000	10.094052	0.308499
80000	0.990000	0.000000	0.000000	10.096131	0.308465
85000	0.990000	0.000000	0.000000	10.097483	0.308443
90000	0.990000	0.000000	0.000000	10.098363	0.308428
95000	0.990000	0.000000	0.000000	10.098935	0.308419
100000	0.990000	0.000000	0.000000	10.099307	0.308413

var1: 0.000000	 var2: 2.700000
gen	A2		B2		diseq		zbar		sexrat
0	0.990000	0.000000			3.000000	
5000	0.990000	0.000000	0.000000	6.843472	0.379245
10000	0.990000	0.000000	0.000000	8.225149	0.344121
15000	0.990000	0.000000	0.000000	8.956321	0.328840
20000	0.990000	0.000000	0.000000	9.383356	0.320759
25000	0.990000	0.000000	0.000000	9.644333	0.316094
30000	0.990000	0.000000	0.000000	9.807780	0.313271
35000	0.990000	0.000000	0.000000	9.911616	0.311515
40000	0.990000	0.000000	0.000000	9.978158	0.310405
45000	0.990000	0.000000	0.000000	10.021033	0.309696
50000	0.990000	0.000000	0.000000	10.048752	0.309240
55000	0.990000	0.000000	0.000000	10.066713	0.308945
60000	0.990000	0.000000	0.000000	10.078367	0.308755
65000	0.990000	0.000000	0.000000	10.085936	0.308631
70000	0.990000	0.000000	0.000000	10.090854	0.308551
75000	0.990000	0.000000	0.000000	10.094052	0.308499
80000	0.990000	0.000000	0.000000	10.096131	0.308465
85000	0.990000	0.000000	0.000000	10.097483	0.308443
90000	0.990000	0.000000	0.000000	10.098363	0.308428
95000	0.990000	0.000000	0.000000	10.098935	0.308419
100000	0.990000	0.000000	0.000000	10.099307	0.308413

var1: 0.000000	 var2: 2.800000
gen	A2		B2		diseq		zbar		sexrat
0	0.990000	0.000000			3.000000	
5000	0.990000	0.000000	0.000000	6.843472	0.379245
10000	0.990000	0.000000	0.000000	8.225149	0.344121
15000	0.990000	0.000000	0.000000	8.956321	0.328840
20000	0.990000	0.000000	0.000000	9.383356	0.320759
25000	0.990000	0.000000	0.000000	9.644333	0.316094
30000	0.990000	0.000000	0.000000	9.807780	0.313271
35000	0.990000	0.000000	0.000000	9.911616	0.311515
40000	0.990000	0.000000	0.000000	9.978158	0.310405
45000	0.990000	0.000000	0.000000	10.021033	0.309696
50000	0.990000	0.000000	0.000000	10.048752	0.309240
55000	0.990000	0.000000	0.000000	10.066713	0.308945
60000	0.990000	0.000000	0.000000	10.078367	0.308755
65000	0.990000	0.000000	0.000000	10.085936	0.308631
70000	0.990000	0.000000	0.000000	10.090854	0.308551
75000	0.990000	0.000000	0.000000	10.094052	0.308499
80000	0.990000	0.000000	0.000000	10.096131	0.308465
85000	0.990000	0.000000	0.000000	10.097483	0.308443
90000	0.990000	0.000000	0.000000	10.098363	0.308428
95000	0.990000	0.000000	0.000000	10.098935	0.308419
100000	0.990000	0.000000	0.000000	10.099307	0.308413

var1: 0.000000	 var2: 2.900000
gen	A2		B2		diseq		zbar		sexrat
0	0.990000	0.000000			3.000000	
5000	0.990000	0.000000	0.000000	6.843472	0.379245
10000	0.990000	0.000000	0.000000	8.225149	0.344121
15000	0.990000	0.000000	0.000000	8.956321	0.328840
20000	0.990000	0.000000	0.000000	9.383356	0.320759
25000	0.990000	0.000000	0.000000	9.644333	0.316094
30000	0.990000	0.000000	0.000000	9.807780	0.313271
35000	0.990000	0.000000	0.000000	9.911616	0.311515
40000	0.990000	0.000000	0.000000	9.978158	0.310405
45000	0.990000	0.000000	0.000000	10.021033	0.309696
50000	0.990000	0.000000	0.000000	10.048752	0.309240
55000	0.990000	0.000000	0.000000	10.066713	0.308945
60000	0.990000	0.000000	0.000000	10.078367	0.308755
65000	0.990000	0.000000	0.000000	10.085936	0.308631
70000	0.990000	0.000000	0.000000	10.090854	0.308551
75000	0.990000	0.000000	0.000000	10.094052	0.308499
80000	0.990000	0.000000	0.000000	10.096131	0.308465
85000	0.990000	0.000000	0.000000	10.097483	0.308443
90000	0.990000	0.000000	0.000000	10.098363	0.308428
95000	0.990000	0.000000	0.000000	10.098935	0.308419
100000	0.990000	0.000000	0.000000	10.099307	0.308413

var1: 0.000000	 var2: 3.000000
gen	A2		B2		diseq		zbar		sexrat
0	0.990000	0.000000			3.000000	
5000	0.990000	0.000000	0.000000	6.843472	0.379245
10000	0.990000	0.000000	0.000000	8.225149	0.344121
15000	0.990000	0.000000	0.000000	8.956321	0.328840
20000	0.990000	0.000000	0.000000	9.383356	0.320759
25000	0.990000	0.000000	0.000000	9.644333	0.316094
30000	0.990000	0.000000	0.000000	9.807780	0.313271
35000	0.990000	0.000000	0.000000	9.911616	0.311515
40000	0.990000	0.000000	0.000000	9.978158	0.310405
45000	0.990000	0.000000	0.000000	10.021033	0.309696
50000	0.990000	0.000000	0.000000	10.048752	0.309240
55000	0.990000	0.000000	0.000000	10.066713	0.308945
60000	0.990000	0.000000	0.000000	10.078367	0.308755
65000	0.990000	0.000000	0.000000	10.085936	0.308631
70000	0.990000	0.000000	0.000000	10.090854	0.308551
75000	0.990000	0.000000	0.000000	10.094052	0.308499
80000	0.990000	0.000000	0.000000	10.096131	0.308465
85000	0.990000	0.000000	0.000000	10.097483	0.308443
90000	0.990000	0.000000	0.000000	10.098363	0.308428
95000	0.990000	0.000000	0.000000	10.098935	0.308419
100000	0.990000	0.000000	0.000000	10.099307	0.308413

var1: 0.000000	 var2: 3.100000
gen	A2		B2		diseq		zbar		sexrat
0	0.990000	0.000000			3.000000	
5000	0.990000	0.000000	0.000000	6.843472	0.379245
10000	0.990000	0.000000	0.000000	8.225149	0.344121
15000	0.990000	0.000000	0.000000	8.956321	0.328840
20000	0.990000	0.000000	0.000000	9.383356	0.320759
25000	0.990000	0.000000	0.000000	9.644333	0.316094
30000	0.990000	0.000000	0.000000	9.807780	0.313271
35000	0.990000	0.000000	0.000000	9.911616	0.311515
40000	0.990000	0.000000	0.000000	9.978158	0.310405
45000	0.990000	0.000000	0.000000	10.021033	0.309696
50000	0.990000	0.000000	0.000000	10.048752	0.309240
55000	0.990000	0.000000	0.000000	10.066713	0.308945
60000	0.990000	0.000000	0.000000	10.078367	0.308755
65000	0.990000	0.000000	0.000000	10.085936	0.308631
70000	0.990000	0.000000	0.000000	10.090854	0.308551
75000	0.990000	0.000000	0.000000	10.094052	0.308499
80000	0.990000	0.000000	0.000000	10.096131	0.308465
85000	0.990000	0.000000	0.000000	10.097483	0.308443
90000	0.990000	0.000000	0.000000	10.098363	0.308428
95000	0.990000	0.000000	0.000000	10.098935	0.308419
100000	0.990000	0.000000	0.000000	10.099307	0.308413

var1: 0.000000	 var2: 3.200000
gen	A2		B2		diseq		zbar		sexrat
0	0.990000	0.000000			3.000000	
5000	0.990000	0.000000	0.000000	6.843472	0.379245
10000	0.990000	0.000000	0.000000	8.225149	0.344121
15000	0.990000	0.000000	0.000000	8.956321	0.328840
20000	0.990000	0.000000	0.000000	9.383356	0.320759
25000	0.990000	0.000000	0.000000	9.644333	0.316094
30000	0.990000	0.000000	0.000000	9.807780	0.313271
35000	0.990000	0.000000	0.000000	9.911616	0.311515
40000	0.990000	0.000000	0.000000	9.978158	0.310405
45000	0.990000	0.000000	0.000000	10.021033	0.309696
50000	0.990000	0.000000	0.000000	10.048752	0.309240
55000	0.990000	0.000000	0.000000	10.066713	0.308945
60000	0.990000	0.000000	0.000000	10.078367	0.308755
65000	0.990000	0.000000	0.000000	10.085936	0.308631
70000	0.990000	0.000000	0.000000	10.090854	0.308551
75000	0.990000	0.000000	0.000000	10.094052	0.308499
80000	0.990000	0.000000	0.000000	10.096131	0.308465
85000	0.990000	0.000000	0.000000	10.097483	0.308443
90000	0.990000	0.000000	0.000000	10.098363	0.308428
95000	0.990000	0.000000	0.000000	10.098935	0.308419
100000	0.990000	0.000000	0.000000	10.099307	0.308413

var1: 0.000000	 var2: 3.300000
gen	A2		B2		diseq		zbar		sexrat
0	0.990000	0.000000			3.000000	
5000	0.990000	0.000000	0.000000	6.843472	0.379245
10000	0.990000	0.000000	0.000000	8.225149	0.344121
15000	0.990000	0.000000	0.000000	8.956321	0.328840
20000	0.990000	0.000000	0.000000	9.383356	0.320759
25000	0.990000	0.000000	0.000000	9.644333	0.316094
30000	0.990000	0.000000	0.000000	9.807780	0.313271
35000	0.990000	0.000000	0.000000	9.911616	0.311515
40000	0.990000	0.000000	0.000000	9.978158	0.310405
45000	0.990000	0.000000	0.000000	10.021033	0.309696
50000	0.990000	0.000000	0.000000	10.048752	0.309240
55000	0.990000	0.000000	0.000000	10.066713	0.308945
60000	0.990000	0.000000	0.000000	10.078367	0.308755
65000	0.990000	0.000000	0.000000	10.085936	0.308631
70000	0.990000	0.000000	0.000000	10.090854	0.308551
75000	0.990000	0.000000	0.000000	10.094052	0.308499
80000	0.990000	0.000000	0.000000	10.096131	0.308465
85000	0.990000	0.000000	0.000000	10.097483	0.308443
90000	0.990000	0.000000	0.000000	10.098363	0.308428
95000	0.990000	0.000000	0.000000	10.098935	0.308419
100000	0.990000	0.000000	0.000000	10.099307	0.308413

var1: 0.000000	 var2: 3.400000
gen	A2		B2		diseq		zbar		sexrat
0	0.990000	0.000000			3.000000	
5000	0.990000	0.000000	0.000000	6.843472	0.379245
10000	0.990000	0.000000	0.000000	8.225149	0.344121
15000	0.990000	0.000000	0.000000	8.956321	0.328840
20000	0.990000	0.000000	0.000000	9.383356	0.320759
25000	0.990000	0.000000	0.000000	9.644333	0.316094
30000	0.990000	0.000000	0.000000	9.807780	0.313271
35000	0.990000	0.000000	0.000000	9.911616	0.311515
40000	0.990000	0.000000	0.000000	9.978158	0.310405
45000	0.990000	0.000000	0.000000	10.021033	0.309696
50000	0.990000	0.000000	0.000000	10.048752	0.309240
55000	0.990000	0.000000	0.000000	10.066713	0.308945
60000	0.990000	0.000000	0.000000	10.078367	0.308755
65000	0.990000	0.000000	0.000000	10.085936	0.308631
70000	0.990000	0.000000	0.000000	10.090854	0.308551
75000	0.990000	0.000000	0.000000	10.094052	0.308499
80000	0.990000	0.000000	0.000000	10.096131	0.308465
85000	0.990000	0.000000	0.000000	10.097483	0.308443
90000	0.990000	0.000000	0.000000	10.098363	0.308428
95000	0.990000	0.000000	0.000000	10.098935	0.308419
100000	0.990000	0.000000	0.000000	10.099307	0.308413

var1: 0.000000	 var2: 3.500000
gen	A2		B2		diseq		zbar		sexrat
0	0.990000	0.000000			3.000000	
5000	0.990000	0.000000	0.000000	6.843472	0.379245
10000	0.990000	0.000000	0.000000	8.225149	0.344121
15000	0.990000	0.000000	0.000000	8.956321	0.328840
20000	0.990000	0.000000	0.000000	9.383356	0.320759
25000	0.990000	0.000000	0.000000	9.644333	0.316094
30000	0.990000	0.000000	0.000000	9.807780	0.313271
35000	0.990000	0.000000	0.000000	9.911616	0.311515
40000	0.990000	0.000000	0.000000	9.978158	0.310405
45000	0.990000	0.000000	0.000000	10.021033	0.309696
50000	0.990000	0.000000	0.000000	10.048752	0.309240
55000	0.990000	0.000000	0.000000	10.066713	0.308945
60000	0.990000	0.000000	0.000000	10.078367	0.308755
65000	0.990000	0.000000	0.000000	10.085936	0.308631
70000	0.990000	0.000000	0.000000	10.090854	0.308551
75000	0.990000	0.000000	0.000000	10.094052	0.308499
80000	0.990000	0.000000	0.000000	10.096131	0.308465
85000	0.990000	0.000000	0.000000	10.097483	0.308443
90000	0.990000	0.000000	0.000000	10.098363	0.308428
95000	0.990000	0.000000	0.000000	10.098935	0.308419
100000	0.990000	0.000000	0.000000	10.099307	0.308413

var1: 0.000000	 var2: 3.600000
gen	A2		B2		diseq		zbar		sexrat
0	0.990000	0.000000			3.000000	
5000	0.990000	0.000000	0.000000	6.843472	0.379245
10000	0.990000	0.000000	0.000000	8.225149	0.344121
15000	0.990000	0.000000	0.000000	8.956321	0.328840
20000	0.990000	0.000000	0.000000	9.383356	0.320759
25000	0.990000	0.000000	0.000000	9.644333	0.316094
30000	0.990000	0.000000	0.000000	9.807780	0.313271
35000	0.990000	0.000000	0.000000	9.911616	0.311515
40000	0.990000	0.000000	0.000000	9.978158	0.310405
45000	0.990000	0.000000	0.000000	10.021033	0.309696
50000	0.990000	0.000000	0.000000	10.048752	0.309240
55000	0.990000	0.000000	0.000000	10.066713	0.308945
60000	0.990000	0.000000	0.000000	10.078367	0.308755
65000	0.990000	0.000000	0.000000	10.085936	0.308631
70000	0.990000	0.000000	0.000000	10.090854	0.308551
75000	0.990000	0.000000	0.000000	10.094052	0.308499
80000	0.990000	0.000000	0.000000	10.096131	0.308465
85000	0.990000	0.000000	0.000000	10.097483	0.308443
90000	0.990000	0.000000	0.000000	10.098363	0.308428
95000	0.990000	0.000000	0.000000	10.098935	0.308419
100000	0.990000	0.000000	0.000000	10.099307	0.308413

var1: 0.000000	 var2: 3.700000
gen	A2		B2		diseq		zbar		sexrat
0	0.990000	0.000000			3.000000	
5000	0.990000	0.000000	0.000000	6.843472	0.379245
10000	0.990000	0.000000	0.000000	8.225149	0.344121
15000	0.990000	0.000000	0.000000	8.956321	0.328840
20000	0.990000	0.000000	0.000000	9.383356	0.320759
25000	0.990000	0.000000	0.000000	9.644333	0.316094
30000	0.990000	0.000000	0.000000	9.807780	0.313271
35000	0.990000	0.000000	0.000000	9.911616	0.311515
40000	0.990000	0.000000	0.000000	9.978158	0.310405
45000	0.990000	0.000000	0.000000	10.021033	0.309696
50000	0.990000	0.000000	0.000000	10.048752	0.309240
55000	0.990000	0.000000	0.000000	10.066713	0.308945
60000	0.990000	0.000000	0.000000	10.078367	0.308755
65000	0.990000	0.000000	0.000000	10.085936	0.308631
70000	0.990000	0.000000	0.000000	10.090854	0.308551
75000	0.990000	0.000000	0.000000	10.094052	0.308499
80000	0.990000	0.000000	0.000000	10.096131	0.308465
85000	0.990000	0.000000	0.000000	10.097483	0.308443
90000	0.990000	0.000000	0.000000	10.098363	0.308428
95000	0.990000	0.000000	0.000000	10.098935	0.308419
100000	0.990000	0.000000	0.000000	10.099307	0.308413

var1: 0.000000	 var2: 3.800000
gen	A2		B2		diseq		zbar		sexrat
0	0.990000	0.000000			3.000000	
5000	0.990000	0.000000	0.000000	6.843472	0.379245
10000	0.990000	0.000000	0.000000	8.225149	0.344121
15000	0.990000	0.000000	0.000000	8.956321	0.328840
20000	0.990000	0.000000	0.000000	9.383356	0.320759
25000	0.990000	0.000000	0.000000	9.644333	0.316094
30000	0.990000	0.000000	0.000000	9.807780	0.313271
35000	0.990000	0.000000	0.000000	9.911616	0.311515
40000	0.990000	0.000000	0.000000	9.978158	0.310405
45000	0.990000	0.000000	0.000000	10.021033	0.309696
50000	0.990000	0.000000	0.000000	10.048752	0.309240
55000	0.990000	0.000000	0.000000	10.066713	0.308945
60000	0.990000	0.000000	0.000000	10.078367	0.308755
65000	0.990000	0.000000	0.000000	10.085936	0.308631
70000	0.990000	0.000000	0.000000	10.090854	0.308551
75000	0.990000	0.000000	0.000000	10.094052	0.308499
80000	0.990000	0.000000	0.000000	10.096131	0.308465
85000	0.990000	0.000000	0.000000	10.097483	0.308443
90000	0.990000	0.000000	0.000000	10.098363	0.308428
95000	0.990000	0.000000	0.000000	10.098935	0.308419
100000	0.990000	0.000000	0.000000	10.099307	0.308413

var1: 0.000000	 var2: 3.900000
gen	A2		B2		diseq		zbar		sexrat
0	0.990000	0.000000			3.000000	
5000	0.990000	0.000000	0.000000	6.843472	0.379245
10000	0.990000	0.000000	0.000000	8.225149	0.344121
15000	0.990000	0.000000	0.000000	8.956321	0.328840
20000	0.990000	0.000000	0.000000	9.383356	0.320759
25000	0.990000	0.000000	0.000000	9.644333	0.316094
30000	0.990000	0.000000	0.000000	9.807780	0.313271
35000	0.990000	0.000000	0.000000	9.911616	0.311515
40000	0.990000	0.000000	0.000000	9.978158	0.310405
45000	0.990000	0.000000	0.000000	10.021033	0.309696
50000	0.990000	0.000000	0.000000	10.048752	0.309240
55000	0.990000	0.000000	0.000000	10.066713	0.308945
60000	0.990000	0.000000	0.000000	10.078367	0.308755
65000	0.990000	0.000000	0.000000	10.085936	0.308631
70000	0.990000	0.000000	0.000000	10.090854	0.308551
75000	0.990000	0.000000	0.000000	10.094052	0.308499
80000	0.990000	0.000000	0.000000	10.096131	0.308465
85000	0.990000	0.000000	0.000000	10.097483	0.308443
90000	0.990000	0.000000	0.000000	10.098363	0.308428
95000	0.990000	0.000000	0.000000	10.098935	0.308419
100000	0.990000	0.000000	0.000000	10.099307	0.308413

var1: 0.000000	 var2: 4.000000
gen	A2		B2		diseq		zbar		sexrat
0	0.990000	0.000000			3.000000	
5000	0.990000	0.000000	0.000000	6.843472	0.379245
10000	0.990000	0.000000	0.000000	8.225149	0.344121
15000	0.990000	0.000000	0.000000	8.956321	0.328840
20000	0.990000	0.000000	0.000000	9.383356	0.320759
25000	0.990000	0.000000	0.000000	9.644333	0.316094
30000	0.990000	0.000000	0.000000	9.807780	0.313271
35000	0.990000	0.000000	0.000000	9.911616	0.311515
40000	0.990000	0.000000	0.000000	9.978158	0.310405
45000	0.990000	0.000000	0.000000	10.021033	0.309696
50000	0.990000	0.000000	0.000000	10.048752	0.309240
55000	0.990000	0.000000	0.000000	10.066713	0.308945
60000	0.990000	0.000000	0.000000	10.078367	0.308755
65000	0.990000	0.000000	0.000000	10.085936	0.308631
70000	0.990000	0.000000	0.000000	10.090854	0.308551
75000	0.990000	0.000000	0.000000	10.094052	0.308499
80000	0.990000	0.000000	0.000000	10.096131	0.308465
85000	0.990000	0.000000	0.000000	10.097483	0.308443
90000	0.990000	0.000000	0.000000	10.098363	0.308428
95000	0.990000	0.000000	0.000000	10.098935	0.308419
100000	0.990000	0.000000	0.000000	10.099307	0.308413

var1: 0.002500	 var2: 0.000000
gen	A2		B2		diseq		zbar		sexrat
0	0.990000	0.000000			3.000000	
5000	0.990000	0.000000	0.000000	6.807566	0.394636
10000	0.990000	0.000000	0.000000	8.116901	0.360785
15000	0.990000	0.000000	0.000000	8.778820	0.346539
20000	0.990000	0.000000	0.000000	9.147037	0.339291
25000	0.990000	0.000000	0.000000	9.360793	0.335284
30000	0.990000	0.000000	0.000000	9.487666	0.332972
35000	0.990000	0.000000	0.000000	9.563909	0.331605
40000	0.990000	0.000000	0.000000	9.610057	0.330786
45000	0.990000	0.000000	0.000000	9.638109	0.330291
50000	0.990000	0.000000	0.000000	9.655204	0.329990
55000	0.990000	0.000000	0.000000	9.665639	0.329807
60000	0.990000	0.000000	0.000000	9.672014	0.329696
65000	0.990000	0.000000	0.000000	9.675911	0.329627
70000	0.990000	0.000000	0.000000	9.678294	0.329586
75000	0.990000	0.000000	0.000000	9.679751	0.329560
80000	0.990000	0.000000	0.000000	9.680643	0.329545
85000	0.990000	0.000000	0.000000	9.681188	0.329535
90000	0.990000	0.000000	0.000000	9.681522	0.329529
95000	0.990000	0.000000	0.000000	9.681726	0.329526
100000	0.990000	0.000000	0.000000	9.681851	0.329524

var1: 0.002500	 var2: 0.100000
gen	A2		B2		diseq		zbar		sexrat
0	0.990000	0.000000			3.000000	
5000	0.990000	0.000000	0.000000	6.807566	0.394636
10000	0.990000	0.000000	0.000000	8.116901	0.360785
15000	0.990000	0.000000	0.000000	8.778820	0.346539
20000	0.990000	0.000000	0.000000	9.147037	0.339291
25000	0.990000	0.000000	0.000000	9.360793	0.335284
30000	0.990000	0.000000	0.000000	9.487666	0.332972
35000	0.990000	0.000000	0.000000	9.563909	0.331605
40000	0.990000	0.000000	0.000000	9.610057	0.330786
45000	0.990000	0.000000	0.000000	9.638109	0.330291
50000	0.990000	0.000000	0.000000	9.655204	0.329990
55000	0.990000	0.000000	0.000000	9.665639	0.329807
60000	0.990000	0.000000	0.000000	9.672014	0.329696
65000	0.990000	0.000000	0.000000	9.675911	0.329627
70000	0.990000	0.000000	0.000000	9.678294	0.329586
75000	0.990000	0.000000	0.000000	9.679751	0.329560
80000	0.990000	0.000000	0.000000	9.680643	0.329545
85000	0.990000	0.000000	0.000000	9.681188	0.329535
90000	0.990000	0.000000	0.000000	9.681522	0.329529
95000	0.990000	0.000000	0.000000	9.681726	0.329526
100000	0.990000	0.000000	0.000000	9.681851	0.329524

var1: 0.002500	 var2: 0.200000
gen	A2		B2		diseq		zbar		sexrat
0	0.990000	0.000000			3.000000	
5000	0.990000	0.000000	0.000000	6.807566	0.394636
10000	0.990000	0.000000	0.000000	8.116901	0.360785
15000	0.990000	0.000000	0.000000	8.778820	0.346539
20000	0.990000	0.000000	0.000000	9.147037	0.339291
25000	0.990000	0.000000	0.000000	9.360793	0.335284
30000	0.990000	0.000000	0.000000	9.487666	0.332972
35000	0.990000	0.000000	0.000000	9.563909	0.331605
40000	0.990000	0.000000	0.000000	9.610057	0.330786
45000	0.990000	0.000000	0.000000	9.638109	0.330291
50000	0.990000	0.000000	0.000000	9.655204	0.329990
55000	0.990000	0.000000	0.000000	9.665639	0.329807
60000	0.990000	0.000000	0.000000	9.672014	0.329696
65000	0.990000	0.000000	0.000000	9.675911	0.329627
70000	0.990000	0.000000	0.000000	9.678294	0.329586
75000	0.990000	0.000000	0.000000	9.679751	0.329560
80000	0.990000	0.000000	0.000000	9.680643	0.329545
85000	0.990000	0.000000	0.000000	9.681188	0.329535
90000	0.990000	0.000000	0.000000	9.681522	0.329529
95000	0.990000	0.000000	0.000000	9.681726	0.329526
100000	0.990000	0.000000	0.000000	9.681851	0.329524

var1: 0.002500	 var2: 0.300000
gen	A2		B2		diseq		zbar		sexrat
0	0.990000	0.000000			3.000000	
5000	0.990000	0.000000	0.000000	6.807566	0.394636
10000	0.990000	0.000000	0.000000	8.116901	0.360785
15000	0.990000	0.000000	0.000000	8.778820	0.346539
20000	0.990000	0.000000	0.000000	9.147037	0.339291
25000	0.990000	0.000000	0.000000	9.360793	0.335284
30000	0.990000	0.000000	0.000000	9.487666	0.332972
35000	0.990000	0.000000	0.000000	9.563909	0.331605
40000	0.990000	0.000000	0.000000	9.610057	0.330786
45000	0.990000	0.000000	0.000000	9.638109	0.330291
50000	0.990000	0.000000	0.000000	9.655204	0.329990
55000	0.990000	0.000000	0.000000	9.665639	0.329807
60000	0.990000	0.000000	0.000000	9.672014	0.329696
65000	0.990000	0.000000	0.000000	9.675911	0.329627
70000	0.990000	0.000000	0.000000	9.678294	0.329586
75000	0.990000	0.000000	0.000000	9.679751	0.329560
80000	0.990000	0.000000	0.000000	9.680643	0.329545
85000	0.990000	0.000000	0.000000	9.681188	0.329535
90000	0.990000	0.000000	0.000000	9.681522	0.329529
95000	0.990000	0.000000	0.000000	9.681726	0.329526
100000	0.990000	0.000000	0.000000	9.681851	0.329524

var1: 0.002500	 var2: 0.400000
gen	A2		B2		diseq		zbar		sexrat
0	0.990000	0.000000			3.000000	
5000	0.990000	0.000000	0.000000	6.807566	0.394636
10000	0.990000	0.000000	0.000000	8.116901	0.360785
15000	0.990000	0.000000	0.000000	8.778820	0.346539
20000	0.990000	0.000000	0.000000	9.147037	0.339291
25000	0.990000	0.000000	0.000000	9.360793	0.335284
30000	0.990000	0.000000	0.000000	9.487666	0.332972
35000	0.990000	0.000000	0.000000	9.563909	0.331605
40000	0.990000	0.000000	0.000000	9.610057	0.330786
45000	0.990000	0.000000	0.000000	9.638109	0.330291
50000	0.990000	0.000000	0.000000	9.655204	0.329990
55000	0.990000	0.000000	0.000000	9.665639	0.329807
60000	0.990000	0.000000	0.000000	9.672014	0.329696
65000	0.990000	0.000000	0.000000	9.675911	0.329627
70000	0.990000	0.000000	0.000000	9.678294	0.329586
75000	0.990000	0.000000	0.000000	9.679751	0.329560
80000	0.990000	0.000000	0.000000	9.680643	0.329545
85000	0.990000	0.000000	0.000000	9.681188	0.329535
90000	0.990000	0.000000	0.000000	9.681522	0.329529
95000	0.990000	0.000000	0.000000	9.681726	0.329526
100000	0.990000	0.000000	0.000000	9.681851	0.329524

var1: 0.002500	 var2: 0.500000
gen	A2		B2		diseq		zbar		sexrat
0	0.990000	0.000000			3.000000	
5000	0.990000	0.000000	0.000000	6.807566	0.394636
10000	0.990000	0.000000	0.000000	8.116901	0.360785
15000	0.990000	0.000000	0.000000	8.778820	0.346539
20000	0.990000	0.000000	0.000000	9.147037	0.339291
25000	0.990000	0.000000	0.000000	9.360793	0.335284
30000	0.990000	0.000000	0.000000	9.487666	0.332972
35000	0.990000	0.000000	0.000000	9.563909	0.331605
40000	0.990000	0.000000	0.000000	9.610057	0.330786
45000	0.990000	0.000000	0.000000	9.638109	0.330291
50000	0.990000	0.000000	0.000000	9.655204	0.329990
55000	0.990000	0.000000	0.000000	9.665639	0.329807
60000	0.990000	0.000000	0.000000	9.672014	0.329696
65000	0.990000	0.000000	0.000000	9.675911	0.329627
70000	0.990000	0.000000	0.000000	9.678294	0.329586
75000	0.990000	0.000000	0.000000	9.679751	0.329560
80000	0.990000	0.000000	0.000000	9.680643	0.329545
85000	0.990000	0.000000	0.000000	9.681188	0.329535
90000	0.990000	0.000000	0.000000	9.681522	0.329529
95000	0.990000	0.000000	0.000000	9.681726	0.329526
100000	0.990000	0.000000	0.000000	9.681851	0.329524

var1: 0.002500	 var2: 0.600000
gen	A2		B2		diseq		zbar		sexrat
0	0.990000	0.000000			3.000000	
5000	0.990000	0.000000	0.000000	6.807566	0.394636
10000	0.990000	0.000000	0.000000	8.116901	0.360785
15000	0.990000	0.000000	0.000000	8.778820	0.346539
20000	0.990000	0.000000	0.000000	9.147037	0.339291
25000	0.990000	0.000000	0.000000	9.360793	0.335284
30000	0.990000	0.000000	0.000000	9.487666	0.332972
35000	0.990000	0.000000	0.000000	9.563909	0.331605
40000	0.990000	0.000000	0.000000	9.610057	0.330786
45000	0.990000	0.000000	0.000000	9.638109	0.330291
50000	0.990000	0.000000	0.000000	9.655204	0.329990
55000	0.990000	0.000000	0.000000	9.665639	0.329807
60000	0.990000	0.000000	0.000000	9.672014	0.329696
65000	0.990000	0.000000	0.000000	9.675911	0.329627
70000	0.990000	0.000000	0.000000	9.678294	0.329586
75000	0.990000	0.000000	0.000000	9.679751	0.329560
80000	0.990000	0.000000	0.000000	9.680643	0.329545
85000	0.990000	0.000000	0.000000	9.681188	0.329535
90000	0.990000	0.000000	0.000000	9.681522	0.329529
95000	0.990000	0.000000	0.000000	9.681726	0.329526
100000	0.990000	0.000000	0.000000	9.681851	0.329524

var1: 0.002500	 var2: 0.700000
gen	A2		B2		diseq		zbar		sexrat
0	0.990000	0.000000			3.000000	
5000	0.990000	0.000000	0.000000	6.807566	0.394636
10000	0.990000	0.000000	0.000000	8.116901	0.360785
15000	0.990000	0.000000	0.000000	8.778820	0.346539
20000	0.990000	0.000000	0.000000	9.147037	0.339291
25000	0.990000	0.000000	0.000000	9.360793	0.335284
30000	0.990000	0.000000	0.000000	9.487666	0.332972
35000	0.990000	0.000000	0.000000	9.563909	0.331605
40000	0.990000	0.000000	0.000000	9.610057	0.330786
45000	0.990000	0.000000	0.000000	9.638109	0.330291
50000	0.990000	0.000000	0.000000	9.655204	0.329990
55000	0.990000	0.000000	0.000000	9.665639	0.329807
60000	0.990000	0.000000	0.000000	9.672014	0.329696
65000	0.990000	0.000000	0.000000	9.675911	0.329627
70000	0.990000	0.000000	0.000000	9.678294	0.329586
75000	0.990000	0.000000	0.000000	9.679751	0.329560
80000	0.990000	0.000000	0.000000	9.680643	0.329545
85000	0.990000	0.000000	0.000000	9.681188	0.329535
90000	0.990000	0.000000	0.000000	9.681522	0.329529
95000	0.990000	0.000000	0.000000	9.681726	0.329526
100000	0.990000	0.000000	0.000000	9.681851	0.329524

var1: 0.002500	 var2: 0.800000
gen	A2		B2		diseq		zbar		sexrat
0	0.990000	0.000000			3.000000	
5000	0.990000	0.000000	0.000000	6.807566	0.394636
10000	0.990000	0.000000	0.000000	8.116901	0.360785
15000	0.990000	0.000000	0.000000	8.778820	0.346539
20000	0.990000	0.000000	0.000000	9.147037	0.339291
25000	0.990000	0.000000	0.000000	9.360793	0.335284
30000	0.990000	0.000000	0.000000	9.487666	0.332972
35000	0.990000	0.000000	0.000000	9.563909	0.331605
40000	0.990000	0.000000	0.000000	9.610057	0.330786
45000	0.990000	0.000000	0.000000	9.638109	0.330291
50000	0.990000	0.000000	0.000000	9.655204	0.329990
55000	0.990000	0.000000	0.000000	9.665639	0.329807
60000	0.990000	0.000000	0.000000	9.672014	0.329696
65000	0.990000	0.000000	0.000000	9.675911	0.329627
70000	0.990000	0.000000	0.000000	9.678294	0.329586
75000	0.990000	0.000000	0.000000	9.679751	0.329560
80000	0.990000	0.000000	0.000000	9.680643	0.329545
85000	0.990000	0.000000	0.000000	9.681188	0.329535
90000	0.990000	0.000000	0.000000	9.681522	0.329529
95000	0.990000	0.000000	0.000000	9.681726	0.329526
100000	0.990000	0.000000	0.000000	9.681851	0.329524

var1: 0.002500	 var2: 0.900000
gen	A2		B2		diseq		zbar		sexrat
0	0.990000	0.000000			3.000000	
5000	0.990000	0.000000	0.000000	6.807566	0.394636
10000	0.990000	0.000000	0.000000	8.116901	0.360785
15000	0.990000	0.000000	0.000000	8.778820	0.346539
20000	0.990000	0.000000	0.000000	9.147037	0.339291
25000	0.990000	0.000000	0.000000	9.360793	0.335284
30000	0.990000	0.000000	0.000000	9.487666	0.332972
35000	0.990000	0.000000	0.000000	9.563909	0.331605
40000	0.990000	0.000000	0.000000	9.610057	0.330786
45000	0.990000	0.000000	0.000000	9.638109	0.330291
50000	0.990000	0.000000	0.000000	9.655204	0.329990
55000	0.990000	0.000000	0.000000	9.665639	0.329807
60000	0.990000	0.000000	0.000000	9.672014	0.329696
65000	0.990000	0.000000	0.000000	9.675911	0.329627
70000	0.990000	0.000000	0.000000	9.678294	0.329586
75000	0.990000	0.000000	0.000000	9.679751	0.329560
80000	0.990000	0.000000	0.000000	9.680643	0.329545
85000	0.990000	0.000000	0.000000	9.681188	0.329535
90000	0.990000	0.000000	0.000000	9.681522	0.329529
95000	0.990000	0.000000	0.000000	9.681726	0.329526
100000	0.990000	0.000000	0.000000	9.681851	0.329524

var1: 0.002500	 var2: 1.000000
gen	A2		B2		diseq		zbar		sexrat
0	0.990000	0.000000			3.000000	
5000	0.990000	0.000000	0.000000	6.807566	0.394636
10000	0.990000	0.000000	0.000000	8.116901	0.360785
15000	0.990000	0.000000	0.000000	8.778820	0.346539
20000	0.990000	0.000000	0.000000	9.147037	0.339291
25000	0.990000	0.000000	0.000000	9.360793	0.335284
30000	0.990000	0.000000	0.000000	9.487666	0.332972
35000	0.990000	0.000000	0.000000	9.563909	0.331605
40000	0.990000	0.000000	0.000000	9.610057	0.330786
45000	0.990000	0.000000	0.000000	9.638109	0.330291
50000	0.990000	0.000000	0.000000	9.655204	0.329990
55000	0.990000	0.000000	0.000000	9.665639	0.329807
60000	0.990000	0.000000	0.000000	9.672014	0.329696
65000	0.990000	0.000000	0.000000	9.675911	0.329627
70000	0.990000	0.000000	0.000000	9.678294	0.329586
75000	0.990000	0.000000	0.000000	9.679751	0.329560
80000	0.990000	0.000000	0.000000	9.680643	0.329545
85000	0.990000	0.000000	0.000000	9.681188	0.329535
90000	0.990000	0.000000	0.000000	9.681522	0.329529
95000	0.990000	0.000000	0.000000	9.681726	0.329526
100000	0.990000	0.000000	0.000000	9.681851	0.329524

var1: 0.002500	 var2: 1.100000
gen	A2		B2		diseq		zbar		sexrat
0	0.990000	0.000000			3.000000	
5000	0.990000	0.000000	0.000000	6.807566	0.394636
10000	0.990000	0.000000	0.000000	8.116901	0.360785
15000	0.990000	0.000000	0.000000	8.778820	0.346539
20000	0.990000	0.000000	0.000000	9.147037	0.339291
25000	0.990000	0.000000	0.000000	9.360793	0.335284
30000	0.990000	0.000000	0.000000	9.487666	0.332972
35000	0.990000	0.000000	0.000000	9.563909	0.331605
40000	0.990000	0.000000	0.000000	9.610057	0.330786
45000	0.990000	0.000000	0.000000	9.638109	0.330291
50000	0.990000	0.000000	0.000000	9.655204	0.329990
55000	0.990000	0.000000	0.000000	9.665639	0.329807
60000	0.990000	0.000000	0.000000	9.672014	0.329696
65000	0.990000	0.000000	0.000000	9.675911	0.329627
70000	0.990000	0.000000	0.000000	9.678294	0.329586
75000	0.990000	0.000000	0.000000	9.679751	0.329560
80000	0.990000	0.000000	0.000000	9.680643	0.329545
85000	0.990000	0.000000	0.000000	9.681188	0.329535
90000	0.990000	0.000000	0.000000	9.681522	0.329529
95000	0.990000	0.000000	0.000000	9.681726	0.329526
100000	0.990000	0.000000	0.000000	9.681851	0.329524

var1: 0.002500	 var2: 1.200000
gen	A2		B2		diseq		zbar		sexrat
0	0.990000	0.000000			3.000000	
5000	0.990000	0.000000	0.000000	6.807566	0.394636
10000	0.990000	0.000000	0.000000	8.116901	0.360785
15000	0.990000	0.000000	0.000000	8.778820	0.346539
20000	0.990000	0.000000	0.000000	9.147037	0.339291
25000	0.990000	0.000000	0.000000	9.360793	0.335284
30000	0.990000	0.000000	0.000000	9.487666	0.332972
35000	0.990000	0.000000	0.000000	9.563909	0.331605
40000	0.990000	0.000000	0.000000	9.610057	0.330786
45000	0.990000	0.000000	0.000000	9.638109	0.330291
50000	0.990000	0.000000	0.000000	9.655204	0.329990
55000	0.990000	0.000000	0.000000	9.665639	0.329807
60000	0.990000	0.000000	0.000000	9.672014	0.329696
65000	0.990000	0.000000	0.000000	9.675911	0.329627
70000	0.990000	0.000000	0.000000	9.678294	0.329586
75000	0.990000	0.000000	0.000000	9.679751	0.329560
80000	0.990000	0.000000	0.000000	9.680643	0.329545
85000	0.990000	0.000000	0.000000	9.681188	0.329535
90000	0.990000	0.000000	0.000000	9.681522	0.329529
95000	0.990000	0.000000	0.000000	9.681726	0.329526
100000	0.990000	0.000000	0.000000	9.681851	0.329524

var1: 0.002500	 var2: 1.300000
gen	A2		B2		diseq		zbar		sexrat
0	0.990000	0.000000			3.000000	
5000	0.990000	0.000000	0.000000	6.807566	0.394636
10000	0.990000	0.000000	0.000000	8.116901	0.360785
15000	0.990000	0.000000	0.000000	8.778820	0.346539
20000	0.990000	0.000000	0.000000	9.147037	0.339291
25000	0.990000	0.000000	0.000000	9.360793	0.335284
30000	0.990000	0.000000	0.000000	9.487666	0.332972
35000	0.990000	0.000000	0.000000	9.563909	0.331605
40000	0.990000	0.000000	0.000000	9.610057	0.330786
45000	0.990000	0.000000	0.000000	9.638109	0.330291
50000	0.990000	0.000000	0.000000	9.655204	0.329990
55000	0.990000	0.000000	0.000000	9.665639	0.329807
60000	0.990000	0.000000	0.000000	9.672014	0.329696
65000	0.990000	0.000000	0.000000	9.675911	0.329627
70000	0.990000	0.000000	0.000000	9.678294	0.329586
75000	0.990000	0.000000	0.000000	9.679751	0.329560
80000	0.990000	0.000000	0.000000	9.680643	0.329545
85000	0.990000	0.000000	0.000000	9.681188	0.329535
90000	0.990000	0.000000	0.000000	9.681522	0.329529
95000	0.990000	0.000000	0.000000	9.681726	0.329526
100000	0.990000	0.000000	0.000000	9.681851	0.329524

var1: 0.002500	 var2: 1.400000
gen	A2		B2		diseq		zbar		sexrat
0	0.990000	0.000000			3.000000	
5000	0.990000	0.000000	0.000000	6.807566	0.394636
10000	0.990000	0.000000	0.000000	8.116901	0.360785
15000	0.990000	0.000000	0.000000	8.778820	0.346539
20000	0.990000	0.000000	0.000000	9.147037	0.339291
25000	0.990000	0.000000	0.000000	9.360793	0.335284
30000	0.990000	0.000000	0.000000	9.487666	0.332972
35000	0.990000	0.000000	0.000000	9.563909	0.331605
40000	0.990000	0.000000	0.000000	9.610057	0.330786
45000	0.990000	0.000000	0.000000	9.638109	0.330291
50000	0.990000	0.000000	0.000000	9.655204	0.329990
55000	0.990000	0.000000	0.000000	9.665639	0.329807
60000	0.990000	0.000000	0.000000	9.672014	0.329696
65000	0.990000	0.000000	0.000000	9.675911	0.329627
70000	0.990000	0.000000	0.000000	9.678294	0.329586
75000	0.990000	0.000000	0.000000	9.679751	0.329560
80000	0.990000	0.000000	0.000000	9.680643	0.329545
85000	0.990000	0.000000	0.000000	9.681188	0.329535
90000	0.990000	0.000000	0.000000	9.681522	0.329529
95000	0.990000	0.000000	0.000000	9.681726	0.329526
100000	0.990000	0.000000	0.000000	9.681851	0.329524

var1: 0.002500	 var2: 1.500000
gen	A2		B2		diseq		zbar		sexrat
0	0.990000	0.000000			3.000000	
5000	0.990000	0.000000	0.000000	6.807566	0.394636
10000	0.990000	0.000000	0.000000	8.116901	0.360785
15000	0.990000	0.000000	0.000000	8.778820	0.346539
20000	0.990000	0.000000	0.000000	9.147037	0.339291
25000	0.990000	0.000000	0.000000	9.360793	0.335284
30000	0.990000	0.000000	0.000000	9.487666	0.332972
35000	0.990000	0.000000	0.000000	9.563909	0.331605
40000	0.990000	0.000000	0.000000	9.610057	0.330786
45000	0.990000	0.000000	0.000000	9.638109	0.330291
50000	0.990000	0.000000	0.000000	9.655204	0.329990
55000	0.990000	0.000000	0.000000	9.665639	0.329807
60000	0.990000	0.000000	0.000000	9.672014	0.329696
65000	0.990000	0.000000	0.000000	9.675911	0.329627
70000	0.990000	0.000000	0.000000	9.678294	0.329586
75000	0.990000	0.000000	0.000000	9.679751	0.329560
80000	0.990000	0.000000	0.000000	9.680643	0.329545
85000	0.990000	0.000000	0.000000	9.681188	0.329535
90000	0.990000	0.000000	0.000000	9.681522	0.329529
95000	0.990000	0.000000	0.000000	9.681726	0.329526
100000	0.990000	0.000000	0.000000	9.681851	0.329524

var1: 0.002500	 var2: 1.600000
gen	A2		B2		diseq		zbar		sexrat
0	0.990000	0.000000			3.000000	
5000	0.990000	0.000000	0.000000	6.807566	0.394636
10000	0.990000	0.000000	0.000000	8.116901	0.360785
15000	0.990000	0.000000	0.000000	8.778820	0.346539
20000	0.990000	0.000000	0.000000	9.147037	0.339291
25000	0.990000	0.000000	0.000000	9.360793	0.335284
30000	0.990000	0.000000	0.000000	9.487666	0.332972
35000	0.990000	0.000000	0.000000	9.563909	0.331605
40000	0.990000	0.000000	0.000000	9.610057	0.330786
45000	0.990000	0.000000	0.000000	9.638109	0.330291
50000	0.990000	0.000000	0.000000	9.655204	0.329990
55000	0.990000	0.000000	0.000000	9.665639	0.329807
60000	0.990000	0.000000	0.000000	9.672014	0.329696
65000	0.990000	0.000000	0.000000	9.675911	0.329627
70000	0.990000	0.000000	0.000000	9.678294	0.329586
75000	0.990000	0.000000	0.000000	9.679751	0.329560
80000	0.990000	0.000000	0.000000	9.680643	0.329545
85000	0.990000	0.000000	0.000000	9.681188	0.329535
90000	0.990000	0.000000	0.000000	9.681522	0.329529
95000	0.990000	0.000000	0.000000	9.681726	0.329526
100000	0.990000	0.000000	0.000000	9.681851	0.329524

var1: 0.002500	 var2: 1.700000
gen	A2		B2		diseq		zbar		sexrat
0	0.990000	0.000000			3.000000	
5000	0.990000	0.000000	0.000000	6.807566	0.394636
10000	0.990000	0.000000	0.000000	8.116901	0.360785
15000	0.990000	0.000000	0.000000	8.778820	0.346539
20000	0.990