
########################### Run 1 ######################
var1: 0.000010	 var2: 0.000010
gen	A2		B2		diseq		zbar		sexrat
0	0.990000	0.000000			3.000000	
5000	0.990404	0.000000	0.000000	5.442057	3.359787
10000	0.990790	0.000000	0.000000	5.674539	3.439632
15000	0.991160	0.000000	0.000000	5.704681	3.449868
20000	0.991516	0.000000	0.000000	5.708683	3.451225
25000	0.991857	0.000000	0.000000	5.709216	3.451406
30000	0.992185	0.000000	0.000000	5.709287	3.451430
35000	0.992499	0.000000	0.000000	5.709296	3.451433
40000	0.992801	0.000000	0.000000	5.709298	3.451434
45000	0.993091	0.000000	0.000000	5.709298	3.451434
50000	0.993369	0.000000	0.000000	5.709298	3.451434
55000	0.993636	0.000000	0.000000	5.709298	3.451434
60000	0.993893	0.000000	0.000000	5.709298	3.451434
65000	0.994139	0.000000	0.000000	5.709298	3.451434
70000	0.994375	0.000000	0.000000	5.709298	3.451434
75000	0.994602	0.000000	0.000000	5.709298	3.451434
80000	0.994820	0.000000	0.000000	5.709298	3.451434
85000	0.995029	0.000000	0.000000	5.709298	3.451434
90000	0.995229	0.000000	0.000000	5.709298	3.451434
95000	0.995422	0.000000	0.000000	5.709297	3.451434
100000	0.995607	0.000000	0.000000	5.709297	3.451434

var1: 0.000010	 var2: 0.000013
gen	A2		B2		diseq		zbar		sexrat
0	0.990000	0.000000			3.000000	
5000	0.990404	0.000000	0.000000	5.442057	3.359787
10000	0.990790	0.000000	0.000000	5.674539	3.439632
15000	0.991160	0.000000	0.000000	5.704681	3.449868
20000	0.991516	0.000000	0.000000	5.708683	3.451225
25000	0.991857	0.000000	0.000000	5.709216	3.451406
30000	0.992185	0.000000	0.000000	5.709287	3.451430
35000	0.992499	0.000000	0.000000	5.709296	3.451433
40000	0.992801	0.000000	0.000000	5.709298	3.451434
45000	0.993091	0.000000	0.000000	5.709298	3.451434
50000	0.993369	0.000000	0.000000	5.709298	3.451434
55000	0.993636	0.000000	0.000000	5.709298	3.451434
60000	0.993893	0.000000	0.000000	5.709298	3.451434
65000	0.994139	0.000000	0.000000	5.709298	3.451434
70000	0.994375	0.000000	0.000000	5.709298	3.451434
75000	0.994602	0.000000	0.000000	5.709298	3.451434
80000	0.994820	0.000000	0.000000	5.709298	3.451434
85000	0.995029	0.000000	0.000000	5.709298	3.451434
90000	0.995229	0.000000	0.000000	5.709298	3.451434
95000	0.995422	0.000000	0.000000	5.709297	3.451434
100000	0.995607	0.000000	0.000000	5.709297	3.451434

var1: 0.000010	 var2: 0.000016
gen	A2		B2		diseq		zbar		sexrat
0	0.990000	0.000000			3.000000	
5000	0.990404	0.000000	0.000000	5.442057	3.359787
10000	0.990790	0.000000	0.000000	5.674539	3.439632
15000	0.991160	0.000000	0.000000	5.704681	3.449868
20000	0.991516	0.000000	0.000000	5.708683	3.451225
25000	0.991857	0.000000	0.000000	5.709216	3.451406
30000	0.992185	0.000000	0.000000	5.709287	3.451430
35000	0.992499	0.000000	0.000000	5.709296	3.451433
40000	0.992801	0.000000	0.000000	5.709298	3.451434
45000	0.993091	0.000000	0.000000	5.709298	3.451434
50000	0.993369	0.000000	0.000000	5.709298	3.451434
55000	0.993636	0.000000	0.000000	5.709298	3.451434
60000	0.993893	0.000000	0.000000	5.709298	3.451434
65000	0.994139	0.000000	0.000000	5.709298	3.451434
70000	0.994375	0.000000	0.000000	5.709298	3.451434
75000	0.994602	0.000000	0.000000	5.709298	3.451434
80000	0.994820	0.000000	0.000000	5.709298	3.451434
85000	0.995029	0.000000	0.000000	5.709298	3.451434
90000	0.995229	0.000000	0.000000	5.709298	3.451434
95000	0.995422	0.000000	0.000000	5.709297	3.451434
100000	0.995607	0.000000	0.000000	5.709297	3.451434

var1: 0.000010	 var2: 0.000020
gen	A2		B2		diseq		zbar		sexrat
0	0.990000	0.000000			3.000000	
5000	0.990404	0.000000	0.000000	5.442057	3.359787
10000	0.990790	0.000000	0.000000	5.674539	3.439632
15000	0.991160	0.000000	0.000000	5.704681	3.449868
20000	0.991516	0.000000	0.000000	5.708683	3.451225
25000	0.991857	0.000000	0.000000	5.709216	3.451406
30000	0.992185	0.000000	0.000000	5.709287	3.451430
35000	0.992499	0.000000	0.000000	5.709296	3.451433
40000	0.992801	0.000000	0.000000	5.709298	3.451434
45000	0.993091	0.000000	0.000000	5.709298	3.451434
50000	0.993369	0.000000	0.000000	5.709298	3.451434
55000	0.993636	0.000000	0.000000	5.709298	3.451434
60000	0.993893	0.000000	0.000000	5.709298	3.451434
65000	0.994139	0.000000	0.000000	5.709298	3.451434
70000	0.994375	0.000000	0.000000	5.709298	3.451434
75000	0.994602	0.000000	0.000000	5.709298	3.451434
80000	0.994820	0.000000	0.000000	5.709298	3.451434
85000	0.995029	0.000000	0.000000	5.709298	3.451434
90000	0.995229	0.000000	0.000000	5.709298	3.451434
95000	0.995422	0.000000	0.000000	5.709297	3.451434
100000	0.995607	0.000000	0.000000	5.709297	3.451434

var1: 0.000010	 var2: 0.000025
gen	A2		B2		diseq		zbar		sexrat
0	0.990000	0.000000			3.000000	
5000	0.990404	0.000000	0.000000	5.442057	3.359787
10000	0.990790	0.000000	0.000000	5.674539	3.439632
15000	0.991160	0.000000	0.000000	5.704681	3.449868
20000	0.991516	0.000000	0.000000	5.708683	3.451225
25000	0.991857	0.000000	0.000000	5.709216	3.451406
30000	0.992185	0.000000	0.000000	5.709287	3.451430
35000	0.992499	0.000000	0.000000	5.709296	3.451433
40000	0.992801	0.000000	0.000000	5.709298	3.451434
45000	0.993091	0.000000	0.000000	5.709298	3.451434
50000	0.993369	0.000000	0.000000	5.709298	3.451434
55000	0.993636	0.000000	0.000000	5.709298	3.451434
60000	0.993893	0.000000	0.000000	5.709298	3.451434
65000	0.994139	0.000000	0.000000	5.709298	3.451434
70000	0.994375	0.000000	0.000000	5.709298	3.451434
75000	0.994602	0.000000	0.000000	5.709298	3.451434
80000	0.994820	0.000000	0.000000	5.709298	3.451434
85000	0.995029	0.000000	0.000000	5.709298	3.451434
90000	0.995229	0.000000	0.000000	5.709298	3.451434
95000	0.995422	0.000000	0.000000	5.709297	3.451434
100000	0.995607	0.000000	0.000000	5.709297	3.451434

var1: 0.000010	 var2: 0.000032
gen	A2		B2		diseq		zbar		sexrat
0	0.990000	0.000000			3.000000	
5000	0.990404	0.000000	0.000000	5.442057	3.359787
10000	0.990790	0.000000	0.000000	5.674539	3.439632
15000	0.991160	0.000000	0.000000	5.704681	3.449868
20000	0.991516	0.000000	0.000000	5.708683	3.451225
25000	0.991857	0.000000	0.000000	5.709216	3.451406
30000	0.992185	0.000000	0.000000	5.709287	3.451430
35000	0.992499	0.000000	0.000000	5.709296	3.451433
40000	0.992801	0.000000	0.000000	5.709298	3.451434
45000	0.993091	0.000000	0.000000	5.709298	3.451434
50000	0.993369	0.000000	0.000000	5.709298	3.451434
55000	0.993636	0.000000	0.000000	5.709298	3.451434
60000	0.993893	0.000000	0.000000	5.709298	3.451434
65000	0.994139	0.000000	0.000000	5.709298	3.451434
70000	0.994375	0.000000	0.000000	5.709298	3.451434
75000	0.994602	0.000000	0.000000	5.709298	3.451434
80000	0.994820	0.000000	0.000000	5.709298	3.451434
85000	0.995029	0.000000	0.000000	5.709298	3.451434
90000	0.995229	0.000000	0.000000	5.709298	3.451434
95000	0.995422	0.000000	0.000000	5.709297	3.451434
100000	0.995607	0.000000	0.000000	5.709297	3.451434

var1: 0.000013	 var2: 0.000010
gen	A2		B2		diseq		zbar		sexrat
0	0.990000	0.000000			3.000000	
5000	0.990506	0.000000	0.000000	5.442013	3.359832
10000	0.990984	0.000000	0.000000	5.674501	3.439682
15000	0.991438	0.000000	0.000000	5.704646	3.449919
20000	0.991870	0.000000	0.000000	5.708648	3.451276
25000	0.992279	0.000000	0.000000	5.709181	3.451457
30000	0.992668	0.000000	0.000000	5.709252	3.451481
35000	0.993038	0.000000	0.000000	5.709262	3.451485
40000	0.993389	0.000000	0.000000	5.709263	3.451485
45000	0.993723	0.000000	0.000000	5.709263	3.451485
50000	0.994040	0.000000	0.000000	5.709263	3.451485
55000	0.994341	0.000000	0.000000	5.709263	3.451485
60000	0.994626	0.000000	0.000000	5.709263	3.451485
65000	0.994898	0.000000	0.000000	5.709263	3.451485
70000	0.995156	0.000000	0.000000	5.709263	3.451486
75000	0.995400	0.000000	0.000000	5.709263	3.451486
80000	0.995633	0.000000	0.000000	5.709263	3.451486
85000	0.995854	0.000000	0.000000	5.709263	3.451486
90000	0.996064	0.000000	0.000000	5.709263	3.451486
95000	0.996263	0.000000	0.000000	5.709263	3.451486
100000	0.996452	0.000000	0.000000	5.709263	3.451486

var1: 0.000013	 var2: 0.000013
gen	A2		B2		diseq		zbar		sexrat
0	0.990000	0.000000			3.000000	
5000	0.990506	0.000000	0.000000	5.442013	3.359832
10000	0.990984	0.000000	0.000000	5.674501	3.439682
15000	0.991438	0.000000	0.000000	5.704646	3.449919
20000	0.991870	0.000000	0.000000	5.708648	3.451276
25000	0.992279	0.000000	0.000000	5.709181	3.451457
30000	0.992668	0.000000	0.000000	5.709252	3.451481
35000	0.993038	0.000000	0.000000	5.709262	3.451485
40000	0.993389	0.000000	0.000000	5.709263	3.451485
45000	0.993723	0.000000	0.000000	5.709263	3.451485
50000	0.994040	0.000000	0.000000	5.709263	3.451485
55000	0.994341	0.000000	0.000000	5.709263	3.451485
60000	0.994626	0.000000	0.000000	5.709263	3.451485
65000	0.994898	0.000000	0.000000	5.709263	3.451485
70000	0.995156	0.000000	0.000000	5.709263	3.451486
75000	0.995400	0.000000	0.000000	5.709263	3.451486
80000	0.995633	0.000000	0.000000	5.709263	3.451486
85000	0.995854	0.000000	0.000000	5.709263	3.451486
90000	0.996064	0.000000	0.000000	5.709263	3.451486
95000	0.996263	0.000000	0.000000	5.709263	3.451486
100000	0.996452	0.000000	0.000000	5.709263	3.451486

var1: 0.000013	 var2: 0.000016
gen	A2		B2		diseq		zbar		sexrat
0	0.990000	0.000000			3.000000	
5000	0.990506	0.000000	0.000000	5.442013	3.359832
10000	0.990984	0.000000	0.000000	5.674501	3.439682
15000	0.991438	0.000000	0.000000	5.704646	3.449919
20000	0.991870	0.000000	0.000000	5.708648	3.451276
25000	0.992279	0.000000	0.000000	5.709181	3.451457
30000	0.992668	0.000000	0.000000	5.709252	3.451481
35000	0.993038	0.000000	0.000000	5.709262	3.451485
40000	0.993389	0.000000	0.000000	5.709263	3.451485
45000	0.993723	0.000000	0.000000	5.709263	3.451485
50000	0.994040	0.000000	0.000000	5.709263	3.451485
55000	0.994341	0.000000	0.000000	5.709263	3.451485
60000	0.994626	0.000000	0.000000	5.709263	3.451485
65000	0.994898	0.000000	0.000000	5.709263	3.451485
70000	0.995156	0.000000	0.000000	5.709263	3.451486
75000	0.995400	0.000000	0.000000	5.709263	3.451486
80000	0.995633	0.000000	0.000000	5.709263	3.451486
85000	0.995854	0.000000	0.000000	5.709263	3.451486
90000	0.996064	0.000000	0.000000	5.709263	3.451486
95000	0.996263	0.000000	0.000000	5.709263	3.451486
100000	0.996452	0.000000	0.000000	5.709263	3.451486

var1: 0.000013	 var2: 0.000020
gen	A2		B2		diseq		zbar		sexrat
0	0.990000	0.000000			3.000000	
5000	0.990506	0.000000	0.000000	5.442013	3.359832
10000	0.990984	0.000000	0.000000	5.674501	3.439682
15000	0.991438	0.000000	0.000000	5.704646	3.449919
20000	0.991870	0.000000	0.000000	5.708648	3.451276
25000	0.992279	0.000000	0.000000	5.709181	3.451457
30000	0.992668	0.000000	0.000000	5.709252	3.451481
35000	0.993038	0.000000	0.000000	5.709262	3.451485
40000	0.993389	0.000000	0.000000	5.709263	3.451485
45000	0.993723	0.000000	0.000000	5.709263	3.451485
50000	0.994040	0.000000	0.000000	5.709263	3.451485
55000	0.994341	0.000000	0.000000	5.709263	3.451485
60000	0.994626	0.000000	0.000000	5.709263	3.451485
65000	0.994898	0.000000	0.000000	5.709263	3.451485
70000	0.995156	0.000000	0.000000	5.709263	3.451486
75000	0.995400	0.000000	0.000000	5.709263	3.451486
80000	0.995633	0.000000	0.000000	5.709263	3.451486
85000	0.995854	0.000000	0.000000	5.709263	3.451486
90000	0.996064	0.000000	0.000000	5.709263	3.451486
95000	0.996263	0.000000	0.000000	5.709263	3.451486
100000	0.996452	0.000000	0.000000	5.709263	3.451486

var1: 0.000013	 var2: 0.000025
gen	A2		B2		diseq		zbar		sexrat
0	0.990000	0.000000			3.000000	
5000	0.990506	0.000000	0.000000	5.442013	3.359832
10000	0.990984	0.000000	0.000000	5.674501	3.439682
15000	0.991438	0.000000	0.000000	5.704646	3.449919
20000	0.991870	0.000000	0.000000	5.708648	3.451276
25000	0.992279	0.000000	0.000000	5.709181	3.451457
30000	0.992668	0.000000	0.000000	5.709252	3.451481
35000	0.993038	0.000000	0.000000	5.709262	3.451485
40000	0.993389	0.000000	0.000000	5.709263	3.451485
45000	0.993723	0.000000	0.000000	5.709263	3.451485
50000	0.994040	0.000000	0.000000	5.709263	3.451485
55000	0.994341	0.000000	0.000000	5.709263	3.451485
60000	0.994626	0.000000	0.000000	5.709263	3.451485
65000	0.994898	0.000000	0.000000	5.709263	3.451485
70000	0.995156	0.000000	0.000000	5.709263	3.451486
75000	0.995400	0.000000	0.000000	5.709263	3.451486
80000	0.995633	0.000000	0.000000	5.709263	3.451486
85000	0.995854	0.000000	0.000000	5.709263	3.451486
90000	0.996064	0.000000	0.000000	5.709263	3.451486
95000	0.996263	0.000000	0.000000	5.709263	3.451486
100000	0.996452	0.000000	0.000000	5.709263	3.451486

var1: 0.000013	 var2: 0.000032
gen	A2		B2		diseq		zbar		sexrat
0	0.990000	0.000000			3.000000	
5000	0.990506	0.000000	0.000000	5.442013	3.359832
10000	0.990984	0.000000	0.000000	5.674501	3.439682
15000	0.991438	0.000000	0.000000	5.704646	3.449919
20000	0.991870	0.000000	0.000000	5.708648	3.451276
25000	0.992279	0.000000	0.000000	5.709181	3.451457
30000	0.992668	0.000000	0.000000	5.709252	3.451481
35000	0.993038	0.000000	0.000000	5.709262	3.451485
40000	0.993389	0.000000	0.000000	5.709263	3.451485
45000	0.993723	0.000000	0.000000	5.709263	3.451485
50000	0.994040	0.000000	0.000000	5.709263	3.451485
55000	0.994341	0.000000	0.000000	5.709263	3.451485
60000	0.994626	0.000000	0.000000	5.709263	3.451485
65000	0.994898	0.000000	0.000000	5.709263	3.451485
70000	0.995156	0.000000	0.000000	5.709263	3.451486
75000	0.995400	0.000000	0.000000	5.709263	3.451486
80000	0.995633	0.000000	0.000000	5.709263	3.451486
85000	0.995854	0.000000	0.000000	5.709263	3.451486
90000	0.996064	0.000000	0.000000	5.709263	3.451486
95000	0.996263	0.000000	0.000000	5.709263	3.451486
100000	0.996452	0.000000	0.000000	5.709263	3.451486

var1: 0.000016	 var2: 0.000010
gen	A2		B2		diseq		zbar		sexrat
0	0.990000	0.000000			3.000000	
5000	0.990633	0.000000	0.000000	5.441957	3.359889
10000	0.991223	0.000000	0.000000	5.674454	3.439745
15000	0.991776	0.000000	0.000000	5.704602	3.449983
20000	0.992294	0.000000	0.000000	5.708605	3.451341
25000	0.992780	0.000000	0.000000	5.709138	3.451522
30000	0.993235	0.000000	0.000000	5.709209	3.451546
35000	0.993662	0.000000	0.000000	5.709218	3.451549
40000	0.994062	0.000000	0.000000	5.709219	3.451550
45000	0.994437	0.000000	0.000000	5.709220	3.451550
50000	0.994789	0.000000	0.000000	5.709219	3.451550
55000	0.995118	0.000000	0.000000	5.709219	3.451550
60000	0.995426	0.000000	0.000000	5.709219	3.451550
65000	0.995716	0.000000	0.000000	5.709219	3.451551
70000	0.995987	0.000000	0.000000	5.709219	3.451551
75000	0.996240	0.000000	0.000000	5.709219	3.451551
80000	0.996478	0.000000	0.000000	5.709219	3.451551
85000	0.996701	0.000000	0.000000	5.709219	3.451551
90000	0.996910	0.000000	0.000000	5.709219	3.451551
95000	0.997106	0.000000	0.000000	5.709219	3.451551
100000	0.997289	0.000000	0.000000	5.709219	3.451551

var1: 0.000016	 var2: 0.000013
gen	A2		B2		diseq		zbar		sexrat
0	0.990000	0.000000			3.000000	
5000	0.990633	0.000000	0.000000	5.441957	3.359889
10000	0.991223	0.000000	0.000000	5.674454	3.439745
15000	0.991776	0.000000	0.000000	5.704602	3.449983
20000	0.992294	0.000000	0.000000	5.708605	3.451341
25000	0.992780	0.000000	0.000000	5.709138	3.451522
30000	0.993235	0.000000	0.000000	5.709209	3.451546
35000	0.993662	0.000000	0.000000	5.709218	3.451549
40000	0.994062	0.000000	0.000000	5.709219	3.451550
45000	0.994437	0.000000	0.000000	5.709220	3.451550
50000	0.994789	0.000000	0.000000	5.709219	3.451550
55000	0.995118	0.000000	0.000000	5.709219	3.451550
60000	0.995426	0.000000	0.000000	5.709219	3.451550
65000	0.995716	0.000000	0.000000	5.709219	3.451551
70000	0.995987	0.000000	0.000000	5.709219	3.451551
75000	0.996240	0.000000	0.000000	5.709219	3.451551
80000	0.996478	0.000000	0.000000	5.709219	3.451551
85000	0.996701	0.000000	0.000000	5.709219	3.451551
90000	0.996910	0.000000	0.000000	5.709219	3.451551
95000	0.997106	0.000000	0.000000	5.709219	3.451551
100000	0.997289	0.000000	0.000000	5.709219	3.451551

var1: 0.000016	 var2: 0.000016
gen	A2		B2		diseq		zbar		sexrat
0	0.990000	0.000000			3.000000	
5000	0.990633	0.000000	0.000000	5.441957	3.359889
10000	0.991223	0.000000	0.000000	5.674454	3.439745
15000	0.991776	0.000000	0.000000	5.704602	3.449983
20000	0.992294	0.000000	0.000000	5.708605	3.451341
25000	0.992780	0.000000	0.000000	5.709138	3.451522
30000	0.993235	0.000000	0.000000	5.709209	3.451546
35000	0.993662	0.000000	0.000000	5.709218	3.451549
40000	0.994062	0.000000	0.000000	5.709219	3.451550
45000	0.994437	0.000000	0.000000	5.709220	3.451550
50000	0.994789	0.000000	0.000000	5.709219	3.451550
55000	0.995118	0.000000	0.000000	5.709219	3.451550
60000	0.995426	0.000000	0.000000	5.709219	3.451550
65000	0.995716	0.000000	0.000000	5.709219	3.451551
70000	0.995987	0.000000	0.000000	5.709219	3.451551
75000	0.996240	0.000000	0.000000	5.709219	3.451551
80000	0.996478	0.000000	0.000000	5.709219	3.451551
85000	0.996701	0.000000	0.000000	5.709219	3.451551
90000	0.996910	0.000000	0.000000	5.709219	3.451551
95000	0.997106	0.000000	0.000000	5.709219	3.451551
100000	0.997289	0.000000	0.000000	5.709219	3.451551

var1: 0.000016	 var2: 0.000020
gen	A2		B2		diseq		zbar		sexrat
0	0.990000	0.000000			3.000000	
5000	0.990633	0.000000	0.000000	5.441957	3.359889
10000	0.991223	0.000000	0.000000	5.674454	3.439745
15000	0.991776	0.000000	0.000000	5.704602	3.449983
20000	0.992294	0.000000	0.000000	5.708605	3.451341
25000	0.992780	0.000000	0.000000	5.709138	3.451522
30000	0.993235	0.000000	0.000000	5.709209	3.451546
35000	0.993662	0.000000	0.000000	5.709218	3.451549
40000	0.994062	0.000000	0.000000	5.709219	3.451550
45000	0.994437	0.000000	0.000000	5.709220	3.451550
50000	0.994789	0.000000	0.000000	5.709219	3.451550
55000	0.995118	0.000000	0.000000	5.709219	3.451550
60000	0.995426	0.000000	0.000000	5.709219	3.451550
65000	0.995716	0.000000	0.000000	5.709219	3.451551
70000	0.995987	0.000000	0.000000	5.709219	3.451551
75000	0.996240	0.000000	0.000000	5.709219	3.451551
80000	0.996478	0.000000	0.000000	5.709219	3.451551
85000	0.996701	0.000000	0.000000	5.709219	3.451551
90000	0.996910	0.000000	0.000000	5.709219	3.451551
95000	0.997106	0.000000	0.000000	5.709219	3.451551
100000	0.997289	0.000000	0.000000	5.709219	3.451551

var1: 0.000016	 var2: 0.000025
gen	A2		B2		diseq		zbar		sexrat
0	0.990000	0.000000			3.000000	
5000	0.990633	0.000000	0.000000	5.441957	3.359889
10000	0.991223	0.000000	0.000000	5.674454	3.439745
15000	0.991776	0.000000	0.000000	5.704602	3.449983
20000	0.992294	0.000000	0.000000	5.708605	3.451341
25000	0.992780	0.000000	0.000000	5.709138	3.451522
30000	0.993235	0.000000	0.000000	5.709209	3.451546
35000	0.993662	0.000000	0.000000	5.709218	3.451549
40000	0.994062	0.000000	0.000000	5.709219	3.451550
45000	0.994437	0.000000	0.000000	5.709220	3.451550
50000	0.994789	0.000000	0.000000	5.709219	3.451550
55000	0.995118	0.000000	0.000000	5.709219	3.451550
60000	0.995426	0.000000	0.000000	5.709219	3.451550
65000	0.995716	0.000000	0.000000	5.709219	3.451551
70000	0.995987	0.000000	0.000000	5.709219	3.451551
75000	0.996240	0.000000	0.000000	5.709219	3.451551
80000	0.996478	0.000000	0.000000	5.709219	3.451551
85000	0.996701	0.000000	0.000000	5.709219	3.451551
90000	0.996910	0.000000	0.000000	5.709219	3.451551
95000	0.997106	0.000000	0.000000	5.709219	3.451551
100000	0.997289	0.000000	0.000000	5.709219	3.451551

var1: 0.000016	 var2: 0.000032
gen	A2		B2		diseq		zbar		sexrat
0	0.990000	0.000000			3.000000	
5000	0.990633	0.000000	0.000000	5.441957	3.359889
10000	0.991223	0.000000	0.000000	5.674454	3.439745
15000	0.991776	0.000000	0.000000	5.704602	3.449983
20000	0.992294	0.000000	0.000000	5.708605	3.451341
25000	0.992780	0.000000	0.000000	5.709138	3.451522
30000	0.993235	0.000000	0.000000	5.709209	3.451546
35000	0.993662	0.000000	0.000000	5.709218	3.451549
40000	0.994062	0.000000	0.000000	5.709219	3.451550
45000	0.994437	0.000000	0.000000	5.709220	3.451550
50000	0.994789	0.000000	0.000000	5.709219	3.451550
55000	0.995118	0.000000	0.000000	5.709219	3.451550
60000	0.995426	0.000000	0.000000	5.709219	3.451550
65000	0.995716	0.000000	0.000000	5.709219	3.451551
70000	0.995987	0.000000	0.000000	5.709219	3.451551
75000	0.996240	0.000000	0.000000	5.709219	3.451551
80000	0.996478	0.000000	0.000000	5.709219	3.451551
85000	0.996701	0.000000	0.000000	5.709219	3.451551
90000	0.996910	0.000000	0.000000	5.709219	3.451551
95000	0.997106	0.000000	0.000000	5.709219	3.451551
100000	0.997289	0.000000	0.000000	5.709219	3.451551

var1: 0.000020	 var2: 0.000010
gen	A2		B2		diseq		zbar		sexrat
0	0.990000	0.000000			3.000000	
5000	0.990791	0.000000	0.000000	5.441887	3.359960
10000	0.991515	0.000000	0.000000	5.674395	3.439825
15000	0.992183	0.000000	0.000000	5.704546	3.450064
20000	0.992798	0.000000	0.000000	5.708550	3.451422
25000	0.993365	0.000000	0.000000	5.709083	3.451603
30000	0.993888	0.000000	0.000000	5.709154	3.451628
35000	0.994370	0.000000	0.000000	5.709163	3.451631
40000	0.994814	0.000000	0.000000	5.709164	3.451632
45000	0.995223	0.000000	0.000000	5.709164	3.451632
50000	0.995600	0.000000	0.000000	5.709164	3.451632
55000	0.995947	0.000000	0.000000	5.709164	3.451632
60000	0.996267	0.000000	0.000000	5.709164	3.451632
65000	0.996562	0.000000	0.000000	5.709164	3.451632
70000	0.996834	0.000000	0.000000	5.709164	3.451633
75000	0.997084	0.000000	0.000000	5.709164	3.451633
80000	0.997315	0.000000	0.000000	5.709164	3.451633
85000	0.997527	0.000000	0.000000	5.709164	3.451633
90000	0.997723	0.000000	0.000000	5.709164	3.451633
95000	0.997903	0.000000	0.000000	5.709164	3.451633
100000	0.998069	0.000000	0.000000	5.709164	3.451633

var1: 0.000020	 var2: 0.000013
gen	A2		B2		diseq		zbar		sexrat
0	0.990000	0.000000			3.000000	
5000	0.990791	0.000000	0.000000	5.441887	3.359960
10000	0.991515	0.000000	0.000000	5.674395	3.439825
15000	0.992183	0.000000	0.000000	5.704546	3.450064
20000	0.992798	0.000000	0.000000	5.708550	3.451422
25000	0.993365	0.000000	0.000000	5.709083	3.451603
30000	0.993888	0.000000	0.000000	5.709154	3.451628
35000	0.994370	0.000000	0.000000	5.709163	3.451631
40000	0.994814	0.000000	0.000000	5.709164	3.451632
45000	0.995223	0.000000	0.000000	5.709164	3.451632
50000	0.995600	0.000000	0.000000	5.709164	3.451632
55000	0.995947	0.000000	0.000000	5.709164	3.451632
60000	0.996267	0.000000	0.000000	5.709164	3.451632
65000	0.996562	0.000000	0.000000	5.709164	3.451632
70000	0.996834	0.000000	0.000000	5.709164	3.451633
75000	0.997084	0.000000	0.000000	5.709164	3.451633
80000	0.997315	0.000000	0.000000	5.709164	3.451633
85000	0.997527	0.000000	0.000000	5.709164	3.451633
90000	0.997723	0.000000	0.000000	5.709164	3.451633
95000	0.997903	0.000000	0.000000	5.709164	3.451633
100000	0.998069	0.000000	0.000000	5.709164	3.451633

var1: 0.000020	 var2: 0.000016
gen	A2		B2		diseq		zbar		sexrat
0	0.990000	0.000000			3.000000	
5000	0.990791	0.000000	0.000000	5.441887	3.359960
10000	0.991515	0.000000	0.000000	5.674395	3.439825
15000	0.992183	0.000000	0.000000	5.704546	3.450064
20000	0.992798	0.000000	0.000000	5.708550	3.451422
25000	0.993365	0.000000	0.000000	5.709083	3.451603
30000	0.993888	0.000000	0.000000	5.709154	3.451628
35000	0.994370	0.000000	0.000000	5.709163	3.451631
40000	0.994814	0.000000	0.000000	5.709164	3.451632
45000	0.995223	0.000000	0.000000	5.709164	3.451632
50000	0.995600	0.000000	0.000000	5.709164	3.451632
55000	0.995947	0.000000	0.000000	5.709164	3.451632
60000	0.996267	0.000000	0.000000	5.709164	3.451632
65000	0.996562	0.000000	0.000000	5.709164	3.451632
70000	0.996834	0.000000	0.000000	5.709164	3.451633
75000	0.997084	0.000000	0.000000	5.709164	3.451633
80000	0.997315	0.000000	0.000000	5.709164	3.451633
85000	0.997527	0.000000	0.000000	5.709164	3.451633
90000	0.997723	0.000000	0.000000	5.709164	3.451633
95000	0.997903	0.000000	0.000000	5.709164	3.451633
100000	0.998069	0.000000	0.000000	5.709164	3.451633

var1: 0.000020	 var2: 0.000020
gen	A2		B2		diseq		zbar		sexrat
0	0.990000	0.000000			3.000000	
5000	0.990791	0.000000	0.000000	5.441887	3.359960
10000	0.991515	0.000000	0.000000	5.674395	3.439825
15000	0.992183	0.000000	0.000000	5.704546	3.450064
20000	0.992798	0.000000	0.000000	5.708550	3.451422
25000	0.993365	0.000000	0.000000	5.709083	3.451603
30000	0.993888	0.000000	0.000000	5.709154	3.451628
35000	0.994370	0.000000	0.000000	5.709163	3.451631
40000	0.994814	0.000000	0.000000	5.709164	3.451632
45000	0.995223	0.000000	0.000000	5.709164	3.451632
50000	0.995600	0.000000	0.000000	5.709164	3.451632
55000	0.995947	0.000000	0.000000	5.709164	3.451632
60000	0.996267	0.000000	0.000000	5.709164	3.451632
65000	0.996562	0.000000	0.000000	5.709164	3.451632
70000	0.996834	0.000000	0.000000	5.709164	3.451633
75000	0.997084	0.000000	0.000000	5.709164	3.451633
80000	0.997315	0.000000	0.000000	5.709164	3.451633
85000	0.997527	0.000000	0.000000	5.709164	3.451633
90000	0.997723	0.000000	0.000000	5.709164	3.451633
95000	0.997903	0.000000	0.000000	5.709164	3.451633
100000	0.998069	0.000000	0.000000	5.709164	3.451633

var1: 0.000020	 var2: 0.000025
gen	A2		B2		diseq		zbar		sexrat
0	0.990000	0.000000			3.000000	
5000	0.990791	0.000000	0.000000	5.441887	3.359960
10000	0.991515	0.000000	0.000000	5.674395	3.439825
15000	0.992183	0.000000	0.000000	5.704546	3.450064
20000	0.992798	0.000000	0.000000	5.708550	3.451422
25000	0.993365	0.000000	0.000000	5.709083	3.451603
30000	0.993888	0.000000	0.000000	5.709154	3.451628
35000	0.994370	0.000000	0.000000	5.709163	3.451631
40000	0.994814	0.000000	0.000000	5.709164	3.451632
45000	0.995223	0.000000	0.000000	5.709164	3.451632
50000	0.995600	0.000000	0.000000	5.709164	3.451632
55000	0.995947	0.000000	0.000000	5.709164	3.451632
60000	0.996267	0.000000	0.000000	5.709164	3.451632
65000	0.996562	0.000000	0.000000	5.709164	3.451632
70000	0.996834	0.000000	0.000000	5.709164	3.451633
75000	0.997084	0.000000	0.000000	5.709164	3.451633
80000	0.997315	0.000000	0.000000	5.709164	3.451633
85000	0.997527	0.000000	0.000000	5.709164	3.451633
90000	0.997723	0.000000	0.000000	5.709164	3.451633
95000	0.997903	0.000000	0.000000	5.709164	3.451633
100000	0.998069	0.000000	0.000000	5.709164	3.451633

var1: 0.000020	 var2: 0.000032
gen	A2		B2		diseq		zbar		sexrat
0	0.990000	0.000000			3.000000	
5000	0.990791	0.000000	0.000000	5.441887	3.359960
10000	0.991515	0.000000	0.000000	5.674395	3.439825
15000	0.992183	0.000000	0.000000	5.704546	3.450064
20000	0.992798	0.000000	0.000000	5.708550	3.451422
25000	0.993365	0.000000	0.000000	5.709083	3.451603
30000	0.993888	0.000000	0.000000	5.709154	3.451628
35000	0.994370	0.000000	0.000000	5.709163	3.451631
40000	0.994814	0.000000	0.000000	5.709164	3.451632
45000	0.995223	0.000000	0.000000	5.709164	3.451632
50000	0.995600	0.000000	0.000000	5.709164	3.451632
55000	0.995947	0.000000	0.000000	5.709164	3.451632
60000	0.996267	0.000000	0.000000	5.709164	3.451632
65000	0.996562	0.000000	0.000000	5.709164	3.451632
70000	0.996834	0.000000	0.000000	5.709164	3.451633
75000	0.997084	0.000000	0.000000	5.709164	3.451633
80000	0.997315	0.000000	0.000000	5.709164	3.451633
85000	0.997527	0.000000	0.000000	5.709164	3.451633
90000	0.997723	0.000000	0.000000	5.709164	3.451633
95000	0.997903	0.000000	0.000000	5.709164	3.451633
100000	0.998069	0.000000	0.000000	5.709164	3.451633

var1: 0.000025	 var2: 0.000010
gen	A2		B2		diseq		zbar		sexrat
0	0.990000	0.000000			3.000000	
5000	0.990985	0.000000	0.000000	5.441798	3.360051
10000	0.991869	0.000000	0.000000	5.674321	3.439924
15000	0.992666	0.000000	0.000000	5.704476	3.450166
20000	0.993386	0.000000	0.000000	5.708481	3.451525
25000	0.994035	0.000000	0.000000	5.709014	3.451706
30000	0.994621	0.000000	0.000000	5.709085	3.451731
35000	0.995149	0.000000	0.000000	5.709094	3.451734
40000	0.995626	0.000000	0.000000	5.709095	3.451735
45000	0.996056	0.000000	0.000000	5.709095	3.451735
50000	0.996445	0.000000	0.000000	5.709095	3.451735
55000	0.996795	0.000000	0.000000	5.709095	3.451735
60000	0.997110	0.000000	0.000000	5.709095	3.451736
65000	0.997395	0.000000	0.000000	5.709095	3.451736
70000	0.997651	0.000000	0.000000	5.709095	3.451736
75000	0.997883	0.000000	0.000000	5.709095	3.451736
80000	0.998092	0.000000	0.000000	5.709094	3.451736
85000	0.998280	0.000000	0.000000	5.709094	3.451736
90000	0.998449	0.000000	0.000000	5.709094	3.451736
95000	0.998602	0.000000	0.000000	5.709094	3.451736
100000	0.998740	0.000000	0.000000	5.709094	3.451736

var1: 0.000025	 var2: 0.000013
gen	A2		B2		diseq		zbar		sexrat
0	0.990000	0.000000			3.000000	
5000	0.990985	0.000000	0.000000	5.441798	3.360051
10000	0.991869	0.000000	0.000000	5.674321	3.439924
15000	0.992666	0.000000	0.000000	5.704476	3.450166
20000	0.993386	0.000000	0.000000	5.708481	3.451525
25000	0.994035	0.000000	0.000000	5.709014	3.451706
30000	0.994621	0.000000	0.000000	5.709085	3.451731
35000	0.995149	0.000000	0.000000	5.709094	3.451734
40000	0.995626	0.000000	0.000000	5.709095	3.451735
45000	0.996056	0.000000	0.000000	5.709095	3.451735
50000	0.996445	0.000000	0.000000	5.709095	3.451735
55000	0.996795	0.000000	0.000000	5.709095	3.451735
60000	0.997110	0.000000	0.000000	5.709095	3.451736
65000	0.997395	0.000000	0.000000	5.709095	3.451736
70000	0.997651	0.000000	0.000000	5.709095	3.451736
75000	0.997883	0.000000	0.000000	5.709095	3.451736
80000	0.998092	0.000000	0.000000	5.709094	3.451736
85000	0.998280	0.000000	0.000000	5.709094	3.451736
90000	0.998449	0.000000	0.000000	5.709094	3.451736
95000	0.998602	0.000000	0.000000	5.709094	3.451736
100000	0.998740	0.000000	0.000000	5.709094	3.451736

var1: 0.000025	 var2: 0.000016
gen	A2		B2		diseq		zbar		sexrat
0	0.990000	0.000000			3.000000	
5000	0.990985	0.000000	0.000000	5.441798	3.360051
10000	0.991869	0.000000	0.000000	5.674321	3.439924
15000	0.992666	0.000000	0.000000	5.704476	3.450166
20000	0.993386	0.000000	0.000000	5.708481	3.451525
25000	0.994035	0.000000	0.000000	5.709014	3.451706
30000	0.994621	0.000000	0.000000	5.709085	3.451731
35000	0.995149	0.000000	0.000000	5.709094	3.451734
40000	0.995626	0.000000	0.000000	5.709095	3.451735
45000	0.996056	0.000000	0.000000	5.709095	3.451735
50000	0.996445	0.000000	0.000000	5.709095	3.451735
55000	0.996795	0.000000	0.000000	5.709095	3.451735
60000	0.997110	0.000000	0.000000	5.709095	3.451736
65000	0.997395	0.000000	0.000000	5.709095	3.451736
70000	0.997651	0.000000	0.000000	5.709095	3.451736
75000	0.997883	0.000000	0.000000	5.709095	3.451736
80000	0.998092	0.000000	0.000000	5.709094	3.451736
85000	0.998280	0.000000	0.000000	5.709094	3.451736
90000	0.998449	0.000000	0.000000	5.709094	3.451736
95000	0.998602	0.000000	0.000000	5.709094	3.451736
100000	0.998740	0.000000	0.000000	5.709094	3.451736

var1: 0.000025	 var2: 0.000020
gen	A2		B2		diseq		zbar		sexrat
0	0.990000	0.000000			3.000000	
5000	0.990985	0.000000	0.000000	5.441798	3.360051
10000	0.991869	0.000000	0.000000	5.674321	3.439924
15000	0.992666	0.000000	0.000000	5.704476	3.450166
20000	0.993386	0.000000	0.000000	5.708481	3.451525
25000	0.994035	0.000000	0.000000	5.709014	3.451706
30000	0.994621	0.000000	0.000000	5.709085	3.451731
35000	0.995149	0.000000	0.000000	5.709094	3.451734
40000	0.995626	0.000000	0.000000	5.709095	3.451735
45000	0.996056	0.000000	0.000000	5.709095	3.451735
50000	0.996445	0.000000	0.000000	5.709095	3.451735
55000	0.996795	0.000000	0.000000	5.709095	3.451735
60000	0.997110	0.000000	0.000000	5.709095	3.451736
65000	0.997395	0.000000	0.000000	5.709095	3.451736
70000	0.997651	0.000000	0.000000	5.709095	3.451736
75000	0.997883	0.000000	0.000000	5.709095	3.451736
80000	0.998092	0.000000	0.000000	5.709094	3.451736
85000	0.998280	0.000000	0.000000	5.709094	3.451736
90000	0.998449	0.000000	0.000000	5.709094	3.451736
95000	0.998602	0.000000	0.000000	5.709094	3.451736
100000	0.998740	0.000000	0.000000	5.709094	3.451736

var1: 0.000025	 var2: 0.000025
gen	A2		B2		diseq		zbar		sexrat
0	0.990000	0.000000			3.000000	
5000	0.990985	0.000000	0.000000	5.441798	3.360051
10000	0.991869	0.000000	0.000000	5.674321	3.439924
15000	0.992666	0.000000	0.000000	5.704476	3.450166
20000	0.993386	0.000000	0.000000	5.708481	3.451525
25000	0.994035	0.000000	0.000000	5.709014	3.451706
30000	0.994621	0.000000	0.000000	5.709085	3.451731
35000	0.995149	0.000000	0.000000	5.709094	3.451734
40000	0.995626	0.000000	0.000000	5.709095	3.451735
45000	0.996056	0.000000	0.000000	5.709095	3.451735
50000	0.996445	0.000000	0.000000	5.709095	3.451735
55000	0.996795	0.000000	0.000000	5.709095	3.451735
60000	0.997110	0.000000	0.000000	5.709095	3.451736
65000	0.997395	0.000000	0.000000	5.709095	3.451736
70000	0.997651	0.000000	0.000000	5.709095	3.451736
75000	0.997883	0.000000	0.000000	5.709095	3.451736
80000	0.998092	0.000000	0.000000	5.709094	3.451736
85000	0.998280	0.000000	0.000000	5.709094	3.451736
90000	0.998449	0.000000	0.000000	5.709094	3.451736
95000	0.998602	0.000000	0.000000	5.709094	3.451736
100000	0.998740	0.000000	0.000000	5.709094	3.451736

var1: 0.000025	 var2: 0.000032
gen	A2		B2		diseq		zbar		sexrat
0	0.990000	0.000000			3.000000	
5000	0.990985	0.000000	0.000000	5.441798	3.360051
10000	0.991869	0.000000	0.000000	5.674321	3.439924
15000	0.992666	0.000000	0.000000	5.704476	3.450166
20000	0.993386	0.000000	0.000000	5.708481	3.451525
25000	0.994035	0.000000	0.000000	5.709014	3.451706
30000	0.994621	0.000000	0.000000	5.709085	3.451731
35000	0.995149	0.000000	0.000000	5.709094	3.451734
40000	0.995626	0.000000	0.000000	5.709095	3.451735
45000	0.996056	0.000000	0.000000	5.709095	3.451735
50000	0.996445	0.000000	0.000000	5.709095	3.451735
55000	0.996795	0.000000	0.000000	5.709095	3.451735
60000	0.997110	0.000000	0.000000	5.709095	3.451736
65000	0.997395	0.000000	0.000000	5.709095	3.451736
70000	0.997651	0.000000	0.000000	5.709095	3.451736
75000	0.997883	0.000000	0.000000	5.709095	3.451736
80000	0.998092	0.000000	0.000000	5.709094	3.451736
85000	0.998280	0.000000	0.000000	5.709094	3.451736
90000	0.998449	0.000000	0.000000	5.709094	3.451736
95000	0.998602	0.000000	0.000000	5.709094	3.451736
100000	0.998740	0.000000	0.000000	5.709094	3.451736

var1: 0.000032	 var2: 0.000010
gen	A2		B2		diseq		zbar		sexrat
0	0.990000	0.000000			3.000000	
5000	0.991224	0.000000	0.000000	5.441686	3.360164
10000	0.992293	0.000000	0.000000	5.674227	3.440050
15000	0.993233	0.000000	0.000000	5.704387	3.450295
20000	0.994058	0.000000	0.000000	5.708393	3.451654
25000	0.994783	0.000000	0.000000	5.708927	3.451836
30000	0.995420	0.000000	0.000000	5.708998	3.451860
35000	0.995980	0.000000	0.000000	5.709007	3.451864
40000	0.996472	0.000000	0.000000	5.709008	3.451865
45000	0.996903	0.000000	0.000000	5.709008	3.451865
50000	0.997282	0.000000	0.000000	5.709008	3.451865
55000	0.997615	0.000000	0.000000	5.709007	3.451865
60000	0.997907	0.000000	0.000000	5.709007	3.451866
65000	0.998163	0.000000	0.000000	5.709007	3.451866
70000	0.998388	0.000000	0.000000	5.709007	3.451866
75000	0.998586	0.000000	0.000000	5.709007	3.451866
80000	0.998759	0.000000	0.000000	5.709007	3.451866
85000	0.998911	0.000000	0.000000	5.709007	3.451866
90000	0.999045	0.000000	0.000000	5.709007	3.451866
95000	0.999162	0.000000	0.000000	5.709007	3.451866
100000	0.999264	0.000000	0.000000	5.709007	3.451866

var1: 0.000032	 var2: 0.000013
gen	A2		B2		diseq		zbar		sexrat
0	0.990000	0.000000			3.000000	
5000	0.991224	0.000000	0.000000	5.441686	3.360164
10000	0.992293	0.000000	0.000000	5.674227	3.440050
15000	0.993233	0.000000	0.000000	5.704387	3.450295
20000	0.994058	0.000000	0.000000	5.708393	3.451654
25000	0.994783	0.000000	0.000000	5.708927	3.451836
30000	0.995420	0.000000	0.000000	5.708998	3.451860
35000	0.995980	0.000000	0.000000	5.709007	3.451864
40000	0.996472	0.000000	0.000000	5.709008	3.451865
45000	0.996903	0.000000	0.000000	5.709008	3.451865
50000	0.997282	0.000000	0.000000	5.709008	3.451865
55000	0.997615	0.000000	0.000000	5.709007	3.451865
60000	0.997907	0.000000	0.000000	5.709007	3.451866
65000	0.998163	0.000000	0.000000	5.709007	3.451866
70000	0.998388	0.000000	0.000000	5.709007	3.451866
75000	0.998586	0.000000	0.000000	5.709007	3.451866
80000	0.998759	0.000000	0.000000	5.709007	3.451866
85000	0.998911	0.000000	0.000000	5.709007	3.451866
90000	0.999045	0.000000	0.000000	5.709007	3.451866
95000	0.999162	0.000000	0.000000	5.709007	3.451866
100000	0.999264	0.000000	0.000000	5.709007	3.451866

var1: 0.000032	 var2: 0.000016
gen	A2		B2		diseq		zbar		sexrat
0	0.990000	0.000000			3.000000	
5000	0.991224	0.000000	0.000000	5.441686	3.360164
10000	0.992293	0.000000	0.000000	5.674227	3.440050
15000	0.993233	0.000000	0.000000	5.704387	3.450295
20000	0.994058	0.000000	0.000000	5.708393	3.451654
25000	0.994783	0.000000	0.000000	5.708927	3.451836
30000	0.995420	0.000000	0.000000	5.708998	3.451860
35000	0.995980	0.000000	0.000000	5.709007	3.451864
40000	0.996472	0.000000	0.000000	5.709008	3.451865
45000	0.996903	0.000000	0.000000	5.709008	3.451865
50000	0.997282	0.000000	0.000000	5.709008	3.451865
55000	0.997615	0.000000	0.000000	5.709007	3.451865
60000	0.997907	0.000000	0.000000	5.709007	3.451866
65000	0.998163	0.000000	0.000000	5.709007	3.451866
70000	0.998388	0.000000	0.000000	5.709007	3.451866
75000	0.998586	0.000000	0.000000	5.709007	3.451866
80000	0.998759	0.000000	0.000000	5.709007	3.451866
85000	0.998911	0.000000	0.000000	5.709007	3.451866
90000	0.999045	0.000000	0.000000	5.709007	3.451866
95000	0.999162	0.000000	0.000000	5.709007	3.451866
100000	0.999264	0.000000	0.000000	5.709007	3.451866

var1: 0.000032	 var2: 0.000020
gen	A2		B2		diseq		zbar		sexrat
0	0.990000	0.000000			3.000000	
5000	0.991224	0.000000	0.000000	5.441686	3.360164
10000	0.992293	0.000000	0.000000	5.674227	3.440050
15000	0.993233	0.000000	0.000000	5.704387	3.450295
20000	0.994058	0.000000	0.000000	5.708393	3.451654
25000	0.994783	0.000000	0.000000	5.708927	3.451836
30000	0.995420	0.000000	0.000000	5.708998	3.451860
35000	0.995980	0.000000	0.000000	5.709007	3.451864
40000	0.996472	0.000000	0.000000	5.709008	3.451865
45000	0.996903	0.000000	0.000000	5.709008	3.451865
50000	0.997282	0.000000	0.000000	5.709008	3.451865
55000	0.997615	0.000000	0.000000	5.709007	3.451865
60000	0.997907	0.000000	0.000000	5.709007	3.451866
65000	0.998163	0.000000	0.000000	5.709007	3.451866
70000	0.998388	0.000000	0.000000	5.709007	3.451866
75000	0.998586	0.000000	0.000000	5.709007	3.451866
80000	0.998759	0.000000	0.000000	5.709007	3.451866
85000	0.998911	0.000000	0.000000	5.709007	3.451866
90000	0.999045	0.000000	0.000000	5.709007	3.451866
95000	0.999162	0.000000	0.000000	5.709007	3.451866
100000	0.999264	0.000000	0.000000	5.709007	3.451866

var1: 0.000032	 var2: 0.000025
gen	A2		B2		diseq		zbar		sexrat
0	0.990000	0.000000			3.000000	
5000	0.991224	0.000000	0.000000	5.441686	3.360164
10000	0.992293	0.000000	0.000000	5.674227	3.440050
15000	0.993233	0.000000	0.000000	5.704387	3.450295
20000	0.994058	0.000000	0.000000	5.708393	3.451654
25000	0.994783	0.000000	0.000000	5.708927	3.451836
30000	0.995420	0.000000	0.000000	5.708998	3.451860
35000	0.995980	0.000000	0.000000	5.709007	3.451864
40000	0.996472	0.000000	0.000000	5.709008	3.451865
45000	0.996903	0.000000	0.000000	5.709008	3.451865
50000	0.997282	0.000000	0.000000	5.709008	3.451865
55000	0.997615	0.000000	0.000000	5.709007	3.451865
60000	0.997907	0.000000	0.000000	5.709007	3.451866
65000	0.998163	0.000000	0.000000	5.709007	3.451866
70000	0.998388	0.000000	0.000000	5.709007	3.451866
75000	0.998586	0.000000	0.000000	5.709007	3.451866
80000	0.998759	0.000000	0.000000	5.709007	3.451866
85000	0.998911	0.000000	0.000000	5.709007	3.451866
90000	0.999045	0.000000	0.000000	5.709007	3.451866
95000	0.999162	0.000000	0.000000	5.709007	3.451866
100000	0.999264	0.000000	0.000000	5.709007	3.451866

var1: 0.000032	 var2: 0.000032
gen	A2		B2		diseq		zbar		sexrat
0	0.990000	0.000000			3.000000	
5000	0.991224	0.000000	0.000000	5.441686	3.360164
10000	0.992293	0.000000	0.000000	5.674227	3.440050
15000	0.993233	0.000000	0.000000	5.704387	3.450295
20000	0.994058	0.000000	0.000000	5.708393	3.451654
25000	0.994783	0.000000	0.000000	5.708927	3.451836
30000	0.995420	0.000000	0.000000	5.708998	3.451860
35000	0.995980	0.000000	0.000000	5.709007	3.451864
40000	0.996472	0.000000	0.000000	5.709008	3.451865
45000	0.996903	0.000000	0.000000	5.709008	3.451865
50000	0.997282	0.000000	0.000000	5.709008	3.451865
55000	0.997615	0.000000	0.000000	5.709007	3.451865
60000	0.997907	0.000000	0.000000	5.709007	3.451866
65000	0.998163	0.000000	0.000000	5.709007	3.451866
70000	0.998388	0.000000	0.000000	5.709007	3.451866
75000	0.998586	0.000000	0.000000	5.709007	3.451866
80000	0.998759	0.000000	0.000000	5.709007	3.451866
85000	0.998911	0.000000	0.000000	5.709007	3.451866
90000	0.999045	0.000000	0.000000	5.709007	3.451866
95000	0.999162	0.000000	0.000000	5.709007	3.451866
100000	0.999264	0.000000	0.000000	5.709007	3.451866


########################### Run 2 ######################
var1: 0.000010	 var2: 0.000010
gen	A2		B2		diseq		zbar		sexrat
0	0.990000	0.010000			5.709297	
5000	0.000084	0.942887	0.000000	5.570696	3.403895
10000	0.000069	0.942584	0.000000	5.690797	3.444873
15000	0.000068	0.942261	0.000000	5.706577	3.450226
20000	0.000068	0.941933	0.000000	5.708676	3.450938
25000	0.000068	0.941604	0.000000	5.708955	3.451032
30000	0.000069	0.941273	0.000000	5.708993	3.451045
35000	0.000069	0.940940	0.000000	5.708998	3.451047
40000	0.000069	0.940605	0.000000	5.708998	3.451047
45000	0.000069	0.940269	0.000000	5.708998	3.451047
50000	0.000069	0.939931	0.000000	5.708998	3.451047
55000	0.000069	0.939592	0.000000	5.708998	3.451047
60000	0.000069	0.939251	0.000000	5.708998	3.451047
65000	0.000069	0.938908	0.000000	5.708998	3.451047
70000	0.000069	0.938563	0.000000	5.708998	3.451047
75000	0.000069	0.938217	0.000000	5.708998	3.451047
80000	0.000069	0.937869	0.000000	5.708998	3.451047
85000	0.000069	0.937519	0.000000	5.708998	3.451047
90000	0.000069	0.937167	0.000000	5.708998	3.451048
95000	0.000069	0.936814	0.000000	5.708998	3.451048
100000	0.000069	0.936459	0.000000	5.708998	3.451048

var1: 0.000010	 var2: 0.000013
gen	A2		B2		diseq		zbar		sexrat
0	0.990000	0.010000			5.709297	
5000	0.000084	0.942780	0.000000	5.570691	3.403872
10000	0.000069	0.942325	0.000000	5.690802	3.444854
15000	0.000069	0.941848	0.000000	5.706583	3.450207
20000	0.000069	0.941364	0.000000	5.708682	3.450919
25000	0.000069	0.940877	0.000000	5.708961	3.451014
30000	0.000069	0.940387	0.000000	5.708998	3.451026
35000	0.000069	0.939892	0.000000	5.709003	3.451028
40000	0.000069	0.939394	0.000000	5.709004	3.451028
45000	0.000069	0.938892	0.000000	5.709004	3.451029
50000	0.000069	0.938386	0.000000	5.709004	3.451029
55000	0.000069	0.937877	0.000000	5.709004	3.451029
60000	0.000069	0.937364	0.000000	5.709004	3.451029
65000	0.000069	0.936847	0.000000	5.709004	3.451029
70000	0.000069	0.936326	0.000000	5.709004	3.451029
75000	0.000070	0.935802	0.000000	5.709004	3.451029
80000	0.000070	0.935273	0.000000	5.709004	3.451029
85000	0.000070	0.934741	0.000000	5.709004	3.451029
90000	0.000070	0.934205	0.000000	5.709004	3.451029
95000	0.000070	0.933665	0.000000	5.709004	3.451029
100000	0.000070	0.933120	0.000000	5.709004	3.451029

var1: 0.000010	 var2: 0.000016
gen	A2		B2		diseq		zbar		sexrat
0	0.990000	0.010000			5.709297	
5000	0.000084	0.942645	0.000000	5.570685	3.403844
10000	0.000070	0.941997	0.000000	5.690807	3.444830
15000	0.000069	0.941323	0.000000	5.706590	3.450184
20000	0.000069	0.940641	0.000000	5.708689	3.450895
25000	0.000069	0.939951	0.000000	5.708968	3.450990
30000	0.000069	0.939253	0.000000	5.709005	3.451003
35000	0.000069	0.938548	0.000000	5.709010	3.451005
40000	0.000069	0.937836	0.000000	5.709011	3.451005
45000	0.000069	0.937116	0.000000	5.709011	3.451005
50000	0.000069	0.936389	0.000000	5.709011	3.451005
55000	0.000070	0.935654	0.000000	5.709011	3.451006
60000	0.000070	0.934911	0.000000	5.709011	3.451006
65000	0.000070	0.934161	0.000000	5.709011	3.451006
70000	0.000070	0.933402	0.000000	5.709011	3.451006
75000	0.000070	0.932636	0.000000	5.709011	3.451006
80000	0.000070	0.931863	0.000000	5.709011	3.451006
85000	0.000071	0.931081	0.000000	5.709011	3.451006
90000	0.000071	0.930291	0.000000	5.709011	3.451007
95000	0.000071	0.929493	0.000000	5.709011	3.451007
100000	0.000071	0.928687	0.000000	5.709011	3.451007

var1: 0.000010	 var2: 0.000020
gen	A2		B2		diseq		zbar		sexrat
0	0.990000	0.010000			5.709297	
5000	0.000084	0.942474	0.000000	5.570678	3.403809
10000	0.000070	0.941581	0.000000	5.690814	3.444799
15000	0.000069	0.940657	0.000000	5.706598	3.450154
20000	0.000069	0.939718	0.000000	5.708698	3.450866
25000	0.000069	0.938765	0.000000	5.708977	3.450961
30000	0.000069	0.937797	0.000000	5.709014	3.450974
35000	0.000069	0.936816	0.000000	5.709019	3.450975
40000	0.000070	0.935821	0.000000	5.709020	3.450976
45000	0.000070	0.934812	0.000000	5.709020	3.450976
50000	0.000070	0.933788	0.000000	5.709020	3.450976
55000	0.000070	0.932749	0.000000	5.709020	3.450977
60000	0.000070	0.931696	0.000000	5.709020	3.450977
65000	0.000071	0.930628	0.000000	5.709020	3.450977
70000	0.000071	0.929545	0.000000	5.709020	3.450977
75000	0.000071	0.928446	0.000000	5.709019	3.450978
80000	0.000071	0.927332	0.000000	5.709019	3.450978
85000	0.000072	0.926203	0.000000	5.709019	3.450978
90000	0.000072	0.925058	0.000000	5.709019	3.450978
95000	0.000072	0.923897	0.000000	5.709019	3.450979
100000	0.000072	0.922720	0.000000	5.709019	3.450979

var1: 0.000010	 var2: 0.000025
gen	A2		B2		diseq		zbar		sexrat
0	0.990000	0.010000			5.709297	
5000	0.000085	0.942259	0.000000	5.570668	3.403764
10000	0.000070	0.941054	0.000000	5.690824	3.444761
15000	0.000069	0.939809	0.000000	5.706609	3.450117
20000	0.000069	0.938537	0.000000	5.708709	3.450829
25000	0.000069	0.937240	0.000000	5.708988	3.450924
30000	0.000070	0.935919	0.000000	5.709026	3.450937
35000	0.000070	0.934571	0.000000	5.709030	3.450939
40000	0.000070	0.933198	0.000000	5.709031	3.450939
45000	0.000070	0.931799	0.000000	5.709031	3.450940
50000	0.000071	0.930373	0.000000	5.709031	3.450940
55000	0.000071	0.928920	0.000000	5.709031	3.450940
60000	0.000071	0.927440	0.000000	5.709031	3.450941
65000	0.000072	0.925932	0.000000	5.709031	3.450941
70000	0.000072	0.924395	0.000000	5.709030	3.450942
75000	0.000072	0.922830	0.000000	5.709030	3.450942
80000	0.000073	0.921236	0.000000	5.709030	3.450942
85000	0.000073	0.919613	0.000000	5.709030	3.450943
90000	0.000073	0.917959	0.000000	5.709030	3.450943
95000	0.000074	0.916276	0.000000	5.709030	3.450944
100000	0.000074	0.914562	0.000000	5.709030	3.450944

var1: 0.000010	 var2: 0.000032
gen	A2		B2		diseq		zbar		sexrat
0	0.990000	0.010000			5.709297	
5000	0.000085	0.941988	0.000000	5.570656	3.403708
10000	0.000070	0.940384	0.000000	5.690835	3.444713
15000	0.000069	0.938724	0.000000	5.706623	3.450070
20000	0.000069	0.937020	0.000000	5.708723	3.450782
25000	0.000070	0.935271	0.000000	5.709002	3.450877
30000	0.000070	0.933478	0.000000	5.709040	3.450891
35000	0.000070	0.931640	0.000000	5.709044	3.450893
40000	0.000071	0.929755	0.000000	5.709045	3.450894
45000	0.000071	0.927823	0.000000	5.709045	3.450894
50000	0.000072	0.925843	0.000000	5.709045	3.450895
55000	0.000072	0.923814	0.000000	5.709044	3.450895
60000	0.000072	0.921735	0.000000	5.709044	3.450896
65000	0.000073	0.919605	0.000000	5.709044	3.450897
70000	0.000073	0.917423	0.000000	5.709044	3.450897
75000	0.000074	0.915188	0.000000	5.709044	3.450898
80000	0.000074	0.912899	0.000000	5.709043	3.450899
85000	0.000075	0.910556	0.000000	5.709043	3.450900
90000	0.000075	0.908157	0.000000	5.709043	3.450900
95000	0.000076	0.905702	0.000000	5.709043	3.450901
100000	0.000076	0.903189	0.000000	5.709043	3.450902

var1: 0.000013	 var2: 0.000010
gen	A2		B2		diseq		zbar		sexrat
0	0.990000	0.010000			5.709263	
5000	0.000084	0.943111	0.000000	5.570480	3.403821
10000	0.000069	0.942810	0.000000	5.690769	3.444863
15000	0.000069	0.942488	0.000000	5.706573	3.450225
20000	0.000068	0.942162	0.000000	5.708675	3.450937
25000	0.000068	0.941833	0.000000	5.708955	3.451032
30000	0.000069	0.941503	0.000000	5.708992	3.451045
35000	0.000069	0.941172	0.000000	5.708997	3.451047
40000	0.000069	0.940839	0.000000	5.708998	3.451047
45000	0.000069	0.940504	0.000000	5.708998	3.451047
50000	0.000069	0.940167	0.000000	5.708998	3.451047
55000	0.000069	0.939829	0.000000	5.708998	3.451047
60000	0.000069	0.939489	0.000000	5.708998	3.451047
65000	0.000069	0.939147	0.000000	5.708998	3.451047
70000	0.000069	0.938804	0.000000	5.708998	3.451047
75000	0.000069	0.938459	0.000000	5.708998	3.451047
80000	0.000069	0.938112	0.000000	5.708998	3.451047
85000	0.000069	0.937764	0.000000	5.708998	3.451047
90000	0.000069	0.937413	0.000000	5.708998	3.451047
95000	0.000069	0.937062	0.000000	5.708998	3.451048
100000	0.000069	0.936708	0.000000	5.708998	3.451048

var1: 0.000013	 var2: 0.000013
gen	A2		B2		diseq		zbar		sexrat
0	0.990000	0.010000			5.709263	
5000	0.000084	0.943004	0.000000	5.570475	3.403798
10000	0.000070	0.942552	0.000000	5.690773	3.444844
15000	0.000069	0.942076	0.000000	5.706579	3.450206
20000	0.000069	0.941595	0.000000	5.708681	3.450919
25000	0.000069	0.941109	0.000000	5.708961	3.451014
30000	0.000069	0.940621	0.000000	5.708998	3.451026
35000	0.000069	0.940128	0.000000	5.709003	3.451028
40000	0.000069	0.939632	0.000000	5.709004	3.451028
45000	0.000069	0.939132	0.000000	5.709004	3.451028
50000	0.000069	0.938628	0.000000	5.709004	3.451029
55000	0.000069	0.938120	0.000000	5.709004	3.451029
60000	0.000069	0.937609	0.000000	5.709004	3.451029
65000	0.000069	0.937094	0.000000	5.709004	3.451029
70000	0.000070	0.936575	0.000000	5.709004	3.451029
75000	0.000070	0.936053	0.000000	5.709004	3.451029
80000	0.000070	0.935526	0.000000	5.709004	3.451029
85000	0.000070	0.934996	0.000000	5.709004	3.451029
90000	0.000070	0.934462	0.000000	5.709004	3.451029
95000	0.000070	0.933924	0.000000	5.709004	3.451029
100000	0.000070	0.933381	0.000000	5.709004	3.451029

var1: 0.000013	 var2: 0.000016
gen	A2		B2		diseq		zbar		sexrat
0	0.990000	0.010000			5.709263	
5000	0.000085	0.942870	0.000000	5.570469	3.403770
10000	0.000070	0.942225	0.000000	5.690779	3.444820
15000	0.000069	0.941554	0.000000	5.706586	3.450182
20000	0.000069	0.940874	0.000000	5.708688	3.450895
25000	0.000069	0.940186	0.000000	5.708968	3.450990
30000	0.000069	0.939491	0.000000	5.709005	3.451003
35000	0.000069	0.938789	0.000000	5.709010	3.451005
40000	0.000069	0.938079	0.000000	5.709011	3.451005
45000	0.000069	0.937362	0.000000	5.709011	3.451005
50000	0.000070	0.936637	0.000000	5.709011	3.451005
55000	0.000070	0.935905	0.000000	5.709011	3.451006
60000	0.000070	0.935165	0.000000	5.709011	3.451006
65000	0.000070	0.934418	0.000000	5.709011	3.451006
70000	0.000070	0.933662	0.000000	5.709011	3.451006
75000	0.000070	0.932899	0.000000	5.709011	3.451006
80000	0.000070	0.932128	0.000000	5.709011	3.451006
85000	0.000071	0.931349	0.000000	5.709011	3.451006
90000	0.000071	0.930562	0.000000	5.709011	3.451007
95000	0.000071	0.929767	0.000000	5.709010	3.451007
100000	0.000071	0.928964	0.000000	5.709010	3.451007

var1: 0.000013	 var2: 0.000020
gen	A2		B2		diseq		zbar		sexrat
0	0.990000	0.010000			5.709263	
5000	0.000085	0.942701	0.000000	5.570461	3.403735
10000	0.000070	0.941811	0.000000	5.690786	3.444790
15000	0.000069	0.940890	0.000000	5.706594	3.450153
20000	0.000069	0.939954	0.000000	5.708697	3.450865
25000	0.000069	0.939004	0.000000	5.708977	3.450961
30000	0.000069	0.938041	0.000000	5.709014	3.450973
35000	0.000069	0.937063	0.000000	5.709019	3.450975
40000	0.000070	0.936072	0.000000	5.709020	3.450976
45000	0.000070	0.935066	0.000000	5.709020	3.450976
50000	0.000070	0.934046	0.000000	5.709020	3.450976
55000	0.000070	0.933011	0.000000	5.709020	3.450977
60000	0.000070	0.931962	0.000000	5.709020	3.450977
65000	0.000071	0.930898	0.000000	5.709019	3.450977
70000	0.000071	0.929818	0.000000	5.709019	3.450977
75000	0.000071	0.928724	0.000000	5.709019	3.450977
80000	0.000071	0.927614	0.000000	5.709019	3.450978
85000	0.000072	0.926489	0.000000	5.709019	3.450978
90000	0.000072	0.925348	0.000000	5.709019	3.450978
95000	0.000072	0.924191	0.000000	5.709019	3.450978
100000	0.000072	0.923019	0.000000	5.709019	3.450979

var1: 0.000013	 var2: 0.000025
gen	A2		B2		diseq		zbar		sexrat
0	0.990000	0.010000			5.709263	
5000	0.000085	0.942486	0.000000	5.570452	3.403690
10000	0.000070	0.941285	0.000000	5.690795	3.444752
15000	0.000069	0.940045	0.000000	5.706606	3.450115
20000	0.000069	0.938778	0.000000	5.708708	3.450828
25000	0.000069	0.937486	0.000000	5.708988	3.450924
30000	0.000070	0.936169	0.000000	5.709025	3.450937
35000	0.000070	0.934827	0.000000	5.709030	3.450939
40000	0.000070	0.933459	0.000000	5.709031	3.450939
45000	0.000070	0.932064	0.000000	5.709031	3.450940
50000	0.000071	0.930644	0.000000	5.709031	3.450940
55000	0.000071	0.929196	0.000000	5.709031	3.450940
60000	0.000071	0.927721	0.000000	5.709030	3.450941
65000	0.000072	0.926218	0.000000	5.709030	3.450941
70000	0.000072	0.924687	0.000000	5.709030	3.450942
75000	0.000072	0.923128	0.000000	5.709030	3.450942
80000	0.000073	0.921539	0.000000	5.709030	3.450942
85000	0.000073	0.919922	0.000000	5.709030	3.450943
90000	0.000073	0.918274	0.000000	5.709030	3.450943
95000	0.000074	0.916597	0.000000	5.709030	3.450944
100000	0.000074	0.914889	0.000000	5.709030	3.450944

var1: 0.000013	 var2: 0.000032
gen	A2		B2		diseq		zbar		sexrat
0	0.990000	0.010000			5.709263	
5000	0.000086	0.942216	0.000000	5.570440	3.403634
10000	0.000070	0.940618	0.000000	5.690807	3.444704
15000	0.000069	0.938964	0.000000	5.706619	3.450068
20000	0.000069	0.937266	0.000000	5.708722	3.450782
25000	0.000070	0.935524	0.000000	5.709002	3.450877
30000	0.000070	0.933738	0.000000	5.709039	3.450890
35000	0.000070	0.931906	0.000000	5.709044	3.450893
40000	0.000071	0.930028	0.000000	5.709045	3.450893
45000	0.000071	0.928103	0.000000	5.709045	3.450894
50000	0.000072	0.926130	0.000000	5.709044	3.450895
55000	0.000072	0.924108	0.000000	5.709044	3.450895
60000	0.000072	0.922036	0.000000	5.709044	3.450896
65000	0.000073	0.919914	0.000000	5.709044	3.450897
70000	0.000073	0.917739	0.000000	5.709044	3.450897
75000	0.000074	0.915512	0.000000	5.709044	3.450898
80000	0.000074	0.913232	0.000000	5.709043	3.450899
85000	0.000075	0.910896	0.000000	5.709043	3.450899
90000	0.000075	0.908506	0.000000	5.709043	3.450900
95000	0.000076	0.906059	0.000000	5.709043	3.450901
100000	0.000076	0.903555	0.000000	5.709042	3.450902

var1: 0.000016	 var2: 0.000010
gen	A2		B2		diseq		zbar		sexrat
0	0.990000	0.010000			5.709219	
5000	0.000085	0.943393	0.000000	5.570207	3.403728
10000	0.000070	0.943093	0.000000	5.690733	3.444851
15000	0.000069	0.942773	0.000000	5.706568	3.450223
20000	0.000068	0.942448	0.000000	5.708674	3.450937
25000	0.000069	0.942121	0.000000	5.708955	3.451032
30000	0.000069	0.941793	0.000000	5.708992	3.451045
35000	0.000069	0.941463	0.000000	5.708997	3.451047
40000	0.000069	0.941131	0.000000	5.708998	3.451047
45000	0.000069	0.940798	0.000000	5.708998	3.451047
50000	0.000069	0.940463	0.000000	5.708998	3.451047
55000	0.000069	0.940127	0.000000	5.708998	3.451047
60000	0.000069	0.939788	0.000000	5.708998	3.451047
65000	0.000069	0.939448	0.000000	5.708998	3.451047
70000	0.000069	0.939106	0.000000	5.708998	3.451047
75000	0.000069	0.938763	0.000000	5.708998	3.451047
80000	0.000069	0.938418	0.000000	5.708998	3.451047
85000	0.000069	0.938071	0.000000	5.708998	3.451047
90000	0.000069	0.937723	0.000000	5.708998	3.451047
95000	0.000069	0.937372	0.000000	5.708998	3.451047
100000	0.000070	0.937020	0.000000	5.708998	3.451048

var1: 0.000016	 var2: 0.000013
gen	A2		B2		diseq		zbar		sexrat
0	0.990000	0.010000			5.709219	
5000	0.000085	0.943287	0.000000	5.570202	3.403705
10000	0.000070	0.942836	0.000000	5.690738	3.444832
15000	0.000069	0.942363	0.000000	5.706574	3.450204
20000	0.000069	0.941884	0.000000	5.708680	3.450918
25000	0.000069	0.941401	0.000000	5.708961	3.451013
30000	0.000069	0.940914	0.000000	5.708998	3.451026
35000	0.000069	0.940424	0.000000	5.709003	3.451028
40000	0.000069	0.939930	0.000000	5.709003	3.451028
45000	0.000069	0.939432	0.000000	5.709004	3.451028
50000	0.000069	0.938931	0.000000	5.709004	3.451029
55000	0.000069	0.938426	0.000000	5.709004	3.451029
60000	0.000069	0.937917	0.000000	5.709004	3.451029
65000	0.000069	0.937404	0.000000	5.709003	3.451029
70000	0.000070	0.936888	0.000000	5.709003	3.451029
75000	0.000070	0.936368	0.000000	5.709003	3.451029
80000	0.000070	0.935844	0.000000	5.709003	3.451029
85000	0.000070	0.935316	0.000000	5.709003	3.451029
90000	0.000070	0.934784	0.000000	5.709003	3.451029
95000	0.000070	0.934249	0.000000	5.709003	3.451029
100000	0.000070	0.933709	0.000000	5.709003	3.451029

var1: 0.000016	 var2: 0.000016
gen	A2		B2		diseq		zbar		sexrat
0	0.990000	0.010000			5.709219	
5000	0.000085	0.943153	0.000000	5.570196	3.403677
10000	0.000070	0.942511	0.000000	5.690743	3.444808
15000	0.000069	0.941843	0.000000	5.706581	3.450181
20000	0.000069	0.941166	0.000000	5.708687	3.450895
25000	0.000069	0.940482	0.000000	5.708968	3.450990
30000	0.000069	0.939790	0.000000	5.709005	3.451003
35000	0.000069	0.939091	0.000000	5.709010	3.451005
40000	0.000069	0.938385	0.000000	5.709011	3.451005
45000	0.000069	0.937671	0.000000	5.709011	3.451005
50000	0.000070	0.936950	0.000000	5.709011	3.451005
55000	0.000070	0.936221	0.000000	5.709011	3.451005
60000	0.000070	0.935484	0.000000	5.709011	3.451006
65000	0.000070	0.934740	0.000000	5.709010	3.451006
70000	0.000070	0.933988	0.000000	5.709010	3.451006
75000	0.000070	0.933229	0.000000	5.709010	3.451006
80000	0.000070	0.932461	0.000000	5.709010	3.451006
85000	0.000071	0.931686	0.000000	5.709010	3.451006
90000	0.000071	0.930902	0.000000	5.709010	3.451006
95000	0.000071	0.930111	0.000000	5.709010	3.451007
100000	0.000071	0.929311	0.000000	5.709010	3.451007

var1: 0.000016	 var2: 0.000020
gen	A2		B2		diseq		zbar		sexrat
0	0.990000	0.010000			5.709219	
5000	0.000086	0.942984	0.000000	5.570188	3.403642
10000	0.000070	0.942099	0.000000	5.690750	3.444778
15000	0.000069	0.941183	0.000000	5.706590	3.450151
20000	0.000069	0.940251	0.000000	5.708696	3.450865
25000	0.000069	0.939306	0.000000	5.708977	3.450960
30000	0.000069	0.938347	0.000000	5.709014	3.450973
35000	0.000069	0.937374	0.000000	5.709019	3.450975
40000	0.000070	0.936387	0.000000	5.709019	3.450976
45000	0.000070	0.935386	0.000000	5.709019	3.450976
50000	0.000070	0.934370	0.000000	5.709019	3.450976
55000	0.000070	0.933340	0.000000	5.709019	3.450976
60000	0.000070	0.932296	0.000000	5.709019	3.450977
65000	0.000071	0.931236	0.000000	5.709019	3.450977
70000	0.000071	0.930162	0.000000	5.709019	3.450977
75000	0.000071	0.929073	0.000000	5.709019	3.450977
80000	0.000071	0.927968	0.000000	5.709019	3.450978
85000	0.000072	0.926848	0.000000	5.709019	3.450978
90000	0.000072	0.925712	0.000000	5.709019	3.450978
95000	0.000072	0.924560	0.000000	5.709019	3.450978
100000	0.000072	0.923393	0.000000	5.709019	3.450979

var1: 0.000016	 var2: 0.000025
gen	A2		B2		diseq		zbar		sexrat
0	0.990000	0.010000			5.709219	
5000	0.000086	0.942771	0.000000	5.570179	3.403597
10000	0.000070	0.941576	0.000000	5.690760	3.444739
15000	0.000069	0.940341	0.000000	5.706601	3.450114
20000	0.000069	0.939080	0.000000	5.708707	3.450828
25000	0.000069	0.937794	0.000000	5.708988	3.450923
30000	0.000070	0.936483	0.000000	5.709025	3.450936
35000	0.000070	0.935147	0.000000	5.709030	3.450939
40000	0.000070	0.933786	0.000000	5.709031	3.450939
45000	0.000070	0.932398	0.000000	5.709031	3.450939
50000	0.000071	0.930984	0.000000	5.709030	3.450940
55000	0.000071	0.929542	0.000000	5.709030	3.450940
60000	0.000071	0.928074	0.000000	5.709030	3.450941
65000	0.000072	0.926578	0.000000	5.709030	3.450941
70000	0.000072	0.925054	0.000000	5.709030	3.450941
75000	0.000072	0.923502	0.000000	5.709030	3.450942
80000	0.000073	0.921920	0.000000	5.709030	3.450942
85000	0.000073	0.920310	0.000000	5.709030	3.450943
90000	0.000073	0.918670	0.000000	5.709030	3.450943
95000	0.000074	0.917000	0.000000	5.709029	3.450944
100000	0.000074	0.915299	0.000000	5.709029	3.450944

var1: 0.000016	 var2: 0.000032
gen	A2		B2		diseq		zbar		sexrat
0	0.990000	0.010000			5.709219	
5000	0.000087	0.942502	0.000000	5.570167	3.403541
10000	0.000070	0.940912	0.000000	5.690771	3.444691
15000	0.000069	0.939266	0.000000	5.706614	3.450067
20000	0.000069	0.937575	0.000000	5.708721	3.450781
25000	0.000070	0.935841	0.000000	5.709002	3.450877
30000	0.000070	0.934063	0.000000	5.709039	3.450890
35000	0.000070	0.932240	0.000000	5.709044	3.450893
40000	0.000071	0.930371	0.000000	5.709044	3.450893
45000	0.000071	0.928454	0.000000	5.709044	3.450894
50000	0.000072	0.926490	0.000000	5.709044	3.450895
55000	0.000072	0.924477	0.000000	5.709044	3.450895
60000	0.000072	0.922415	0.000000	5.709044	3.450896
65000	0.000073	0.920302	0.000000	5.709044	3.450897
70000	0.000073	0.918137	0.000000	5.709043	3.450897
75000	0.000074	0.915920	0.000000	5.709043	3.450898
80000	0.000074	0.913649	0.000000	5.709043	3.450899
85000	0.000075	0.911324	0.000000	5.709043	3.450899
90000	0.000075	0.908944	0.000000	5.709043	3.450900
95000	0.000076	0.906507	0.000000	5.709042	3.450901
100000	0.000076	0.904014	0.000000	5.709042	3.450902

var1: 0.000020	 var2: 0.000010
gen	A2		B2		diseq		zbar		sexrat
0	0.990000	0.010000			5.709164	
5000	0.000086	0.943746	0.000000	5.569863	3.403610
10000	0.000070	0.943449	0.000000	5.690688	3.444836
15000	0.000069	0.943130	0.000000	5.706562	3.450221
20000	0.000069	0.942807	0.000000	5.708673	3.450937
25000	0.000069	0.942483	0.000000	5.708954	3.451032
30000	0.000069	0.942156	0.000000	5.708992	3.451045
35000	0.000069	0.941828	0.000000	5.708997	3.451047
40000	0.000069	0.941499	0.000000	5.708998	3.451047
45000	0.000069	0.941168	0.000000	5.708998	3.451047
50000	0.000069	0.940835	0.000000	5.708998	3.451047
55000	0.000069	0.940500	0.000000	5.708998	3.451047
60000	0.000069	0.940164	0.000000	5.708998	3.451047
65000	0.000069	0.939826	0.000000	5.708998	3.451047
70000	0.000069	0.939486	0.000000	5.708998	3.451047
75000	0.000069	0.939145	0.000000	5.708998	3.451047
80000	0.000069	0.938802	0.000000	5.708998	3.451047
85000	0.000069	0.938457	0.000000	5.708998	3.451047
90000	0.000069	0.938110	0.000000	5.708998	3.451047
95000	0.000070	0.937762	0.000000	5.708998	3.451047
100000	0.000070	0.937412	0.000000	5.708997	3.451047

var1: 0.000020	 var2: 0.000013
gen	A2		B2		diseq		zbar		sexrat
0	0.990000	0.010000			5.709164	
5000	0.000086	0.943641	0.000000	5.569858	3.403588
10000	0.000070	0.943193	0.000000	5.690693	3.444817
15000	0.000069	0.942723	0.000000	5.706568	3.450202
20000	0.000069	0.942247	0.000000	5.708679	3.450918
25000	0.000069	0.941767	0.000000	5.708960	3.451013
30000	0.000069	0.941283	0.000000	5.708998	3.451026
35000	0.000069	0.940795	0.000000	5.709003	3.451028
40000	0.000069	0.940304	0.000000	5.709003	3.451028
45000	0.000069	0.939810	0.000000	5.709003	3.451028
50000	0.000069	0.939311	0.000000	5.709003	3.451028
55000	0.000069	0.938809	0.000000	5.709003	3.451029
60000	0.000069	0.938303	0.000000	5.709003	3.451029
65000	0.000070	0.937794	0.000000	5.709003	3.451029
70000	0.000070	0.937281	0.000000	5.709003	3.451029
75000	0.000070	0.936763	0.000000	5.709003	3.451029
80000	0.000070	0.936243	0.000000	5.709003	3.451029
85000	0.000070	0.935718	0.000000	5.709003	3.451029
90000	0.000070	0.935189	0.000000	5.709003	3.451029
95000	0.000070	0.934657	0.000000	5.709003	3.451029
100000	0.000070	0.934120	0.000000	5.709003	3.451029

var1: 0.000020	 var2: 0.000016
gen	A2		B2		diseq		zbar		sexrat
0	0.990000	0.010000			5.709164	
5000	0.000087	0.943508	0.000000	5.569852	3.403560
10000	0.000070	0.942870	0.000000	5.690698	3.444793
15000	0.000069	0.942206	0.000000	5.706575	3.450179
20000	0.000069	0.941533	0.000000	5.708686	3.450894
25000	0.000069	0.940853	0.000000	5.708967	3.450990
30000	0.000069	0.940165	0.000000	5.709005	3.451003
35000	0.000069	0.939470	0.000000	5.709010	3.451005
40000	0.000069	0.938768	0.000000	5.709010	3.451005
45000	0.000069	0.938059	0.000000	5.709010	3.451005
50000	0.000070	0.937342	0.000000	5.709010	3.451005
55000	0.000070	0.936617	0.000000	5.709010	3.451005
60000	0.000070	0.935885	0.000000	5.709010	3.451005
65000	0.000070	0.935145	0.000000	5.709010	3.451006
70000	0.000070	0.934398	0.000000	5.709010	3.451006
75000	0.000070	0.933642	0.000000	5.709010	3.451006
80000	0.000070	0.932879	0.000000	5.709010	3.451006
85000	0.000071	0.932108	0.000000	5.709010	3.451006
90000	0.000071	0.931330	0.000000	5.709010	3.451006
95000	0.000071	0.930543	0.000000	5.709010	3.451006
100000	0.000071	0.929748	0.000000	5.709010	3.451007

var1: 0.000020	 var2: 0.000020
gen	A2		B2		diseq		zbar		sexrat
0	0.990000	0.010000			5.709164	
5000	0.000087	0.943340	0.000000	5.569844	3.403524
10000	0.000070	0.942460	0.000000	5.690705	3.444762
15000	0.000069	0.941550	0.000000	5.706583	3.450149
20000	0.000069	0.940624	0.000000	5.708695	3.450865
25000	0.000069	0.939684	0.000000	5.708976	3.450960
30000	0.000069	0.938730	0.000000	5.709014	3.450973
35000	0.000070	0.937763	0.000000	5.709019	3.450975
40000	0.000070	0.936782	0.000000	5.709019	3.450976
45000	0.000070	0.935787	0.000000	5.709019	3.450976
50000	0.000070	0.934777	0.000000	5.709019	3.450976
55000	0.000070	0.933753	0.000000	5.709019	3.450976
60000	0.000071	0.932715	0.000000	5.709019	3.450977
65000	0.000071	0.931661	0.000000	5.709019	3.450977
70000	0.000071	0.930593	0.000000	5.709019	3.450977
75000	0.000071	0.929510	0.000000	5.709019	3.450977
80000	0.000071	0.928412	0.000000	5.709019	3.450977
85000	0.000072	0.927298	0.000000	5.709019	3.450978
90000	0.000072	0.926169	0.000000	5.709019	3.450978
95000	0.000072	0.925024	0.000000	5.709019	3.450978
100000	0.000072	0.923863	0.000000	5.709018	3.450979

var1: 0.000020	 var2: 0.000025
gen	A2		B2		diseq		zbar		sexrat
0	0.990000	0.010000			5.709164	
5000	0.000088	0.943129	0.000000	5.569834	3.403480
10000	0.000070	0.941941	0.000000	5.690715	3.444724
15000	0.000069	0.940713	0.000000	5.706594	3.450111
20000	0.000069	0.939459	0.000000	5.708706	3.450828
25000	0.000069	0.938181	0.000000	5.708987	3.450923
30000	0.000070	0.936878	0.000000	5.709025	3.450936
35000	0.000070	0.935550	0.000000	5.709030	3.450938
40000	0.000070	0.934196	0.000000	5.709030	3.450939
45000	0.000070	0.932816	0.000000	5.709030	3.450939
50000	0.000071	0.931410	0.000000	5.709030	3.450940
55000	0.000071	0.929977	0.000000	5.709030	3.450940
60000	0.000071	0.928517	0.000000	5.709030	3.450940
65000	0.000072	0.927030	0.000000	5.709030	3.450941
70000	0.000072	0.925514	0.000000	5.709030	3.450941
75000	0.000072	0.923971	0.000000	5.709030	3.450942
80000	0.000073	0.922398	0.000000	5.709030	3.450942
85000	0.000073	0.920797	0.000000	5.709029	3.450943
90000	0.000073	0.919166	0.000000	5.709029	3.450943
95000	0.000074	0.917505	0.000000	5.709029	3.450943
100000	0.000074	0.915814	0.000000	5.709029	3.450944

var1: 0.000020	 var2: 0.000032
gen	A2		B2		diseq		zbar		sexrat
0	0.990000	0.010000			5.709164	
5000	0.000088	0.942861	0.000000	5.569822	3.403424
10000	0.000070	0.941280	0.000000	5.690726	3.444676
15000	0.000069	0.939644	0.000000	5.706608	3.450064
20000	0.000069	0.937963	0.000000	5.708720	3.450781
25000	0.000070	0.936240	0.000000	5.709002	3.450877
30000	0.000070	0.934472	0.000000	5.709039	3.450890
35000	0.000071	0.932659	0.000000	5.709044	3.450892
40000	0.000071	0.930801	0.000000	5.709044	3.450893
45000	0.000071	0.928895	0.000000	5.709044	3.450894
50000	0.000072	0.926942	0.000000	5.709044	3.450894
55000	0.000072	0.924941	0.000000	5.709044	3.450895
60000	0.000072	0.922890	0.000000	5.709044	3.450896
65000	0.000073	0.920789	0.000000	5.709043	3.450896
70000	0.000073	0.918636	0.000000	5.709043	3.450897
75000	0.000074	0.916431	0.000000	5.709043	3.450898
80000	0.000074	0.914173	0.000000	5.709043	3.450898
85000	0.000075	0.911861	0.000000	5.709043	3.450899
90000	0.000075	0.909493	0.000000	5.709042	3.450900
95000	0.000076	0.907070	0.000000	5.709042	3.450901
100000	0.000076	0.904590	0.000000	5.709042	3.450901

var1: 0.000025	 var2: 0.000010
gen	A2		B2		diseq		zbar		sexrat
0	0.990000	0.010000			5.709094	
5000	0.000088	0.944190	0.000000	5.569429	3.403462
10000	0.000070	0.943894	0.000000	5.690631	3.444817
15000	0.000069	0.943578	0.000000	5.706554	3.450218
20000	0.000069	0.943258	0.000000	5.708672	3.450936
25000	0.000069	0.942936	0.000000	5.708954	3.451032
30000	0.000069	0.942612	0.000000	5.708992	3.451045
35000	0.000069	0.942286	0.000000	5.708997	3.451046
40000	0.000069	0.941959	0.000000	5.708997	3.451047
45000	0.000069	0.941630	0.000000	5.708997	3.451047
50000	0.000069	0.941300	0.000000	5.708997	3.451047
55000	0.000069	0.940968	0.000000	5.708997	3.451047
60000	0.000069	0.940634	0.000000	5.708997	3.451047
65000	0.000069	0.940299	0.000000	5.708997	3.451047
70000	0.000069	0.939962	0.000000	5.708997	3.451047
75000	0.000069	0.939623	0.000000	5.708997	3.451047
80000	0.000069	0.939282	0.000000	5.708997	3.451047
85000	0.000069	0.938940	0.000000	5.708997	3.451047
90000	0.000070	0.938596	0.000000	5.708997	3.451047
95000	0.000070	0.938251	0.000000	5.708997	3.451047
100000	0.000070	0.937904	0.000000	5.708997	3.451047

var1: 0.000025	 var2: 0.000013
gen	A2		B2		diseq		zbar		sexrat
0	0.990000	0.010000			5.709094	
5000	0.000088	0.944085	0.000000	5.569424	3.403440
10000	0.000070	0.943641	0.000000	5.690636	3.444798
15000	0.000069	0.943174	0.000000	5.706560	3.450200
20000	0.000069	0.942701	0.000000	5.708678	3.450918
25000	0.000069	0.942225	0.000000	5.708960	3.451013
30000	0.000069	0.941745	0.000000	5.708997	3.451026
35000	0.000069	0.941261	0.000000	5.709002	3.451028
40000	0.000069	0.940774	0.000000	5.709003	3.451028
45000	0.000069	0.940283	0.000000	5.709003	3.451028
50000	0.000069	0.939788	0.000000	5.709003	3.451028
55000	0.000069	0.939290	0.000000	5.709003	3.451028
60000	0.000069	0.938788	0.000000	5.709003	3.451028
65000	0.000070	0.938282	0.000000	5.709003	3.451029
70000	0.000070	0.937772	0.000000	5.709003	3.451029
75000	0.000070	0.937259	0.000000	5.709003	3.451029
80000	0.000070	0.936742	0.000000	5.709003	3.451029
85000	0.000070	0.936221	0.000000	5.709003	3.451029
90000	0.000070	0.935697	0.000000	5.709003	3.451029
95000	0.000070	0.935168	0.000000	5.709003	3.451029
100000	0.000070	0.934636	0.000000	5.709003	3.451029

var1: 0.000025	 var2: 0.000016
gen	A2		B2		diseq		zbar		sexrat
0	0.990000	0.010000			5.709094	
5000	0.000089	0.943953	0.000000	5.569417	3.403412
10000	0.000070	0.943320	0.000000	5.690641	3.444773
15000	0.000069	0.942661	0.000000	5.706567	3.450176
20000	0.000069	0.941993	0.000000	5.708685	3.450894
25000	0.000069	0.941318	0.000000	5.708967	3.450990
30000	0.000069	0.940636	0.000000	5.709004	3.451003
35000	0.000069	0.939946	0.000000	5.709009	3.451004
40000	0.000069	0.939249	0.000000	5.709010	3.451005
45000	0.000070	0.938545	0.000000	5.709010	3.451005
50000	0.000070	0.937833	0.000000	5.709010	3.451005
55000	0.000070	0.937114	0.000000	5.709010	3.451005
60000	0.000070	0.936387	0.000000	5.709010	3.451005
65000	0.000070	0.935653	0.000000	5.709010	3.451005
70000	0.000070	0.934911	0.000000	5.709010	3.451006
75000	0.000070	0.934161	0.000000	5.709010	3.451006
80000	0.000071	0.933403	0.000000	5.709010	3.451006
85000	0.000071	0.932638	0.000000	5.709010	3.451006
90000	0.000071	0.931865	0.000000	5.709010	3.451006
95000	0.000071	0.931084	0.000000	5.709010	3.451006
100000	0.000071	0.930295	0.000000	5.709010	3.451006

var1: 0.000025	 var2: 0.000020
gen	A2		B2		diseq		zbar		sexrat
0	0.990000	0.010000			5.709094	
5000	0.000089	0.943787	0.000000	5.569410	3.403376
10000	0.000070	0.942913	0.000000	5.690649	3.444743
15000	0.000069	0.942009	0.000000	5.706575	3.450146
20000	0.000069	0.941090	0.000000	5.708694	3.450864
25000	0.000069	0.940157	0.000000	5.708976	3.450960
30000	0.000069	0.939211	0.000000	5.709013	3.450973
35000	0.000070	0.938251	0.000000	5.709018	3.450975
40000	0.000070	0.937277	0.000000	5.709019	3.450975
45000	0.000070	0.936289	0.000000	5.709019	3.450976
50000	0.000070	0.935287	0.000000	5.709019	3.450976
55000	0.000070	0.934271	0.000000	5.709019	3.450976
60000	0.000071	0.933240	0.000000	5.709019	3.450976
65000	0.000071	0.932194	0.000000	5.709019	3.450977
70000	0.000071	0.931134	0.000000	5.709019	3.450977
75000	0.000071	0.930058	0.000000	5.709018	3.450977
80000	0.000071	0.928968	0.000000	5.709018	3.450977
85000	0.000072	0.927862	0.000000	5.709018	3.450978
90000	0.000072	0.926741	0.000000	5.709018	3.450978
95000	0.000072	0.925604	0.000000	5.709018	3.450978
100000	0.000072	0.924452	0.000000	5.709018	3.450978

var1: 0.000025	 var2: 0.000025
gen	A2		B2		diseq		zbar		sexrat
0	0.990000	0.010000			5.709094	
5000	0.000089	0.943577	0.000000	5.569400	3.403332
10000	0.000070	0.942398	0.000000	5.690658	3.444705
15000	0.000069	0.941179	0.000000	5.706587	3.450109
20000	0.000069	0.939935	0.000000	5.708705	3.450827
25000	0.000069	0.938666	0.000000	5.708987	3.450923
30000	0.000070	0.937372	0.000000	5.709024	3.450936
35000	0.000070	0.936054	0.000000	5.709029	3.450938
40000	0.000070	0.934710	0.000000	5.709030	3.450939
45000	0.000071	0.933340	0.000000	5.709030	3.450939
50000	0.000071	0.931944	0.000000	5.709030	3.450940
55000	0.000071	0.930522	0.000000	5.709030	3.450940
60000	0.000071	0.929073	0.000000	5.709030	3.450940
65000	0.000072	0.927596	0.000000	5.709030	3.450941
70000	0.000072	0.926091	0.000000	5.709029	3.450941
75000	0.000072	0.924559	0.000000	5.709029	3.450941
80000	0.000073	0.922998	0.000000	5.709029	3.450942
85000	0.000073	0.921407	0.000000	5.709029	3.450942
90000	0.000073	0.919788	0.000000	5.709029	3.450943
95000	0.000074	0.918139	0.000000	5.709029	3.450943
100000	0.000074	0.916460	0.000000	5.709029	3.450944

var1: 0.000025	 var2: 0.000032
gen	A2		B2		diseq		zbar		sexrat
0	0.990000	0.010000			5.709094	
5000	0.000089	0.943311	0.000000	5.569387	3.403275
10000	0.000070	0.941742	0.000000	5.690669	3.444657
15000	0.000069	0.940118	0.000000	5.706600	3.450062
20000	0.000070	0.938450	0.000000	5.708719	3.450780
25000	0.000070	0.936739	0.000000	5.709001	3.450877
30000	0.000070	0.934984	0.000000	5.709038	3.450890
35000	0.000071	0.933184	0.000000	5.709043	3.450892
40000	0.000071	0.931339	0.000000	5.709044	3.450893
45000	0.000071	0.929448	0.000000	5.709044	3.450894
50000	0.000072	0.927509	0.000000	5.709044	3.450894
55000	0.000072	0.925522	0.000000	5.709043	3.450895
60000	0.000073	0.923486	0.000000	5.709043	3.450895
65000	0.000073	0.921399	0.000000	5.709043	3.450896
70000	0.000073	0.919262	0.000000	5.709043	3.450897
75000	0.000074	0.917072	0.000000	5.709043	3.450897
80000	0.000074	0.914830	0.000000	5.709042	3.450898
85000	0.000075	0.912534	0.000000	5.709042	3.450899
90000	0.000075	0.910183	0.000000	5.709042	3.450900
95000	0.000076	0.907776	0.000000	5.709042	3.450900
100000	0.000076	0.905313	0.000000	5.709042	3.450901

var1: 0.000032	 var2: 0.000010
gen	A2		B2		diseq		zbar		sexrat
0	0.990000	0.010000			5.709007	
5000	0.000090	0.944744	0.000000	5.568880	3.403275
10000	0.000070	0.944452	0.000000	5.690559	3.444792
15000	0.000069	0.944139	0.000000	5.706544	3.450215
20000	0.000069	0.943822	0.000000	5.708670	3.450936
25000	0.000069	0.943503	0.000000	5.708953	3.451032
30000	0.000069	0.943182	0.000000	5.708991	3.451045
35000	0.000069	0.942860	0.000000	5.708996	3.451046
40000	0.000069	0.942536	0.000000	5.708997	3.451047
45000	0.000069	0.942210	0.000000	5.708997	3.451047
50000	0.000069	0.941883	0.000000	5.708997	3.451047
55000	0.000069	0.941554	0.000000	5.708997	3.451047
60000	0.000069	0.941223	0.000000	5.708997	3.451047
65000	0.000069	0.940891	0.000000	5.708997	3.451047
70000	0.000069	0.940557	0.000000	5.708997	3.451047
75000	0.000069	0.940222	0.000000	5.708997	3.451047
80000	0.000069	0.939884	0.000000	5.708997	3.451047
85000	0.000070	0.939546	0.000000	5.708997	3.451047
90000	0.000070	0.939205	0.000000	5.708997	3.451047
95000	0.000070	0.938863	0.000000	5.708997	3.451047
100000	0.000070	0.938519	0.000000	5.708997	3.451047

var1: 0.000032	 var2: 0.000013
gen	A2		B2		diseq		zbar		sexrat
0	0.990000	0.010000			5.709007	
5000	0.000090	0.944641	0.000000	5.568875	3.403253
10000	0.000070	0.944201	0.000000	5.690564	3.444773
15000	0.000069	0.943739	0.000000	5.706550	3.450196
20000	0.000069	0.943270	0.000000	5.708676	3.450917
25000	0.000069	0.942798	0.000000	5.708959	3.451013
30000	0.000069	0.942323	0.000000	5.708997	3.451026
35000	0.000069	0.941844	0.000000	5.709002	3.451028
40000	0.000069	0.941361	0.000000	5.709002	3.451028
45000	0.000069	0.940875	0.000000	5.709002	3.451028
50000	0.000069	0.940385	0.000000	5.709002	3.451028
55000	0.000069	0.939891	0.000000	5.709002	3.451028
60000	0.000070	0.939394	0.000000	5.709002	3.451028
65000	0.000070	0.938893	0.000000	5.709002	3.451028
70000	0.000070	0.938388	0.000000	5.709002	3.451028
75000	0.000070	0.937880	0.000000	5.709002	3.451029
80000	0.000070	0.937368	0.000000	5.709002	3.451029
85000	0.000070	0.936852	0.000000	5.709002	3.451029
90000	0.000070	0.936332	0.000000	5.709002	3.451029
95000	0.000070	0.935808	0.000000	5.709002	3.451029
100000	0.000070	0.935281	0.000000	5.709002	3.451029

var1: 0.000032	 var2: 0.000016
gen	A2		B2		diseq		zbar		sexrat
0	0.990000	0.010000			5.709007	
5000	0.000090	0.944510	0.000000	5.568869	3.403224
10000	0.000070	0.943883	0.000000	5.690570	3.444749
15000	0.000069	0.943231	0.000000	5.706557	3.450173
20000	0.000069	0.942569	0.000000	5.708683	3.450893
25000	0.000069	0.941900	0.000000	5.708966	3.450989
30000	0.000069	0.941224	0.000000	5.709004	3.451002
35000	0.000069	0.940541	0.000000	5.709009	3.451004
40000	0.000069	0.939851	0.000000	5.709009	3.451005
45000	0.000070	0.939153	0.000000	5.709010	3.451005
50000	0.000070	0.938448	0.000000	5.709009	3.451005
55000	0.000070	0.937735	0.000000	5.709009	3.451005
60000	0.000070	0.937015	0.000000	5.709009	3.451005
65000	0.000070	0.936288	0.000000	5.709009	3.451005
70000	0.000070	0.935553	0.000000	5.709009	3.451005
75000	0.000070	0.934810	0.000000	5.709009	3.451006
80000	0.000071	0.934060	0.000000	5.709009	3.451006
85000	0.000071	0.933301	0.000000	5.709009	3.451006
90000	0.000071	0.932535	0.000000	5.709009	3.451006
95000	0.000071	0.931762	0.000000	5.709009	3.451006
100000	0.000071	0.930980	0.000000	5.709009	3.451006

var1: 0.000032	 var2: 0.000020
gen	A2		B2		diseq		zbar		sexrat
0	0.990000	0.010000			5.709007	
5000	0.000091	0.944345	0.000000	5.568861	3.403189
10000	0.000070	0.943480	0.000000	5.690577	3.444719
15000	0.000069	0.942585	0.000000	5.706566	3.450143
20000	0.000069	0.941675	0.000000	5.708692	3.450864
25000	0.000069	0.940751	0.000000	5.708975	3.450960
30000	0.000069	0.939813	0.000000	5.709013	3.450973
35000	0.000070	0.938862	0.000000	5.709018	3.450975
40000	0.000070	0.937897	0.000000	5.709018	3.450975
45000	0.000070	0.936918	0.000000	5.709018	3.450976
50000	0.000070	0.935926	0.000000	5.709018	3.450976
55000	0.000070	0.934919	0.000000	5.709018	3.450976
60000	0.000071	0.933897	0.000000	5.709018	3.450976
65000	0.000071	0.932861	0.000000	5.709018	3.450976
70000	0.000071	0.931811	0.000000	5.709018	3.450977
75000	0.000071	0.930745	0.000000	5.709018	3.450977
80000	0.000071	0.929665	0.000000	5.709018	3.450977
85000	0.000072	0.928569	0.000000	5.709018	3.450977
90000	0.000072	0.927458	0.000000	5.709018	3.450978
95000	0.000072	0.926332	0.000000	5.709018	3.450978
100000	0.000072	0.925190	0.000000	5.709018	3.450978

var1: 0.000032	 var2: 0.000025
gen	A2		B2		diseq		zbar		sexrat
0	0.990000	0.010000			5.709007	
5000	0.000091	0.944138	0.000000	5.568850	3.403144
10000	0.000070	0.942970	0.000000	5.690586	3.444680
15000	0.000069	0.941763	0.000000	5.706577	3.450105
20000	0.000069	0.940530	0.000000	5.708703	3.450827
25000	0.000070	0.939273	0.000000	5.708986	3.450923
30000	0.000070	0.937991	0.000000	5.709024	3.450936
35000	0.000070	0.936685	0.000000	5.709029	3.450938
40000	0.000070	0.935354	0.000000	5.709029	3.450939
45000	0.000071	0.933997	0.000000	5.709029	3.450939
50000	0.000071	0.932614	0.000000	5.709029	3.450939
55000	0.000071	0.931204	0.000000	5.709029	3.450940
60000	0.000071	0.929768	0.000000	5.709029	3.450940
65000	0.000072	0.928305	0.000000	5.709029	3.450940
70000	0.000072	0.926814	0.000000	5.709029	3.450941
75000	0.000072	0.925295	0.000000	5.709029	3.450941
80000	0.000073	0.923748	0.000000	5.709029	3.450942
85000	0.000073	0.922172	0.000000	5.709029	3.450942
90000	0.000073	0.920567	0.000000	5.709028	3.450942
95000	0.000074	0.918933	0.000000	5.709028	3.450943
100000	0.000074	0.917268	0.000000	5.709028	3.450943

var1: 0.000032	 var2: 0.000032
gen	A2		B2		diseq		zbar		sexrat
0	0.990000	0.010000			5.709007	
5000	0.000092	0.943875	0.000000	5.568838	3.403088
10000	0.000070	0.942321	0.000000	5.690597	3.444632
15000	0.000069	0.940712	0.000000	5.706591	3.450058
20000	0.000070	0.939059	0.000000	5.708717	3.450780
25000	0.000070	0.937364	0.000000	5.709000	3.450876
30000	0.000070	0.935625	0.000000	5.709038	3.450890
35000	0.000071	0.933842	0.000000	5.709043	3.450892
40000	0.000071	0.932014	0.000000	5.709043	3.450893
45000	0.000071	0.930140	0.000000	5.709043	3.450893
50000	0.000072	0.928219	0.000000	5.709043	3.450894
55000	0.000072	0.926250	0.000000	5.709043	3.450895
60000	0.000073	0.924232	0.000000	5.709043	3.450895
65000	0.000073	0.922164	0.000000	5.709043	3.450896
70000	0.000073	0.920045	0.000000	5.709042	3.450897
75000	0.000074	0.917875	0.000000	5.709042	3.450897
80000	0.000074	0.915653	0.000000	5.709042	3.450898
85000	0.000075	0.913376	0.000000	5.709042	3.450899
90000	0.000075	0.911046	0.000000	5.709042	3.450899
95000	0.000076	0.908660	0.000000	5.709041	3.450900
100000	0.000076	0.906218	0.000000	5.709041	3.450901

