
########################### Run 1 ######################
var1: 0.000000	 var2: 0.000000
gen	A2		B2		diseq		zbar		sexrat
0	0.990000	0.000000			3.000000	
5000	0.990000	0.000000	0.000000	5.265794	0.684466
10000	0.990000	0.000000	0.000000	6.500106	0.638634
15000	0.990000	0.000000	0.000000	7.360645	0.610443
20000	0.990000	0.000000	0.000000	8.008982	0.590941
25000	0.990000	0.000000	0.000000	8.517970	0.576564
30000	0.990000	0.000000	0.000000	8.927942	0.565534
35000	0.990000	0.000000	0.000000	9.263982	0.556835
40000	0.990000	0.000000	0.000000	9.542922	0.549837
45000	0.990000	0.000000	0.000000	9.776670	0.544121
50000	0.990000	0.000000	0.000000	9.973992	0.539397
55000	0.990000	0.000000	0.000000	10.141533	0.535458
60000	0.990000	0.000000	0.000000	10.284454	0.532148
65000	0.990000	0.000000	0.000000	10.406839	0.529349
70000	0.990000	0.000000	0.000000	10.511969	0.526972
75000	0.990000	0.000000	0.000000	10.602512	0.524943
80000	0.990000	0.000000	0.000000	10.680665	0.523206
85000	0.990000	0.000000	0.000000	10.748247	0.521714
90000	0.990000	0.000000	0.000000	10.806779	0.520429
95000	0.990000	0.000000	0.000000	10.857543	0.519321
100000	0.990000	0.000000	0.000000	10.901618	0.518363

var1: 0.000000	 var2: 0.100000
gen	A2		B2		diseq		zbar		sexrat
0	0.990000	0.000000			3.000000	
5000	0.990000	0.000000	0.000000	5.265794	0.684466
10000	0.990000	0.000000	0.000000	6.500106	0.638634
15000	0.990000	0.000000	0.000000	7.360645	0.610443
20000	0.990000	0.000000	0.000000	8.008982	0.590941
25000	0.990000	0.000000	0.000000	8.517970	0.576564
30000	0.990000	0.000000	0.000000	8.927942	0.565534
35000	0.990000	0.000000	0.000000	9.263982	0.556835
40000	0.990000	0.000000	0.000000	9.542922	0.549837
45000	0.990000	0.000000	0.000000	9.776670	0.544121
50000	0.990000	0.000000	0.000000	9.973992	0.539397
55000	0.990000	0.000000	0.000000	10.141533	0.535458
60000	0.990000	0.000000	0.000000	10.284454	0.532148
65000	0.990000	0.000000	0.000000	10.406839	0.529349
70000	0.990000	0.000000	0.000000	10.511969	0.526972
75000	0.990000	0.000000	0.000000	10.602512	0.524943
80000	0.990000	0.000000	0.000000	10.680665	0.523206
85000	0.990000	0.000000	0.000000	10.748247	0.521714
90000	0.990000	0.000000	0.000000	10.806779	0.520429
95000	0.990000	0.000000	0.000000	10.857543	0.519321
100000	0.990000	0.000000	0.000000	10.901618	0.518363

var1: 0.000000	 var2: 0.200000
gen	A2		B2		diseq		zbar		sexrat
0	0.990000	0.000000			3.000000	
5000	0.990000	0.000000	0.000000	5.265794	0.684466
10000	0.990000	0.000000	0.000000	6.500106	0.638634
15000	0.990000	0.000000	0.000000	7.360645	0.610443
20000	0.990000	0.000000	0.000000	8.008982	0.590941
25000	0.990000	0.000000	0.000000	8.517970	0.576564
30000	0.990000	0.000000	0.000000	8.927942	0.565534
35000	0.990000	0.000000	0.000000	9.263982	0.556835
40000	0.990000	0.000000	0.000000	9.542922	0.549837
45000	0.990000	0.000000	0.000000	9.776670	0.544121
50000	0.990000	0.000000	0.000000	9.973992	0.539397
55000	0.990000	0.000000	0.000000	10.141533	0.535458
60000	0.990000	0.000000	0.000000	10.284454	0.532148
65000	0.990000	0.000000	0.000000	10.406839	0.529349
70000	0.990000	0.000000	0.000000	10.511969	0.526972
75000	0.990000	0.000000	0.000000	10.602512	0.524943
80000	0.990000	0.000000	0.000000	10.680665	0.523206
85000	0.990000	0.000000	0.000000	10.748247	0.521714
90000	0.990000	0.000000	0.000000	10.806779	0.520429
95000	0.990000	0.000000	0.000000	10.857543	0.519321
100000	0.990000	0.000000	0.000000	10.901618	0.518363

var1: 0.000000	 var2: 0.300000
gen	A2		B2		diseq		zbar		sexrat
0	0.990000	0.000000			3.000000	
5000	0.990000	0.000000	0.000000	5.265794	0.684466
10000	0.990000	0.000000	0.000000	6.500106	0.638634
15000	0.990000	0.000000	0.000000	7.360645	0.610443
20000	0.990000	0.000000	0.000000	8.008982	0.590941
25000	0.990000	0.000000	0.000000	8.517970	0.576564
30000	0.990000	0.000000	0.000000	8.927942	0.565534
35000	0.990000	0.000000	0.000000	9.263982	0.556835
40000	0.990000	0.000000	0.000000	9.542922	0.549837
45000	0.990000	0.000000	0.000000	9.776670	0.544121
50000	0.990000	0.000000	0.000000	9.973992	0.539397
55000	0.990000	0.000000	0.000000	10.141533	0.535458
60000	0.990000	0.000000	0.000000	10.284454	0.532148
65000	0.990000	0.000000	0.000000	10.406839	0.529349
70000	0.990000	0.000000	0.000000	10.511969	0.526972
75000	0.990000	0.000000	0.000000	10.602512	0.524943
80000	0.990000	0.000000	0.000000	10.680665	0.523206
85000	0.990000	0.000000	0.000000	10.748247	0.521714
90000	0.990000	0.000000	0.000000	10.806779	0.520429
95000	0.990000	0.000000	0.000000	10.857543	0.519321
100000	0.990000	0.000000	0.000000	10.901618	0.518363

var1: 0.000000	 var2: 0.400000
gen	A2		B2		diseq		zbar		sexrat
0	0.990000	0.000000			3.000000	
5000	0.990000	0.000000	0.000000	5.265794	0.684466
10000	0.990000	0.000000	0.000000	6.500106	0.638634
15000	0.990000	0.000000	0.000000	7.360645	0.610443
20000	0.990000	0.000000	0.000000	8.008982	0.590941
25000	0.990000	0.000000	0.000000	8.517970	0.576564
30000	0.990000	0.000000	0.000000	8.927942	0.565534
35000	0.990000	0.000000	0.000000	9.263982	0.556835
40000	0.990000	0.000000	0.000000	9.542922	0.549837
45000	0.990000	0.000000	0.000000	9.776670	0.544121
50000	0.990000	0.000000	0.000000	9.973992	0.539397
55000	0.990000	0.000000	0.000000	10.141533	0.535458
60000	0.990000	0.000000	0.000000	10.284454	0.532148
65000	0.990000	0.000000	0.000000	10.406839	0.529349
70000	0.990000	0.000000	0.000000	10.511969	0.526972
75000	0.990000	0.000000	0.000000	10.602512	0.524943
80000	0.990000	0.000000	0.000000	10.680665	0.523206
85000	0.990000	0.000000	0.000000	10.748247	0.521714
90000	0.990000	0.000000	0.000000	10.806779	0.520429
95000	0.990000	0.000000	0.000000	10.857543	0.519321
100000	0.990000	0.000000	0.000000	10.901618	0.518363

var1: 0.000000	 var2: 0.500000
gen	A2		B2		diseq		zbar		sexrat
0	0.990000	0.000000			3.000000	
5000	0.990000	0.000000	0.000000	5.265794	0.684466
10000	0.990000	0.000000	0.000000	6.500106	0.638634
15000	0.990000	0.000000	0.000000	7.360645	0.610443
20000	0.990000	0.000000	0.000000	8.008982	0.590941
25000	0.990000	0.000000	0.000000	8.517970	0.576564
30000	0.990000	0.000000	0.000000	8.927942	0.565534
35000	0.990000	0.000000	0.000000	9.263982	0.556835
40000	0.990000	0.000000	0.000000	9.542922	0.549837
45000	0.990000	0.000000	0.000000	9.776670	0.544121
50000	0.990000	0.000000	0.000000	9.973992	0.539397
55000	0.990000	0.000000	0.000000	10.141533	0.535458
60000	0.990000	0.000000	0.000000	10.284454	0.532148
65000	0.990000	0.000000	0.000000	10.406839	0.529349
70000	0.990000	0.000000	0.000000	10.511969	0.526972
75000	0.990000	0.000000	0.000000	10.602512	0.524943
80000	0.990000	0.000000	0.000000	10.680665	0.523206
85000	0.990000	0.000000	0.000000	10.748247	0.521714
90000	0.990000	0.000000	0.000000	10.806779	0.520429
95000	0.990000	0.000000	0.000000	10.857543	0.519321
100000	0.990000	0.000000	0.000000	10.901618	0.518363

var1: 0.000000	 var2: 0.600000
gen	A2		B2		diseq		zbar		sexrat
0	0.990000	0.000000			3.000000	
5000	0.990000	0.000000	0.000000	5.265794	0.684466
10000	0.990000	0.000000	0.000000	6.500106	0.638634
15000	0.990000	0.000000	0.000000	7.360645	0.610443
20000	0.990000	0.000000	0.000000	8.008982	0.590941
25000	0.990000	0.000000	0.000000	8.517970	0.576564
30000	0.990000	0.000000	0.000000	8.927942	0.565534
35000	0.990000	0.000000	0.000000	9.263982	0.556835
40000	0.990000	0.000000	0.000000	9.542922	0.549837
45000	0.990000	0.000000	0.000000	9.776670	0.544121
50000	0.990000	0.000000	0.000000	9.973992	0.539397
55000	0.990000	0.000000	0.000000	10.141533	0.535458
60000	0.990000	0.000000	0.000000	10.284454	0.532148
65000	0.990000	0.000000	0.000000	10.406839	0.529349
70000	0.990000	0.000000	0.000000	10.511969	0.526972
75000	0.990000	0.000000	0.000000	10.602512	0.524943
80000	0.990000	0.000000	0.000000	10.680665	0.523206
85000	0.990000	0.000000	0.000000	10.748247	0.521714
90000	0.990000	0.000000	0.000000	10.806779	0.520429
95000	0.990000	0.000000	0.000000	10.857543	0.519321
100000	0.990000	0.000000	0.000000	10.901618	0.518363

var1: 0.000000	 var2: 0.700000
gen	A2		B2		diseq		zbar		sexrat
0	0.990000	0.000000			3.000000	
5000	0.990000	0.000000	0.000000	5.265794	0.684466
10000	0.990000	0.000000	0.000000	6.500106	0.638634
15000	0.990000	0.000000	0.000000	7.360645	0.610443
20000	0.990000	0.000000	0.000000	8.008982	0.590941
25000	0.990000	0.000000	0.000000	8.517970	0.576564
30000	0.990000	0.000000	0.000000	8.927942	0.565534
35000	0.990000	0.000000	0.000000	9.263982	0.556835
40000	0.990000	0.000000	0.000000	9.542922	0.549837
45000	0.990000	0.000000	0.000000	9.776670	0.544121
50000	0.990000	0.000000	0.000000	9.973992	0.539397
55000	0.990000	0.000000	0.000000	10.141533	0.535458
60000	0.990000	0.000000	0.000000	10.284454	0.532148
65000	0.990000	0.000000	0.000000	10.406839	0.529349
70000	0.990000	0.000000	0.000000	10.511969	0.526972
75000	0.990000	0.000000	0.000000	10.602512	0.524943
80000	0.990000	0.000000	0.000000	10.680665	0.523206
85000	0.990000	0.000000	0.000000	10.748247	0.521714
90000	0.990000	0.000000	0.000000	10.806779	0.520429
95000	0.990000	0.000000	0.000000	10.857543	0.519321
100000	0.990000	0.000000	0.000000	10.901618	0.518363

var1: 0.000000	 var2: 0.800000
gen	A2		B2		diseq		zbar		sexrat
0	0.990000	0.000000			3.000000	
5000	0.990000	0.000000	0.000000	5.265794	0.684466
10000	0.990000	0.000000	0.000000	6.500106	0.638634
15000	0.990000	0.000000	0.000000	7.360645	0.610443
20000	0.990000	0.000000	0.000000	8.008982	0.590941
25000	0.990000	0.000000	0.000000	8.517970	0.576564
30000	0.990000	0.000000	0.000000	8.927942	0.565534
35000	0.990000	0.000000	0.000000	9.263982	0.556835
40000	0.990000	0.000000	0.000000	9.542922	0.549837
45000	0.990000	0.000000	0.000000	9.776670	0.544121
50000	0.990000	0.000000	0.000000	9.973992	0.539397
55000	0.990000	0.000000	0.000000	10.141533	0.535458
60000	0.990000	0.000000	0.000000	10.284454	0.532148
65000	0.990000	0.000000	0.000000	10.406839	0.529349
70000	0.990000	0.000000	0.000000	10.511969	0.526972
75000	0.990000	0.000000	0.000000	10.602512	0.524943
80000	0.990000	0.000000	0.000000	10.680665	0.523206
85000	0.990000	0.000000	0.000000	10.748247	0.521714
90000	0.990000	0.000000	0.000000	10.806779	0.520429
95000	0.990000	0.000000	0.000000	10.857543	0.519321
100000	0.990000	0.000000	0.000000	10.901618	0.518363

var1: 0.000000	 var2: 0.900000
gen	A2		B2		diseq		zbar		sexrat
0	0.990000	0.000000			3.000000	
5000	0.990000	0.000000	0.000000	5.265794	0.684466
10000	0.990000	0.000000	0.000000	6.500106	0.638634
15000	0.990000	0.000000	0.000000	7.360645	0.610443
20000	0.990000	0.000000	0.000000	8.008982	0.590941
25000	0.990000	0.000000	0.000000	8.517970	0.576564
30000	0.990000	0.000000	0.000000	8.927942	0.565534
35000	0.990000	0.000000	0.000000	9.263982	0.556835
40000	0.990000	0.000000	0.000000	9.542922	0.549837
45000	0.990000	0.000000	0.000000	9.776670	0.544121
50000	0.990000	0.000000	0.000000	9.973992	0.539397
55000	0.990000	0.000000	0.000000	10.141533	0.535458
60000	0.990000	0.000000	0.000000	10.284454	0.532148
65000	0.990000	0.000000	0.000000	10.406839	0.529349
70000	0.990000	0.000000	0.000000	10.511969	0.526972
75000	0.990000	0.000000	0.000000	10.602512	0.524943
80000	0.990000	0.000000	0.000000	10.680665	0.523206
85000	0.990000	0.000000	0.000000	10.748247	0.521714
90000	0.990000	0.000000	0.000000	10.806779	0.520429
95000	0.990000	0.000000	0.000000	10.857543	0.519321
100000	0.990000	0.000000	0.000000	10.901618	0.518363

var1: 0.000000	 var2: 1.000000
gen	A2		B2		diseq		zbar		sexrat
0	0.990000	0.000000			3.000000	
5000	0.990000	0.000000	0.000000	5.265794	0.684466
10000	0.990000	0.000000	0.000000	6.500106	0.638634
15000	0.990000	0.000000	0.000000	7.360645	0.610443
20000	0.990000	0.000000	0.000000	8.008982	0.590941
25000	0.990000	0.000000	0.000000	8.517970	0.576564
30000	0.990000	0.000000	0.000000	8.927942	0.565534
35000	0.990000	0.000000	0.000000	9.263982	0.556835
40000	0.990000	0.000000	0.000000	9.542922	0.549837
45000	0.990000	0.000000	0.000000	9.776670	0.544121
50000	0.990000	0.000000	0.000000	9.973992	0.539397
55000	0.990000	0.000000	0.000000	10.141533	0.535458
60000	0.990000	0.000000	0.000000	10.284454	0.532148
65000	0.990000	0.000000	0.000000	10.406839	0.529349
70000	0.990000	0.000000	0.000000	10.511969	0.526972
75000	0.990000	0.000000	0.000000	10.602512	0.524943
80000	0.990000	0.000000	0.000000	10.680665	0.523206
85000	0.990000	0.000000	0.000000	10.748247	0.521714
90000	0.990000	0.000000	0.000000	10.806779	0.520429
95000	0.990000	0.000000	0.000000	10.857543	0.519321
100000	0.990000	0.000000	0.000000	10.901618	0.518363

var1: 0.000000	 var2: 1.100000
gen	A2		B2		diseq		zbar		sexrat
0	0.990000	0.000000			3.000000	
5000	0.990000	0.000000	0.000000	5.265794	0.684466
10000	0.990000	0.000000	0.000000	6.500106	0.638634
15000	0.990000	0.000000	0.000000	7.360645	0.610443
20000	0.990000	0.000000	0.000000	8.008982	0.590941
25000	0.990000	0.000000	0.000000	8.517970	0.576564
30000	0.990000	0.000000	0.000000	8.927942	0.565534
35000	0.990000	0.000000	0.000000	9.263982	0.556835
40000	0.990000	0.000000	0.000000	9.542922	0.549837
45000	0.990000	0.000000	0.000000	9.776670	0.544121
50000	0.990000	0.000000	0.000000	9.973992	0.539397
55000	0.990000	0.000000	0.000000	10.141533	0.535458
60000	0.990000	0.000000	0.000000	10.284454	0.532148
65000	0.990000	0.000000	0.000000	10.406839	0.529349
70000	0.990000	0.000000	0.000000	10.511969	0.526972
75000	0.990000	0.000000	0.000000	10.602512	0.524943
80000	0.990000	0.000000	0.000000	10.680665	0.523206
85000	0.990000	0.000000	0.000000	10.748247	0.521714
90000	0.990000	0.000000	0.000000	10.806779	0.520429
95000	0.990000	0.000000	0.000000	10.857543	0.519321
100000	0.990000	0.000000	0.000000	10.901618	0.518363

var1: 0.000000	 var2: 1.200000
gen	A2		B2		diseq		zbar		sexrat
0	0.990000	0.000000			3.000000	
5000	0.990000	0.000000	0.000000	5.265794	0.684466
10000	0.990000	0.000000	0.000000	6.500106	0.638634
15000	0.990000	0.000000	0.000000	7.360645	0.610443
20000	0.990000	0.000000	0.000000	8.008982	0.590941
25000	0.990000	0.000000	0.000000	8.517970	0.576564
30000	0.990000	0.000000	0.000000	8.927942	0.565534
35000	0.990000	0.000000	0.000000	9.263982	0.556835
40000	0.990000	0.000000	0.000000	9.542922	0.549837
45000	0.990000	0.000000	0.000000	9.776670	0.544121
50000	0.990000	0.000000	0.000000	9.973992	0.539397
55000	0.990000	0.000000	0.000000	10.141533	0.535458
60000	0.990000	0.000000	0.000000	10.284454	0.532148
65000	0.990000	0.000000	0.000000	10.406839	0.529349
70000	0.990000	0.000000	0.000000	10.511969	0.526972
75000	0.990000	0.000000	0.000000	10.602512	0.524943
80000	0.990000	0.000000	0.000000	10.680665	0.523206
85000	0.990000	0.000000	0.000000	10.748247	0.521714
90000	0.990000	0.000000	0.000000	10.806779	0.520429
95000	0.990000	0.000000	0.000000	10.857543	0.519321
100000	0.990000	0.000000	0.000000	10.901618	0.518363

var1: 0.000000	 var2: 1.300000
gen	A2		B2		diseq		zbar		sexrat
0	0.990000	0.000000			3.000000	
5000	0.990000	0.000000	0.000000	5.265794	0.684466
10000	0.990000	0.000000	0.000000	6.500106	0.638634
15000	0.990000	0.000000	0.000000	7.360645	0.610443
20000	0.990000	0.000000	0.000000	8.008982	0.590941
25000	0.990000	0.000000	0.000000	8.517970	0.576564
30000	0.990000	0.000000	0.000000	8.927942	0.565534
35000	0.990000	0.000000	0.000000	9.263982	0.556835
40000	0.990000	0.000000	0.000000	9.542922	0.549837
45000	0.990000	0.000000	0.000000	9.776670	0.544121
50000	0.990000	0.000000	0.000000	9.973992	0.539397
55000	0.990000	0.000000	0.000000	10.141533	0.535458
60000	0.990000	0.000000	0.000000	10.284454	0.532148
65000	0.990000	0.000000	0.000000	10.406839	0.529349
70000	0.990000	0.000000	0.000000	10.511969	0.526972
75000	0.990000	0.000000	0.000000	10.602512	0.524943
80000	0.990000	0.000000	0.000000	10.680665	0.523206
85000	0.990000	0.000000	0.000000	10.748247	0.521714
90000	0.990000	0.000000	0.000000	10.806779	0.520429
95000	0.990000	0.000000	0.000000	10.857543	0.519321
100000	0.990000	0.000000	0.000000	10.901618	0.518363

var1: 0.000000	 var2: 1.400000
gen	A2		B2		diseq		zbar		sexrat
0	0.990000	0.000000			3.000000	
5000	0.990000	0.000000	0.000000	5.265794	0.684466
10000	0.990000	0.000000	0.000000	6.500106	0.638634
15000	0.990000	0.000000	0.000000	7.360645	0.610443
20000	0.990000	0.000000	0.000000	8.008982	0.590941
25000	0.990000	0.000000	0.000000	8.517970	0.576564
30000	0.990000	0.000000	0.000000	8.927942	0.565534
35000	0.990000	0.000000	0.000000	9.263982	0.556835
40000	0.990000	0.000000	0.000000	9.542922	0.549837
45000	0.990000	0.000000	0.000000	9.776670	0.544121
50000	0.990000	0.000000	0.000000	9.973992	0.539397
55000	0.990000	0.000000	0.000000	10.141533	0.535458
60000	0.990000	0.000000	0.000000	10.284454	0.532148
65000	0.990000	0.000000	0.000000	10.406839	0.529349
70000	0.990000	0.000000	0.000000	10.511969	0.526972
75000	0.990000	0.000000	0.000000	10.602512	0.524943
80000	0.990000	0.000000	0.000000	10.680665	0.523206
85000	0.990000	0.000000	0.000000	10.748247	0.521714
90000	0.990000	0.000000	0.000000	10.806779	0.520429
95000	0.990000	0.000000	0.000000	10.857543	0.519321
100000	0.990000	0.000000	0.000000	10.901618	0.518363

var1: 0.000000	 var2: 1.500000
gen	A2		B2		diseq		zbar		sexrat
0	0.990000	0.000000			3.000000	
5000	0.990000	0.000000	0.000000	5.265794	0.684466
10000	0.990000	0.000000	0.000000	6.500106	0.638634
15000	0.990000	0.000000	0.000000	7.360645	0.610443
20000	0.990000	0.000000	0.000000	8.008982	0.590941
25000	0.990000	0.000000	0.000000	8.517970	0.576564
30000	0.990000	0.000000	0.000000	8.927942	0.565534
35000	0.990000	0.000000	0.000000	9.263982	0.556835
40000	0.990000	0.000000	0.000000	9.542922	0.549837
45000	0.990000	0.000000	0.000000	9.776670	0.544121
50000	0.990000	0.000000	0.000000	9.973992	0.539397
55000	0.990000	0.000000	0.000000	10.141533	0.535458
60000	0.990000	0.000000	0.000000	10.284454	0.532148
65000	0.990000	0.000000	0.000000	10.406839	0.529349
70000	0.990000	0.000000	0.000000	10.511969	0.526972
75000	0.990000	0.000000	0.000000	10.602512	0.524943
80000	0.990000	0.000000	0.000000	10.680665	0.523206
85000	0.990000	0.000000	0.000000	10.748247	0.521714
90000	0.990000	0.000000	0.000000	10.806779	0.520429
95000	0.990000	0.000000	0.000000	10.857543	0.519321
100000	0.990000	0.000000	0.000000	10.901618	0.518363

var1: 0.000000	 var2: 1.600000
gen	A2		B2		diseq		zbar		sexrat
0	0.990000	0.000000			3.000000	
5000	0.990000	0.000000	0.000000	5.265794	0.684466
10000	0.990000	0.000000	0.000000	6.500106	0.638634
15000	0.990000	0.000000	0.000000	7.360645	0.610443
20000	0.990000	0.000000	0.000000	8.008982	0.590941
25000	0.990000	0.000000	0.000000	8.517970	0.576564
30000	0.990000	0.000000	0.000000	8.927942	0.565534
35000	0.990000	0.000000	0.000000	9.263982	0.556835
40000	0.990000	0.000000	0.000000	9.542922	0.549837
45000	0.990000	0.000000	0.000000	9.776670	0.544121
50000	0.990000	0.000000	0.000000	9.973992	0.539397
55000	0.990000	0.000000	0.000000	10.141533	0.535458
60000	0.990000	0.000000	0.000000	10.284454	0.532148
65000	0.990000	0.000000	0.000000	10.406839	0.529349
70000	0.990000	0.000000	0.000000	10.511969	0.526972
75000	0.990000	0.000000	0.000000	10.602512	0.524943
80000	0.990000	0.000000	0.000000	10.680665	0.523206
85000	0.990000	0.000000	0.000000	10.748247	0.521714
90000	0.990000	0.000000	0.000000	10.806779	0.520429
95000	0.990000	0.000000	0.000000	10.857543	0.519321
100000	0.990000	0.000000	0.000000	10.901618	0.518363

var1: 0.000000	 var2: 1.700000
gen	A2		B2		diseq		zbar		sexrat
0	0.990000	0.000000			3.000000	
5000	0.990000	0.000000	0.000000	5.265794	0.684466
10000	0.990000	0.000000	0.000000	6.500106	0.638634
15000	0.990000	0.000000	0.000000	7.360645	0.610443
20000	0.990000	0.000000	0.000000	8.008982	0.590941
25000	0.990000	0.000000	0.000000	8.517970	0.576564
30000	0.990000	0.000000	0.000000	8.927942	0.565534
35000	0.990000	0.000000	0.000000	9.263982	0.556835
40000	0.990000	0.000000	0.000000	9.542922	0.549837
45000	0.990000	0.000000	0.000000	9.776670	0.544121
50000	0.990000	0.000000	0.000000	9.973992	0.539397
55000	0.990000	0.000000	0.000000	10.141533	0.535458
60000	0.990000	0.000000	0.000000	10.284454	0.532148
65000	0.990000	0.000000	0.000000	10.406839	0.529349
70000	0.990000	0.000000	0.000000	10.511969	0.526972
75000	0.990000	0.000000	0.000000	10.602512	0.524943
80000	0.990000	0.000000	0.000000	10.680665	0.523206
85000	0.990000	0.000000	0.000000	10.748247	0.521714
90000	0.990000	0.000000	0.000000	10.806779	0.520429
95000	0.990000	0.000000	0.000000	10.857543	0.519321
100000	0.990000	0.000000	0.000000	10.901618	0.518363

var1: 0.000000	 var2: 1.800000
gen	A2		B2		diseq		zbar		sexrat
0	0.990000	0.000000			3.000000	
5000	0.990000	0.000000	0.000000	5.265794	0.684466
10000	0.990000	0.000000	0.000000	6.500106	0.638634
15000	0.990000	0.000000	0.000000	7.360645	0.610443
20000	0.990000	0.000000	0.000000	8.008982	0.590941
25000	0.990000	0.000000	0.000000	8.517970	0.576564
30000	0.990000	0.000000	0.000000	8.927942	0.565534
35000	0.990000	0.000000	0.000000	9.263982	0.556835
40000	0.990000	0.000000	0.000000	9.542922	0.549837
45000	0.990000	0.000000	0.000000	9.776670	0.544121
50000	0.990000	0.000000	0.000000	9.973992	0.539397
55000	0.990000	0.000000	0.000000	10.141533	0.535458
60000	0.990000	0.000000	0.000000	10.284454	0.532148
65000	0.990000	0.000000	0.000000	10.406839	0.529349
70000	0.990000	0.000000	0.000000	10.511969	0.526972
75000	0.990000	0.000000	0.000000	10.602512	0.524943
80000	0.990000	0.000000	0.000000	10.680665	0.523206
85000	0.990000	0.000000	0.000000	10.748247	0.521714
90000	0.990000	0.000000	0.000000	10.806779	0.520429
95000	0.990000	0.000000	0.000000	10.857543	0.519321
100000	0.990000	0.000000	0.000000	10.901618	0.518363

var1: 0.000000	 var2: 1.900000
gen	A2		B2		diseq		zbar		sexrat
0	0.990000	0.000000			3.000000	
5000	0.990000	0.000000	0.000000	5.265794	0.684466
10000	0.990000	0.000000	0.000000	6.500106	0.638634
15000	0.990000	0.000000	0.000000	7.360645	0.610443
20000	0.990000	0.000000	0.000000	8.008982	0.590941
25000	0.990000	0.000000	0.000000	8.517970	0.576564
30000	0.990000	0.000000	0.000000	8.927942	0.565534
35000	0.990000	0.000000	0.000000	9.263982	0.556835
40000	0.990000	0.000000	0.000000	9.542922	0.549837
45000	0.990000	0.000000	0.000000	9.776670	0.544121
50000	0.990000	0.000000	0.000000	9.973992	0.539397
55000	0.990000	0.000000	0.000000	10.141533	0.535458
60000	0.990000	0.000000	0.000000	10.284454	0.532148
65000	0.990000	0.000000	0.000000	10.406839	0.529349
70000	0.990000	0.000000	0.000000	10.511969	0.526972
75000	0.990000	0.000000	0.000000	10.602512	0.524943
80000	0.990000	0.000000	0.000000	10.680665	0.523206
85000	0.990000	0.000000	0.000000	10.748247	0.521714
90000	0.990000	0.000000	0.000000	10.806779	0.520429
95000	0.990000	0.000000	0.000000	10.857543	0.519321
100000	0.990000	0.000000	0.000000	10.901618	0.518363

var1: 0.000000	 var2: 2.000000
gen	A2		B2		diseq		zbar		sexrat
0	0.990000	0.000000			3.000000	
5000	0.990000	0.000000	0.000000	5.265794	0.684466
10000	0.990000	0.000000	0.000000	6.500106	0.638634
15000	0.990000	0.000000	0.000000	7.360645	0.610443
20000	0.990000	0.000000	0.000000	8.008982	0.590941
25000	0.990000	0.000000	0.000000	8.517970	0.576564
30000	0.990000	0.000000	0.000000	8.927942	0.565534
35000	0.990000	0.000000	0.000000	9.263982	0.556835
40000	0.990000	0.000000	0.000000	9.542922	0.549837
45000	0.990000	0.000000	0.000000	9.776670	0.544121
50000	0.990000	0.000000	0.000000	9.973992	0.539397
55000	0.990000	0.000000	0.000000	10.141533	0.535458
60000	0.990000	0.000000	0.000000	10.284454	0.532148
65000	0.990000	0.000000	0.000000	10.406839	0.529349
70000	0.990000	0.000000	0.000000	10.511969	0.526972
75000	0.990000	0.000000	0.000000	10.602512	0.524943
80000	0.990000	0.000000	0.000000	10.680665	0.523206
85000	0.990000	0.000000	0.000000	10.748247	0.521714
90000	0.990000	0.000000	0.000000	10.806779	0.520429
95000	0.990000	0.000000	0.000000	10.857543	0.519321
100000	0.990000	0.000000	0.000000	10.901618	0.518363

var1: 0.000000	 var2: 2.100000
gen	A2		B2		diseq		zbar		sexrat
0	0.990000	0.000000			3.000000	
5000	0.990000	0.000000	0.000000	5.265794	0.684466
10000	0.990000	0.000000	0.000000	6.500106	0.638634
15000	0.990000	0.000000	0.000000	7.360645	0.610443
20000	0.990000	0.000000	0.000000	8.008982	0.590941
25000	0.990000	0.000000	0.000000	8.517970	0.576564
30000	0.990000	0.000000	0.000000	8.927942	0.565534
35000	0.990000	0.000000	0.000000	9.263982	0.556835
40000	0.990000	0.000000	0.000000	9.542922	0.549837
45000	0.990000	0.000000	0.000000	9.776670	0.544121
50000	0.990000	0.000000	0.000000	9.973992	0.539397
55000	0.990000	0.000000	0.000000	10.141533	0.535458
60000	0.990000	0.000000	0.000000	10.284454	0.532148
65000	0.990000	0.000000	0.000000	10.406839	0.529349
70000	0.990000	0.000000	0.000000	10.511969	0.526972
75000	0.990000	0.000000	0.000000	10.602512	0.524943
80000	0.990000	0.000000	0.000000	10.680665	0.523206
85000	0.990000	0.000000	0.000000	10.748247	0.521714
90000	0.990000	0.000000	0.000000	10.806779	0.520429
95000	0.990000	0.000000	0.000000	10.857543	0.519321
100000	0.990000	0.000000	0.000000	10.901618	0.518363

var1: 0.000000	 var2: 2.200000
gen	A2		B2		diseq		zbar		sexrat
0	0.990000	0.000000			3.000000	
5000	0.990000	0.000000	0.000000	5.265794	0.684466
10000	0.990000	0.000000	0.000000	6.500106	0.638634
15000	0.990000	0.000000	0.000000	7.360645	0.610443
20000	0.990000	0.000000	0.000000	8.008982	0.590941
25000	0.990000	0.000000	0.000000	8.517970	0.576564
30000	0.990000	0.000000	0.000000	8.927942	0.565534
35000	0.990000	0.000000	0.000000	9.263982	0.556835
40000	0.990000	0.000000	0.000000	9.542922	0.549837
45000	0.990000	0.000000	0.000000	9.776670	0.544121
50000	0.990000	0.000000	0.000000	9.973992	0.539397
55000	0.990000	0.000000	0.000000	10.141533	0.535458
60000	0.990000	0.000000	0.000000	10.284454	0.532148
65000	0.990000	0.000000	0.000000	10.406839	0.529349
70000	0.990000	0.000000	0.000000	10.511969	0.526972
75000	0.990000	0.000000	0.000000	10.602512	0.524943
80000	0.990000	0.000000	0.000000	10.680665	0.523206
85000	0.990000	0.000000	0.000000	10.748247	0.521714
90000	0.990000	0.000000	0.000000	10.806779	0.520429
95000	0.990000	0.000000	0.000000	10.857543	0.519321
100000	0.990000	0.000000	0.000000	10.901618	0.518363

var1: 0.000000	 var2: 2.300000
gen	A2		B2		diseq		zbar		sexrat
0	0.990000	0.000000			3.000000	
5000	0.990000	0.000000	0.000000	5.265794	0.684466
10000	0.990000	0.000000	0.000000	6.500106	0.638634
15000	0.990000	0.000000	0.000000	7.360645	0.610443
20000	0.990000	0.000000	0.000000	8.008982	0.590941
25000	0.990000	0.000000	0.000000	8.517970	0.576564
30000	0.990000	0.000000	0.000000	8.927942	0.565534
35000	0.990000	0.000000	0.000000	9.263982	0.556835
40000	0.990000	0.000000	0.000000	9.542922	0.549837
45000	0.990000	0.000000	0.000000	9.776670	0.544121
50000	0.990000	0.000000	0.000000	9.973992	0.539397
55000	0.990000	0.000000	0.000000	10.141533	0.535458
60000	0.990000	0.000000	0.000000	10.284454	0.532148
65000	0.990000	0.000000	0.000000	10.406839	0.529349
70000	0.990000	0.000000	0.000000	10.511969	0.526972
75000	0.990000	0.000000	0.000000	10.602512	0.524943
80000	0.990000	0.000000	0.000000	10.680665	0.523206
85000	0.990000	0.000000	0.000000	10.748247	0.521714
90000	0.990000	0.000000	0.000000	10.806779	0.520429
95000	0.990000	0.000000	0.000000	10.857543	0.519321
100000	0.990000	0.000000	0.000000	10.901618	0.518363

var1: 0.000000	 var2: 2.400000
gen	A2		B2		diseq		zbar		sexrat
0	0.990000	0.000000			3.000000	
5000	0.990000	0.000000	0.000000	5.265794	0.684466
10000	0.990000	0.000000	0.000000	6.500106	0.638634
15000	0.990000	0.000000	0.000000	7.360645	0.610443
20000	0.990000	0.000000	0.000000	8.008982	0.590941
25000	0.990000	0.000000	0.000000	8.517970	0.576564
30000	0.990000	0.000000	0.000000	8.927942	0.565534
35000	0.990000	0.000000	0.000000	9.263982	0.556835
40000	0.990000	0.000000	0.000000	9.542922	0.549837
45000	0.990000	0.000000	0.000000	9.776670	0.544121
50000	0.990000	0.000000	0.000000	9.973992	0.539397
55000	0.990000	0.000000	0.000000	10.141533	0.535458
60000	0.990000	0.000000	0.000000	10.284454	0.532148
65000	0.990000	0.000000	0.000000	10.406839	0.529349
70000	0.990000	0.000000	0.000000	10.511969	0.526972
75000	0.990000	0.000000	0.000000	10.602512	0.524943
80000	0.990000	0.000000	0.000000	10.680665	0.523206
85000	0.990000	0.000000	0.000000	10.748247	0.521714
90000	0.990000	0.000000	0.000000	10.806779	0.520429
95000	0.990000	0.000000	0.000000	10.857543	0.519321
100000	0.990000	0.000000	0.000000	10.901618	0.518363

var1: 0.000000	 var2: 2.500000
gen	A2		B2		diseq		zbar		sexrat
0	0.990000	0.000000			3.000000	
5000	0.990000	0.000000	0.000000	5.265794	0.684466
10000	0.990000	0.000000	0.000000	6.500106	0.638634
15000	0.990000	0.000000	0.000000	7.360645	0.610443
20000	0.990000	0.000000	0.000000	8.008982	0.590941
25000	0.990000	0.000000	0.000000	8.517970	0.576564
30000	0.990000	0.000000	0.000000	8.927942	0.565534
35000	0.990000	0.000000	0.000000	9.263982	0.556835
40000	0.990000	0.000000	0.000000	9.542922	0.549837
45000	0.990000	0.000000	0.000000	9.776670	0.544121
50000	0.990000	0.000000	0.000000	9.973992	0.539397
55000	0.990000	0.000000	0.000000	10.141533	0.535458
60000	0.990000	0.000000	0.000000	10.284454	0.532148
65000	0.990000	0.000000	0.000000	10.406839	0.529349
70000	0.990000	0.000000	0.000000	10.511969	0.526972
75000	0.990000	0.000000	0.000000	10.602512	0.524943
80000	0.990000	0.000000	0.000000	10.680665	0.523206
85000	0.990000	0.000000	0.000000	10.748247	0.521714
90000	0.990000	0.000000	0.000000	10.806779	0.520429
95000	0.990000	0.000000	0.000000	10.857543	0.519321
100000	0.990000	0.000000	0.000000	10.901618	0.518363

var1: 0.000000	 var2: 2.600000
gen	A2		B2		diseq		zbar		sexrat
0	0.990000	0.000000			3.000000	
5000	0.990000	0.000000	0.000000	5.265794	0.684466
10000	0.990000	0.000000	0.000000	6.500106	0.638634
15000	0.990000	0.000000	0.000000	7.360645	0.610443
20000	0.990000	0.000000	0.000000	8.008982	0.590941
25000	0.990000	0.000000	0.000000	8.517970	0.576564
30000	0.990000	0.000000	0.000000	8.927942	0.565534
35000	0.990000	0.000000	0.000000	9.263982	0.556835
40000	0.990000	0.000000	0.000000	9.542922	0.549837
45000	0.990000	0.000000	0.000000	9.776670	0.544121
50000	0.990000	0.000000	0.000000	9.973992	0.539397
55000	0.990000	0.000000	0.000000	10.141533	0.535458
60000	0.990000	0.000000	0.000000	10.284454	0.532148
65000	0.990000	0.000000	0.000000	10.406839	0.529349
70000	0.990000	0.000000	0.000000	10.511969	0.526972
75000	0.990000	0.000000	0.000000	10.602512	0.524943
80000	0.990000	0.000000	0.000000	10.680665	0.523206
85000	0.990000	0.000000	0.000000	10.748247	0.521714
90000	0.990000	0.000000	0.000000	10.806779	0.520429
95000	0.990000	0.000000	0.000000	10.857543	0.519321
100000	0.990000	0.000000	0.000000	10.901618	0.518363

var1: 0.000000	 var2: 2.700000
gen	A2		B2		diseq		zbar		sexrat
0	0.990000	0.000000			3.000000	
5000	0.990000	0.000000	0.000000	5.265794	0.684466
10000	0.990000	0.000000	0.000000	6.500106	0.638634
15000	0.990000	0.000000	0.000000	7.360645	0.610443
20000	0.990000	0.000000	0.000000	8.008982	0.590941
25000	0.990000	0.000000	0.000000	8.517970	0.576564
30000	0.990000	0.000000	0.000000	8.927942	0.565534
35000	0.990000	0.000000	0.000000	9.263982	0.556835
40000	0.990000	0.000000	0.000000	9.542922	0.549837
45000	0.990000	0.000000	0.000000	9.776670	0.544121
50000	0.990000	0.000000	0.000000	9.973992	0.539397
55000	0.990000	0.000000	0.000000	10.141533	0.535458
60000	0.990000	0.000000	0.000000	10.284454	0.532148
65000	0.990000	0.000000	0.000000	10.406839	0.529349
70000	0.990000	0.000000	0.000000	10.511969	0.526972
75000	0.990000	0.000000	0.000000	10.602512	0.524943
80000	0.990000	0.000000	0.000000	10.680665	0.523206
85000	0.990000	0.000000	0.000000	10.748247	0.521714
90000	0.990000	0.000000	0.000000	10.806779	0.520429
95000	0.990000	0.000000	0.000000	10.857543	0.519321
100000	0.990000	0.000000	0.000000	10.901618	0.518363

var1: 0.000000	 var2: 2.800000
gen	A2		B2		diseq		zbar		sexrat
0	0.990000	0.000000			3.000000	
5000	0.990000	0.000000	0.000000	5.265794	0.684466
10000	0.990000	0.000000	0.000000	6.500106	0.638634
15000	0.990000	0.000000	0.000000	7.360645	0.610443
20000	0.990000	0.000000	0.000000	8.008982	0.590941
25000	0.990000	0.000000	0.000000	8.517970	0.576564
30000	0.990000	0.000000	0.000000	8.927942	0.565534
35000	0.990000	0.000000	0.000000	9.263982	0.556835
40000	0.990000	0.000000	0.000000	9.542922	0.549837
45000	0.990000	0.000000	0.000000	9.776670	0.544121
50000	0.990000	0.000000	0.000000	9.973992	0.539397
55000	0.990000	0.000000	0.000000	10.141533	0.535458
60000	0.990000	0.000000	0.000000	10.284454	0.532148
65000	0.990000	0.000000	0.000000	10.406839	0.529349
70000	0.990000	0.000000	0.000000	10.511969	0.526972
75000	0.990000	0.000000	0.000000	10.602512	0.524943
80000	0.990000	0.000000	0.000000	10.680665	0.523206
85000	0.990000	0.000000	0.000000	10.748247	0.521714
90000	0.990000	0.000000	0.000000	10.806779	0.520429
95000	0.990000	0.000000	0.000000	10.857543	0.519321
100000	0.990000	0.000000	0.000000	10.901618	0.518363

var1: 0.000000	 var2: 2.900000
gen	A2		B2		diseq		zbar		sexrat
0	0.990000	0.000000			3.000000	
5000	0.990000	0.000000	0.000000	5.265794	0.684466
10000	0.990000	0.000000	0.000000	6.500106	0.638634
15000	0.990000	0.000000	0.000000	7.360645	0.610443
20000	0.990000	0.000000	0.000000	8.008982	0.590941
25000	0.990000	0.000000	0.000000	8.517970	0.576564
30000	0.990000	0.000000	0.000000	8.927942	0.565534
35000	0.990000	0.000000	0.000000	9.263982	0.556835
40000	0.990000	0.000000	0.000000	9.542922	0.549837
45000	0.990000	0.000000	0.000000	9.776670	0.544121
50000	0.990000	0.000000	0.000000	9.973992	0.539397
55000	0.990000	0.000000	0.000000	10.141533	0.535458
60000	0.990000	0.000000	0.000000	10.284454	0.532148
65000	0.990000	0.000000	0.000000	10.406839	0.529349
70000	0.990000	0.000000	0.000000	10.511969	0.526972
75000	0.990000	0.000000	0.000000	10.602512	0.524943
80000	0.990000	0.000000	0.000000	10.680665	0.523206
85000	0.990000	0.000000	0.000000	10.748247	0.521714
90000	0.990000	0.000000	0.000000	10.806779	0.520429
95000	0.990000	0.000000	0.000000	10.857543	0.519321
100000	0.990000	0.000000	0.000000	10.901618	0.518363

var1: 0.000000	 var2: 3.000000
gen	A2		B2		diseq		zbar		sexrat
0	0.990000	0.000000			3.000000	
5000	0.990000	0.000000	0.000000	5.265794	0.684466
10000	0.990000	0.000000	0.000000	6.500106	0.638634
15000	0.990000	0.000000	0.000000	7.360645	0.610443
20000	0.990000	0.000000	0.000000	8.008982	0.590941
25000	0.990000	0.000000	0.000000	8.517970	0.576564
30000	0.990000	0.000000	0.000000	8.927942	0.565534
35000	0.990000	0.000000	0.000000	9.263982	0.556835
40000	0.990000	0.000000	0.000000	9.542922	0.549837
45000	0.990000	0.000000	0.000000	9.776670	0.544121
50000	0.990000	0.000000	0.000000	9.973992	0.539397
55000	0.990000	0.000000	0.000000	10.141533	0.535458
60000	0.990000	0.000000	0.000000	10.284454	0.532148
65000	0.990000	0.000000	0.000000	10.406839	0.529349
70000	0.990000	0.000000	0.000000	10.511969	0.526972
75000	0.990000	0.000000	0.000000	10.602512	0.524943
80000	0.990000	0.000000	0.000000	10.680665	0.523206
85000	0.990000	0.000000	0.000000	10.748247	0.521714
90000	0.990000	0.000000	0.000000	10.806779	0.520429
95000	0.990000	0.000000	0.000000	10.857543	0.519321
100000	0.990000	0.000000	0.000000	10.901618	0.518363

var1: 0.000000	 var2: 3.100000
gen	A2		B2		diseq		zbar		sexrat
0	0.990000	0.000000			3.000000	
5000	0.990000	0.000000	0.000000	5.265794	0.684466
10000	0.990000	0.000000	0.000000	6.500106	0.638634
15000	0.990000	0.000000	0.000000	7.360645	0.610443
20000	0.990000	0.000000	0.000000	8.008982	0.590941
25000	0.990000	0.000000	0.000000	8.517970	0.576564
30000	0.990000	0.000000	0.000000	8.927942	0.565534
35000	0.990000	0.000000	0.000000	9.263982	0.556835
40000	0.990000	0.000000	0.000000	9.542922	0.549837
45000	0.990000	0.000000	0.000000	9.776670	0.544121
50000	0.990000	0.000000	0.000000	9.973992	0.539397
55000	0.990000	0.000000	0.000000	10.141533	0.535458
60000	0.990000	0.000000	0.000000	10.284454	0.532148
65000	0.990000	0.000000	0.000000	10.406839	0.529349
70000	0.990000	0.000000	0.000000	10.511969	0.526972
75000	0.990000	0.000000	0.000000	10.602512	0.524943
80000	0.990000	0.000000	0.000000	10.680665	0.523206
85000	0.990000	0.000000	0.000000	10.748247	0.521714
90000	0.990000	0.000000	0.000000	10.806779	0.520429
95000	0.990000	0.000000	0.000000	10.857543	0.519321
100000	0.990000	0.000000	0.000000	10.901618	0.518363

var1: 0.000000	 var2: 3.200000
gen	A2		B2		diseq		zbar		sexrat
0	0.990000	0.000000			3.000000	
5000	0.990000	0.000000	0.000000	5.265794	0.684466
10000	0.990000	0.000000	0.000000	6.500106	0.638634
15000	0.990000	0.000000	0.000000	7.360645	0.610443
20000	0.990000	0.000000	0.000000	8.008982	0.590941
25000	0.990000	0.000000	0.000000	8.517970	0.576564
30000	0.990000	0.000000	0.000000	8.927942	0.565534
35000	0.990000	0.000000	0.000000	9.263982	0.556835
40000	0.990000	0.000000	0.000000	9.542922	0.549837
45000	0.990000	0.000000	0.000000	9.776670	0.544121
50000	0.990000	0.000000	0.000000	9.973992	0.539397
55000	0.990000	0.000000	0.000000	10.141533	0.535458
60000	0.990000	0.000000	0.000000	10.284454	0.532148
65000	0.990000	0.000000	0.000000	10.406839	0.529349
70000	0.990000	0.000000	0.000000	10.511969	0.526972
75000	0.990000	0.000000	0.000000	10.602512	0.524943
80000	0.990000	0.000000	0.000000	10.680665	0.523206
85000	0.990000	0.000000	0.000000	10.748247	0.521714
90000	0.990000	0.000000	0.000000	10.806779	0.520429
95000	0.990000	0.000000	0.000000	10.857543	0.519321
100000	0.990000	0.000000	0.000000	10.901618	0.518363

var1: 0.000000	 var2: 3.300000
gen	A2		B2		diseq		zbar		sexrat
0	0.990000	0.000000			3.000000	
5000	0.990000	0.000000	0.000000	5.265794	0.684466
10000	0.990000	0.000000	0.000000	6.500106	0.638634
15000	0.990000	0.000000	0.000000	7.360645	0.610443
20000	0.990000	0.000000	0.000000	8.008982	0.590941
25000	0.990000	0.000000	0.000000	8.517970	0.576564
30000	0.990000	0.000000	0.000000	8.927942	0.565534
35000	0.990000	0.000000	0.000000	9.263982	0.556835
40000	0.990000	0.000000	0.000000	9.542922	0.549837
45000	0.990000	0.000000	0.000000	9.776670	0.544121
50000	0.990000	0.000000	0.000000	9.973992	0.539397
55000	0.990000	0.000000	0.000000	10.141533	0.535458
60000	0.990000	0.000000	0.000000	10.284454	0.532148
65000	0.990000	0.000000	0.000000	10.406839	0.529349
70000	0.990000	0.000000	0.000000	10.511969	0.526972
75000	0.990000	0.000000	0.000000	10.602512	0.524943
80000	0.990000	0.000000	0.000000	10.680665	0.523206
85000	0.990000	0.000000	0.000000	10.748247	0.521714
90000	0.990000	0.000000	0.000000	10.806779	0.520429
95000	0.990000	0.000000	0.000000	10.857543	0.519321
100000	0.990000	0.000000	0.000000	10.901618	0.518363

var1: 0.000000	 var2: 3.400000
gen	A2		B2		diseq		zbar		sexrat
0	0.990000	0.000000			3.000000	
5000	0.990000	0.000000	0.000000	5.265794	0.684466
10000	0.990000	0.000000	0.000000	6.500106	0.638634
15000	0.990000	0.000000	0.000000	7.360645	0.610443
20000	0.990000	0.000000	0.000000	8.008982	0.590941
25000	0.990000	0.000000	0.000000	8.517970	0.576564
30000	0.990000	0.000000	0.000000	8.927942	0.565534
35000	0.990000	0.000000	0.000000	9.263982	0.556835
40000	0.990000	0.000000	0.000000	9.542922	0.549837
45000	0.990000	0.000000	0.000000	9.776670	0.544121
50000	0.990000	0.000000	0.000000	9.973992	0.539397
55000	0.990000	0.000000	0.000000	10.141533	0.535458
60000	0.990000	0.000000	0.000000	10.284454	0.532148
65000	0.990000	0.000000	0.000000	10.406839	0.529349
70000	0.990000	0.000000	0.000000	10.511969	0.526972
75000	0.990000	0.000000	0.000000	10.602512	0.524943
80000	0.990000	0.000000	0.000000	10.680665	0.523206
85000	0.990000	0.000000	0.000000	10.748247	0.521714
90000	0.990000	0.000000	0.000000	10.806779	0.520429
95000	0.990000	0.000000	0.000000	10.857543	0.519321
100000	0.990000	0.000000	0.000000	10.901618	0.518363

var1: 0.000000	 var2: 3.500000
gen	A2		B2		diseq		zbar		sexrat
0	0.990000	0.000000			3.000000	
5000	0.990000	0.000000	0.000000	5.265794	0.684466
10000	0.990000	0.000000	0.000000	6.500106	0.638634
15000	0.990000	0.000000	0.000000	7.360645	0.610443
20000	0.990000	0.000000	0.000000	8.008982	0.590941
25000	0.990000	0.000000	0.000000	8.517970	0.576564
30000	0.990000	0.000000	0.000000	8.927942	0.565534
35000	0.990000	0.000000	0.000000	9.263982	0.556835
40000	0.990000	0.000000	0.000000	9.542922	0.549837
45000	0.990000	0.000000	0.000000	9.776670	0.544121
50000	0.990000	0.000000	0.000000	9.973992	0.539397
55000	0.990000	0.000000	0.000000	10.141533	0.535458
60000	0.990000	0.000000	0.000000	10.284454	0.532148
65000	0.990000	0.000000	0.000000	10.406839	0.529349
70000	0.990000	0.000000	0.000000	10.511969	0.526972
75000	0.990000	0.000000	0.000000	10.602512	0.524943
80000	0.990000	0.000000	0.000000	10.680665	0.523206
85000	0.990000	0.000000	0.000000	10.748247	0.521714
90000	0.990000	0.000000	0.000000	10.806779	0.520429
95000	0.990000	0.000000	0.000000	10.857543	0.519321
100000	0.990000	0.000000	0.000000	10.901618	0.518363

var1: 0.000000	 var2: 3.600000
gen	A2		B2		diseq		zbar		sexrat
0	0.990000	0.000000			3.000000	
5000	0.990000	0.000000	0.000000	5.265794	0.684466
10000	0.990000	0.000000	0.000000	6.500106	0.638634
15000	0.990000	0.000000	0.000000	7.360645	0.610443
20000	0.990000	0.000000	0.000000	8.008982	0.590941
25000	0.990000	0.000000	0.000000	8.517970	0.576564
30000	0.990000	0.000000	0.000000	8.927942	0.565534
35000	0.990000	0.000000	0.000000	9.263982	0.556835
40000	0.990000	0.000000	0.000000	9.542922	0.549837
45000	0.990000	0.000000	0.000000	9.776670	0.544121
50000	0.990000	0.000000	0.000000	9.973992	0.539397
55000	0.990000	0.000000	0.000000	10.141533	0.535458
60000	0.990000	0.000000	0.000000	10.284454	0.532148
65000	0.990000	0.000000	0.000000	10.406839	0.529349
70000	0.990000	0.000000	0.000000	10.511969	0.526972
75000	0.990000	0.000000	0.000000	10.602512	0.524943
80000	0.990000	0.000000	0.000000	10.680665	0.523206
85000	0.990000	0.000000	0.000000	10.748247	0.521714
90000	0.990000	0.000000	0.000000	10.806779	0.520429
95000	0.990000	0.000000	0.000000	10.857543	0.519321
100000	0.990000	0.000000	0.000000	10.901618	0.518363

var1: 0.000000	 var2: 3.700000
gen	A2		B2		diseq		zbar		sexrat
0	0.990000	0.000000			3.000000	
5000	0.990000	0.000000	0.000000	5.265794	0.684466
10000	0.990000	0.000000	0.000000	6.500106	0.638634
15000	0.990000	0.000000	0.000000	7.360645	0.610443
20000	0.990000	0.000000	0.000000	8.008982	0.590941
25000	0.990000	0.000000	0.000000	8.517970	0.576564
30000	0.990000	0.000000	0.000000	8.927942	0.565534
35000	0.990000	0.000000	0.000000	9.263982	0.556835
40000	0.990000	0.000000	0.000000	9.542922	0.549837
45000	0.990000	0.000000	0.000000	9.776670	0.544121
50000	0.990000	0.000000	0.000000	9.973992	0.539397
55000	0.990000	0.000000	0.000000	10.141533	0.535458
60000	0.990000	0.000000	0.000000	10.284454	0.532148
65000	0.990000	0.000000	0.000000	10.406839	0.529349
70000	0.990000	0.000000	0.000000	10.511969	0.526972
75000	0.990000	0.000000	0.000000	10.602512	0.524943
80000	0.990000	0.000000	0.000000	10.680665	0.523206
85000	0.990000	0.000000	0.000000	10.748247	0.521714
90000	0.990000	0.000000	0.000000	10.806779	0.520429
95000	0.990000	0.000000	0.000000	10.857543	0.519321
100000	0.990000	0.000000	0.000000	10.901618	0.518363

var1: 0.000000	 var2: 3.800000
gen	A2		B2		diseq		zbar		sexrat
0	0.990000	0.000000			3.000000	
5000	0.990000	0.000000	0.000000	5.265794	0.684466
10000	0.990000	0.000000	0.000000	6.500106	0.638634
15000	0.990000	0.000000	0.000000	7.360645	0.610443
20000	0.990000	0.000000	0.000000	8.008982	0.590941
25000	0.990000	0.000000	0.000000	8.517970	0.576564
30000	0.990000	0.000000	0.000000	8.927942	0.565534
35000	0.990000	0.000000	0.000000	9.263982	0.556835
40000	0.990000	0.000000	0.000000	9.542922	0.549837
45000	0.990000	0.000000	0.000000	9.776670	0.544121
50000	0.990000	0.000000	0.000000	9.973992	0.539397
55000	0.990000	0.000000	0.000000	10.141533	0.535458
60000	0.990000	0.000000	0.000000	10.284454	0.532148
65000	0.990000	0.000000	0.000000	10.406839	0.529349
70000	0.990000	0.000000	0.000000	10.511969	0.526972
75000	0.990000	0.000000	0.000000	10.602512	0.524943
80000	0.990000	0.000000	0.000000	10.680665	0.523206
85000	0.990000	0.000000	0.000000	10.748247	0.521714
90000	0.990000	0.000000	0.000000	10.806779	0.520429
95000	0.990000	0.000000	0.000000	10.857543	0.519321
100000	0.990000	0.000000	0.000000	10.901618	0.518363

var1: 0.000000	 var2: 3.900000
gen	A2		B2		diseq		zbar		sexrat
0	0.990000	0.000000			3.000000	
5000	0.990000	0.000000	0.000000	5.265794	0.684466
10000	0.990000	0.000000	0.000000	6.500106	0.638634
15000	0.990000	0.000000	0.000000	7.360645	0.610443
20000	0.990000	0.000000	0.000000	8.008982	0.590941
25000	0.990000	0.000000	0.000000	8.517970	0.576564
30000	0.990000	0.000000	0.000000	8.927942	0.565534
35000	0.990000	0.000000	0.000000	9.263982	0.556835
40000	0.990000	0.000000	0.000000	9.542922	0.549837
45000	0.990000	0.000000	0.000000	9.776670	0.544121
50000	0.990000	0.000000	0.000000	9.973992	0.539397
55000	0.990000	0.000000	0.000000	10.141533	0.535458
60000	0.990000	0.000000	0.000000	10.284454	0.532148
65000	0.990000	0.000000	0.000000	10.406839	0.529349
70000	0.990000	0.000000	0.000000	10.511969	0.526972
75000	0.990000	0.000000	0.000000	10.602512	0.524943
80000	0.990000	0.000000	0.000000	10.680665	0.523206
85000	0.990000	0.000000	0.000000	10.748247	0.521714
90000	0.990000	0.000000	0.000000	10.806779	0.520429
95000	0.990000	0.000000	0.000000	10.857543	0.519321
100000	0.990000	0.000000	0.000000	10.901618	0.518363

var1: 0.000000	 var2: 4.000000
gen	A2		B2		diseq		zbar		sexrat
0	0.990000	0.000000			3.000000	
5000	0.990000	0.000000	0.000000	5.265794	0.684466
10000	0.990000	0.000000	0.000000	6.500106	0.638634
15000	0.990000	0.000000	0.000000	7.360645	0.610443
20000	0.990000	0.000000	0.000000	8.008982	0.590941
25000	0.990000	0.000000	0.000000	8.517970	0.576564
30000	0.990000	0.000000	0.000000	8.927942	0.565534
35000	0.990000	0.000000	0.000000	9.263982	0.556835
40000	0.990000	0.000000	0.000000	9.542922	0.549837
45000	0.990000	0.000000	0.000000	9.776670	0.544121
50000	0.990000	0.000000	0.000000	9.973992	0.539397
55000	0.990000	0.000000	0.000000	10.141533	0.535458
60000	0.990000	0.000000	0.000000	10.284454	0.532148
65000	0.990000	0.000000	0.000000	10.406839	0.529349
70000	0.990000	0.000000	0.000000	10.511969	0.526972
75000	0.990000	0.000000	0.000000	10.602512	0.524943
80000	0.990000	0.000000	0.000000	10.680665	0.523206
85000	0.990000	0.000000	0.000000	10.748247	0.521714
90000	0.990000	0.000000	0.000000	10.806779	0.520429
95000	0.990000	0.000000	0.000000	10.857543	0.519321
100000	0.990000	0.000000	0.000000	10.901618	0.518363

var1: 0.002500	 var2: 0.000000
gen	A2		B2		diseq		zbar		sexrat
0	0.990000	0.000000			3.000000	
5000	0.990000	0.000000	0.000000	5.258566	0.744646
10000	0.990000	0.000000	0.000000	6.443070	0.705574
15000	0.990000	0.000000	0.000000	7.236518	0.681912
20000	0.990000	0.000000	0.000000	7.809702	0.665921
25000	0.990000	0.000000	0.000000	8.240427	0.654463
30000	0.990000	0.000000	0.000000	8.572005	0.645949
35000	0.990000	0.000000	0.000000	8.831402	0.639465
40000	0.990000	0.000000	0.000000	9.036646	0.634442
45000	0.990000	0.000000	0.000000	9.200396	0.630499
50000	0.990000	0.000000	0.000000	9.331859	0.627375
55000	0.990000	0.000000	0.000000	9.437905	0.624882
60000	0.990000	0.000000	0.000000	9.523767	0.622879
65000	0.990000	0.000000	0.000000	9.593490	0.621265
70000	0.990000	0.000000	0.000000	9.650239	0.619958
75000	0.990000	0.000000	0.000000	9.696513	0.618897
80000	0.990000	0.000000	0.000000	9.734301	0.618033
85000	0.990000	0.000000	0.000000	9.765198	0.617330
90000	0.990000	0.000000	0.000000	9.790484	0.616755
95000	0.990000	0.000000	0.000000	9.811194	0.616285
100000	0.990000	0.000000	0.000000	9.828167	0.615901

var1: 0.002500	 var2: 0.100000
gen	A2		B2		diseq		zbar		sexrat
0	0.990000	0.000000			3.000000	
5000	0.990000	0.000000	0.000000	5.258566	0.744646
10000	0.990000	0.000000	0.000000	6.443070	0.705574
15000	0.990000	0.000000	0.000000	7.236518	0.681912
20000	0.990000	0.000000	0.000000	7.809702	0.665921
25000	0.990000	0.000000	0.000000	8.240427	0.654463
30000	0.990000	0.000000	0.000000	8.572005	0.645949
35000	0.990000	0.000000	0.000000	8.831402	0.639465
40000	0.990000	0.000000	0.000000	9.036646	0.634442
45000	0.990000	0.000000	0.000000	9.200396	0.630499
50000	0.990000	0.000000	0.000000	9.331859	0.627375
55000	0.990000	0.000000	0.000000	9.437905	0.624882
60000	0.990000	0.000000	0.000000	9.523767	0.622879
65000	0.990000	0.000000	0.000000	9.593490	0.621265
70000	0.990000	0.000000	0.000000	9.650239	0.619958
75000	0.990000	0.000000	0.000000	9.696513	0.618897
80000	0.990000	0.000000	0.000000	9.734301	0.618033
85000	0.990000	0.000000	0.000000	9.765198	0.617330
90000	0.990000	0.000000	0.000000	9.790484	0.616755
95000	0.990000	0.000000	0.000000	9.811194	0.616285
100000	0.990000	0.000000	0.000000	9.828167	0.615901

var1: 0.002500	 var2: 0.200000
gen	A2		B2		diseq		zbar		sexrat
0	0.990000	0.000000			3.000000	
5000	0.990000	0.000000	0.000000	5.258566	0.744646
10000	0.990000	0.000000	0.000000	6.443070	0.705574
15000	0.990000	0.000000	0.000000	7.236518	0.681912
20000	0.990000	0.000000	0.000000	7.809702	0.665921
25000	0.990000	0.000000	0.000000	8.240427	0.654463
30000	0.990000	0.000000	0.000000	8.572005	0.645949
35000	0.990000	0.000000	0.000000	8.831402	0.639465
40000	0.990000	0.000000	0.000000	9.036646	0.634442
45000	0.990000	0.000000	0.000000	9.200396	0.630499
50000	0.990000	0.000000	0.000000	9.331859	0.627375
55000	0.990000	0.000000	0.000000	9.437905	0.624882
60000	0.990000	0.000000	0.000000	9.523767	0.622879
65000	0.990000	0.000000	0.000000	9.593490	0.621265
70000	0.990000	0.000000	0.000000	9.650239	0.619958
75000	0.990000	0.000000	0.000000	9.696513	0.618897
80000	0.990000	0.000000	0.000000	9.734301	0.618033
85000	0.990000	0.000000	0.000000	9.765198	0.617330
90000	0.990000	0.000000	0.000000	9.790484	0.616755
95000	0.990000	0.000000	0.000000	9.811194	0.616285
100000	0.990000	0.000000	0.000000	9.828167	0.615901

var1: 0.002500	 var2: 0.300000
gen	A2		B2		diseq		zbar		sexrat
0	0.990000	0.000000			3.000000	
5000	0.990000	0.000000	0.000000	5.258566	0.744646
10000	0.990000	0.000000	0.000000	6.443070	0.705574
15000	0.990000	0.000000	0.000000	7.236518	0.681912
20000	0.990000	0.000000	0.000000	7.809702	0.665921
25000	0.990000	0.000000	0.000000	8.240427	0.654463
30000	0.990000	0.000000	0.000000	8.572005	0.645949
35000	0.990000	0.000000	0.000000	8.831402	0.639465
40000	0.990000	0.000000	0.000000	9.036646	0.634442
45000	0.990000	0.000000	0.000000	9.200396	0.630499
50000	0.990000	0.000000	0.000000	9.331859	0.627375
55000	0.990000	0.000000	0.000000	9.437905	0.624882
60000	0.990000	0.000000	0.000000	9.523767	0.622879
65000	0.990000	0.000000	0.000000	9.593490	0.621265
70000	0.990000	0.000000	0.000000	9.650239	0.619958
75000	0.990000	0.000000	0.000000	9.696513	0.618897
80000	0.990000	0.000000	0.000000	9.734301	0.618033
85000	0.990000	0.000000	0.000000	9.765198	0.617330
90000	0.990000	0.000000	0.000000	9.790484	0.616755
95000	0.990000	0.000000	0.000000	9.811194	0.616285
100000	0.990000	0.000000	0.000000	9.828167	0.615901

var1: 0.002500	 var2: 0.400000
gen	A2		B2		diseq		zbar		sexrat
0	0.990000	0.000000			3.000000	
5000	0.990000	0.000000	0.000000	5.258566	0.744646
10000	0.990000	0.000000	0.000000	6.443070	0.705574
15000	0.990000	0.000000	0.000000	7.236518	0.681912
20000	0.990000	0.000000	0.000000	7.809702	0.665921
25000	0.990000	0.000000	0.000000	8.240427	0.654463
30000	0.990000	0.000000	0.000000	8.572005	0.645949
35000	0.990000	0.000000	0.000000	8.831402	0.639465
40000	0.990000	0.000000	0.000000	9.036646	0.634442
45000	0.990000	0.000000	0.000000	9.200396	0.630499
50000	0.990000	0.000000	0.000000	9.331859	0.627375
55000	0.990000	0.000000	0.000000	9.437905	0.624882
60000	0.990000	0.000000	0.000000	9.523767	0.622879
65000	0.990000	0.000000	0.000000	9.593490	0.621265
70000	0.990000	0.000000	0.000000	9.650239	0.619958
75000	0.990000	0.000000	0.000000	9.696513	0.618897
80000	0.990000	0.000000	0.000000	9.734301	0.618033
85000	0.990000	0.000000	0.000000	9.765198	0.617330
90000	0.990000	0.000000	0.000000	9.790484	0.616755
95000	0.990000	0.000000	0.000000	9.811194	0.616285
100000	0.990000	0.000000	0.000000	9.828167	0.615901

var1: 0.002500	 var2: 0.500000
gen	A2		B2		diseq		zbar		sexrat
0	0.990000	0.000000			3.000000	
5000	0.990000	0.000000	0.000000	5.258566	0.744646
10000	0.990000	0.000000	0.000000	6.443070	0.705574
15000	0.990000	0.000000	0.000000	7.236518	0.681912
20000	0.990000	0.000000	0.000000	7.809702	0.665921
25000	0.990000	0.000000	0.000000	8.240427	0.654463
30000	0.990000	0.000000	0.000000	8.572005	0.645949
35000	0.990000	0.000000	0.000000	8.831402	0.639465
40000	0.990000	0.000000	0.000000	9.036646	0.634442
45000	0.990000	0.000000	0.000000	9.200396	0.630499
50000	0.990000	0.000000	0.000000	9.331859	0.627375
55000	0.990000	0.000000	0.000000	9.437905	0.624882
60000	0.990000	0.000000	0.000000	9.523767	0.622879
65000	0.990000	0.000000	0.000000	9.593490	0.621265
70000	0.990000	0.000000	0.000000	9.650239	0.619958
75000	0.990000	0.000000	0.000000	9.696513	0.618897
80000	0.990000	0.000000	0.000000	9.734301	0.618033
85000	0.990000	0.000000	0.000000	9.765198	0.617330
90000	0.990000	0.000000	0.000000	9.790484	0.616755
95000	0.990000	0.000000	0.000000	9.811194	0.616285
100000	0.990000	0.000000	0.000000	9.828167	0.615901

var1: 0.002500	 var2: 0.600000
gen	A2		B2		diseq		zbar		sexrat
0	0.990000	0.000000			3.000000	
5000	0.990000	0.000000	0.000000	5.258566	0.744646
10000	0.990000	0.000000	0.000000	6.443070	0.705574
15000	0.990000	0.000000	0.000000	7.236518	0.681912
20000	0.990000	0.000000	0.000000	7.809702	0.665921
25000	0.990000	0.000000	0.000000	8.240427	0.654463
30000	0.990000	0.000000	0.000000	8.572005	0.645949
35000	0.990000	0.000000	0.000000	8.831402	0.639465
40000	0.990000	0.000000	0.000000	9.036646	0.634442
45000	0.990000	0.000000	0.000000	9.200396	0.630499
50000	0.990000	0.000000	0.000000	9.331859	0.627375
55000	0.990000	0.000000	0.000000	9.437905	0.624882
60000	0.990000	0.000000	0.000000	9.523767	0.622879
65000	0.990000	0.000000	0.000000	9.593490	0.621265
70000	0.990000	0.000000	0.000000	9.650239	0.619958
75000	0.990000	0.000000	0.000000	9.696513	0.618897
80000	0.990000	0.000000	0.000000	9.734301	0.618033
85000	0.990000	0.000000	0.000000	9.765198	0.617330
90000	0.990000	0.000000	0.000000	9.790484	0.616755
95000	0.990000	0.000000	0.000000	9.811194	0.616285
100000	0.990000	0.000000	0.000000	9.828167	0.615901

var1: 0.002500	 var2: 0.700000
gen	A2		B2		diseq		zbar		sexrat
0	0.990000	0.000000			3.000000	
5000	0.990000	0.000000	0.000000	5.258566	0.744646
10000	0.990000	0.000000	0.000000	6.443070	0.705574
15000	0.990000	0.000000	0.000000	7.236518	0.681912
20000	0.990000	0.000000	0.000000	7.809702	0.665921
25000	0.990000	0.000000	0.000000	8.240427	0.654463
30000	0.990000	0.000000	0.000000	8.572005	0.645949
35000	0.990000	0.000000	0.000000	8.831402	0.639465
40000	0.990000	0.000000	0.000000	9.036646	0.634442
45000	0.990000	0.000000	0.000000	9.200396	0.630499
50000	0.990000	0.000000	0.000000	9.331859	0.627375
55000	0.990000	0.000000	0.000000	9.437905	0.624882
60000	0.990000	0.000000	0.000000	9.523767	0.622879
65000	0.990000	0.000000	0.000000	9.593490	0.621265
70000	0.990000	0.000000	0.000000	9.650239	0.619958
75000	0.990000	0.000000	0.000000	9.696513	0.618897
80000	0.990000	0.000000	0.000000	9.734301	0.618033
85000	0.990000	0.000000	0.000000	9.765198	0.617330
90000	0.990000	0.000000	0.000000	9.790484	0.616755
95000	0.990000	0.000000	0.000000	9.811194	0.616285
100000	0.990000	0.000000	0.000000	9.828167	0.615901

var1: 0.002500	 var2: 0.800000
gen	A2		B2		diseq		zbar		sexrat
0	0.990000	0.000000			3.000000	
5000	0.990000	0.000000	0.000000	5.258566	0.744646
10000	0.990000	0.000000	0.000000	6.443070	0.705574
15000	0.990000	0.000000	0.000000	7.236518	0.681912
20000	0.990000	0.000000	0.000000	7.809702	0.665921
25000	0.990000	0.000000	0.000000	8.240427	0.654463
30000	0.990000	0.000000	0.000000	8.572005	0.645949
35000	0.990000	0.000000	0.000000	8.831402	0.639465
40000	0.990000	0.000000	0.000000	9.036646	0.634442
45000	0.990000	0.000000	0.000000	9.200396	0.630499
50000	0.990000	0.000000	0.000000	9.331859	0.627375
55000	0.990000	0.000000	0.000000	9.437905	0.624882
60000	0.990000	0.000000	0.000000	9.523767	0.622879
65000	0.990000	0.000000	0.000000	9.593490	0.621265
70000	0.990000	0.000000	0.000000	9.650239	0.619958
75000	0.990000	0.000000	0.000000	9.696513	0.618897
80000	0.990000	0.000000	0.000000	9.734301	0.618033
85000	0.990000	0.000000	0.000000	9.765198	0.617330
90000	0.990000	0.000000	0.000000	9.790484	0.616755
95000	0.990000	0.000000	0.000000	9.811194	0.616285
100000	0.990000	0.000000	0.000000	9.828167	0.615901

var1: 0.002500	 var2: 0.900000
gen	A2		B2		diseq		zbar		sexrat
0	0.990000	0.000000			3.000000	
5000	0.990000	0.000000	0.000000	5.258566	0.744646
10000	0.990000	0.000000	0.000000	6.443070	0.705574
15000	0.990000	0.000000	0.000000	7.236518	0.681912
20000	0.990000	0.000000	0.000000	7.809702	0.665921
25000	0.990000	0.000000	0.000000	8.240427	0.654463
30000	0.990000	0.000000	0.000000	8.572005	0.645949
35000	0.990000	0.000000	0.000000	8.831402	0.639465
40000	0.990000	0.000000	0.000000	9.036646	0.634442
45000	0.990000	0.000000	0.000000	9.200396	0.630499
50000	0.990000	0.000000	0.000000	9.331859	0.627375
55000	0.990000	0.000000	0.000000	9.437905	0.624882
60000	0.990000	0.000000	0.000000	9.523767	0.622879
65000	0.990000	0.000000	0.000000	9.593490	0.621265
70000	0.990000	0.000000	0.000000	9.650239	0.619958
75000	0.990000	0.000000	0.000000	9.696513	0.618897
80000	0.990000	0.000000	0.000000	9.734301	0.618033
85000	0.990000	0.000000	0.000000	9.765198	0.617330
90000	0.990000	0.000000	0.000000	9.790484	0.616755
95000	0.990000	0.000000	0.000000	9.811194	0.616285
100000	0.990000	0.000000	0.000000	9.828167	0.615901

var1: 0.002500	 var2: 1.000000
gen	A2		B2		diseq		zbar		sexrat
0	0.990000	0.000000			3.000000	
5000	0.990000	0.000000	0.000000	5.258566	0.744646
10000	0.990000	0.000000	0.000000	6.443070	0.705574
15000	0.990000	0.000000	0.000000	7.236518	0.681912
20000	0.990000	0.000000	0.000000	7.809702	0.665921
25000	0.990000	0.000000	0.000000	8.240427	0.654463
30000	0.990000	0.000000	0.000000	8.572005	0.645949
35000	0.990000	0.000000	0.000000	8.831402	0.639465
40000	0.990000	0.000000	0.000000	9.036646	0.634442
45000	0.990000	0.000000	0.000000	9.200396	0.630499
50000	0.990000	0.000000	0.000000	9.331859	0.627375
55000	0.990000	0.000000	0.000000	9.437905	0.624882
60000	0.990000	0.000000	0.000000	9.523767	0.622879
65000	0.990000	0.000000	0.000000	9.593490	0.621265
70000	0.990000	0.000000	0.000000	9.650239	0.619958
75000	0.990000	0.000000	0.000000	9.696513	0.618897
80000	0.990000	0.000000	0.000000	9.734301	0.618033
85000	0.990000	0.000000	0.000000	9.765198	0.617330
90000	0.990000	0.000000	0.000000	9.790484	0.616755
95000	0.990000	0.000000	0.000000	9.811194	0.616285
100000	0.990000	0.000000	0.000000	9.828167	0.615901

var1: 0.002500	 var2: 1.100000
gen	A2		B2		diseq		zbar		sexrat
0	0.990000	0.000000			3.000000	
5000	0.990000	0.000000	0.000000	5.258566	0.744646
10000	0.990000	0.000000	0.000000	6.443070	0.705574
15000	0.990000	0.000000	0.000000	7.236518	0.681912
20000	0.990000	0.000000	0.000000	7.809702	0.665921
25000	0.990000	0.000000	0.000000	8.240427	0.654463
30000	0.990000	0.000000	0.000000	8.572005	0.645949
35000	0.990000	0.000000	0.000000	8.831402	0.639465
40000	0.990000	0.000000	0.000000	9.036646	0.634442
45000	0.990000	0.000000	0.000000	9.200396	0.630499
50000	0.990000	0.000000	0.000000	9.331859	0.627375
55000	0.990000	0.000000	0.000000	9.437905	0.624882
60000	0.990000	0.000000	0.000000	9.523767	0.622879
65000	0.990000	0.000000	0.000000	9.593490	0.621265
70000	0.990000	0.000000	0.000000	9.650239	0.619958
75000	0.990000	0.000000	0.000000	9.696513	0.618897
80000	0.990000	0.000000	0.000000	9.734301	0.618033
85000	0.990000	0.000000	0.000000	9.765198	0.617330
90000	0.990000	0.000000	0.000000	9.790484	0.616755
95000	0.990000	0.000000	0.000000	9.811194	0.616285
100000	0.990000	0.000000	0.000000	9.828167	0.615901

var1: 0.002500	 var2: 1.200000
gen	A2		B2		diseq		zbar		sexrat
0	0.990000	0.000000			3.000000	
5000	0.990000	0.000000	0.000000	5.258566	0.744646
10000	0.990000	0.000000	0.000000	6.443070	0.705574
15000	0.990000	0.000000	0.000000	7.236518	0.681912
20000	0.990000	0.000000	0.000000	7.809702	0.665921
25000	0.990000	0.000000	0.000000	8.240427	0.654463
30000	0.990000	0.000000	0.000000	8.572005	0.645949
35000	0.990000	0.000000	0.000000	8.831402	0.639465
40000	0.990000	0.000000	0.000000	9.036646	0.634442
45000	0.990000	0.000000	0.000000	9.200396	0.630499
50000	0.990000	0.000000	0.000000	9.331859	0.627375
55000	0.990000	0.000000	0.000000	9.437905	0.624882
60000	0.990000	0.000000	0.000000	9.523767	0.622879
65000	0.990000	0.000000	0.000000	9.593490	0.621265
70000	0.990000	0.000000	0.000000	9.650239	0.619958
75000	0.990000	0.000000	0.000000	9.696513	0.618897
80000	0.990000	0.000000	0.000000	9.734301	0.618033
85000	0.990000	0.000000	0.000000	9.765198	0.617330
90000	0.990000	0.000000	0.000000	9.790484	0.616755
95000	0.990000	0.000000	0.000000	9.811194	0.616285
100000	0.990000	0.000000	0.000000	9.828167	0.615901

var1: 0.002500	 var2: 1.300000
gen	A2		B2		diseq		zbar		sexrat
0	0.990000	0.000000			3.000000	
5000	0.990000	0.000000	0.000000	5.258566	0.744646
10000	0.990000	0.000000	0.000000	6.443070	0.705574
15000	0.990000	0.000000	0.000000	7.236518	0.681912
20000	0.990000	0.000000	0.000000	7.809702	0.665921
25000	0.990000	0.000000	0.000000	8.240427	0.654463
30000	0.990000	0.000000	0.000000	8.572005	0.645949
35000	0.990000	0.000000	0.000000	8.831402	0.639465
40000	0.990000	0.000000	0.000000	9.036646	0.634442
45000	0.990000	0.000000	0.000000	9.200396	0.630499
50000	0.990000	0.000000	0.000000	9.331859	0.627375
55000	0.990000	0.000000	0.000000	9.437905	0.624882
60000	0.990000	0.000000	0.000000	9.523767	0.622879
65000	0.990000	0.000000	0.000000	9.593490	0.621265
70000	0.990000	0.000000	0.000000	9.650239	0.619958
75000	0.990000	0.000000	0.000000	9.696513	0.618897
80000	0.990000	0.000000	0.000000	9.734301	0.618033
85000	0.990000	0.000000	0.000000	9.765198	0.617330
90000	0.990000	0.000000	0.000000	9.790484	0.616755
95000	0.990000	0.000000	0.000000	9.811194	0.616285
100000	0.990000	0.000000	0.000000	9.828167	0.615901

var1: 0.002500	 var2: 1.400000
gen	A2		B2		diseq		zbar		sexrat
0	0.990000	0.000000			3.000000	
5000	0.990000	0.000000	0.000000	5.258566	0.744646
10000	0.990000	0.000000	0.000000	6.443070	0.705574
15000	0.990000	0.000000	0.000000	7.236518	0.681912
20000	0.990000	0.000000	0.000000	7.809702	0.665921
25000	0.990000	0.000000	0.000000	8.240427	0.654463
30000	0.990000	0.000000	0.000000	8.572005	0.645949
35000	0.990000	0.000000	0.000000	8.831402	0.639465
40000	0.990000	0.000000	0.000000	9.036646	0.634442
45000	0.990000	0.000000	0.000000	9.200396	0.630499
50000	0.990000	0.000000	0.000000	9.331859	0.627375
55000	0.990000	0.000000	0.000000	9.437905	0.624882
60000	0.990000	0.000000	0.000000	9.523767	0.622879
65000	0.990000	0.000000	0.000000	9.593490	0.621265
70000	0.990000	0.000000	0.000000	9.650239	0.619958
75000	0.990000	0.000000	0.000000	9.696513	0.618897
80000	0.990000	0.000000	0.000000	9.734301	0.618033
85000	0.990000	0.000000	0.000000	9.765198	0.617330
90000	0.990000	0.000000	0.000000	9.790484	0.616755
95000	0.990000	0.000000	0.000000	9.811194	0.616285
100000	0.990000	0.000000	0.000000	9.828167	0.615901

var1: 0.002500	 var2: 1.500000
gen	A2		B2		diseq		zbar		sexrat
0	0.990000	0.000000			3.000000	
5000	0.990000	0.000000	0.000000	5.258566	0.744646
10000	0.990000	0.000000	0.000000	6.443070	0.705574
15000	0.990000	0.000000	0.000000	7.236518	0.681912
20000	0.990000	0.000000	0.000000	7.809702	0.665921
25000	0.990000	0.000000	0.000000	8.240427	0.654463
30000	0.990000	0.000000	0.000000	8.572005	0.645949
35000	0.990000	0.000000	0.000000	8.831402	0.639465
40000	0.990000	0.000000	0.000000	9.036646	0.634442
45000	0.990000	0.000000	0.000000	9.200396	0.630499
50000	0.990000	0.000000	0.000000	9.331859	0.627375
55000	0.990000	0.000000	0.000000	9.437905	0.624882
60000	0.990000	0.000000	0.000000	9.523767	0.622879
65000	0.990000	0.000000	0.000000	9.593490	0.621265
70000	0.990000	0.000000	0.000000	9.650239	0.619958
75000	0.990000	0.000000	0.000000	9.696513	0.618897
80000	0.990000	0.000000	0.000000	9.734301	0.618033
85000	0.990000	0.000000	0.000000	9.765198	0.617330
90000	0.990000	0.000000	0.000000	9.790484	0.616755
95000	0.990000	0.000000	0.000000	9.811194	0.616285
100000	0.990000	0.000000	0.000000	9.828167	0.615901

var1: 0.002500	 var2: 1.600000
gen	A2		B2		diseq		zbar		sexrat
0	0.990000	0.000000			3.000000	
5000	0.990000	0.000000	0.000000	5.258566	0.744646
10000	0.990000	0.000000	0.000000	6.443070	0.705574
15000	0.990000	0.000000	0.000000	7.236518	0.681912
20000	0.990000	0.000000	0.000000	7.809702	0.665921
25000	0.990000	0.000000	0.000000	8.240427	0.654463
30000	0.990000	0.000000	0.000000	8.572005	0.645949
35000	0.990000	0.000000	0.000000	8.831402	0.639465
40000	0.990000	0.000000	0.000000	9.036646	0.634442
45000	0.990000	0.000000	0.000000	9.200396	0.630499
50000	0.990000	0.000000	0.000000	9.331859	0.627375
55000	0.990000	0.000000	0.000000	9.437905	0.624882
60000	0.990000	0.000000	0.000000	9.523767	0.622879
65000	0.990000	0.000000	0.000000	9.593490	0.621265
70000	0.990000	0.000000	0.000000	9.650239	0.619958
75000	0.990000	0.000000	0.000000	9.696513	0.618897
80000	0.990000	0.000000	0.000000	9.734301	0.618033
85000	0.990000	0.000000	0.000000	9.765198	0.617330
90000	0.990000	0.000000	0.000000	9.790484	0.616755
95000	0.990000	0.000000	0.000000	9.811194	0.616285
100000	0.990000	0.000000	0.000000	9.828167	0.615901

var1: 0.002500	 var2: 1.700000
gen	A2		B2		diseq		zbar		sexrat
0	0.990000	0.000000			3.000000	
5000	0.990000	0.000000	0.000000	5.258566	0.744646
10000	0.990000	0.000000	0.000000	6.443070	0.705574
15000	0.990000	0.000000	0.000000	7.236518	0.681912
20000	0.990000	0.000000	0.000000	7.809702	0.665921
25000	0.990000	0.000000	0.000000	8.240427	