
########################### Run 1 ######################
var1: 0.000000	 var2: 0.000000
gen	A2		B2		diseq		zbar		sexrat
0	0.990000	0.000000			3.000000	
5000	0.990000	0.000000	0.000000	6.518859	0.638045
10000	0.990000	0.000000	0.000000	8.019628	0.590655
15000	0.990000	0.000000	0.000000	8.934851	0.565364
20000	0.990000	0.000000	0.000000	9.547684	0.549726
25000	0.990000	0.000000	0.000000	9.977387	0.539322
30000	0.990000	0.000000	0.000000	10.286927	0.532094
35000	0.990000	0.000000	0.000000	10.513795	0.526933
40000	0.990000	0.000000	0.000000	10.682027	0.523177
45000	0.990000	0.000000	0.000000	10.807802	0.520408
50000	0.990000	0.000000	0.000000	10.902390	0.518347
55000	0.990000	0.000000	0.000000	10.973828	0.516803
60000	0.990000	0.000000	0.000000	11.027954	0.515639
65000	0.990000	0.000000	0.000000	11.069059	0.514760
70000	0.990000	0.000000	0.000000	11.100330	0.514093
75000	0.990000	0.000000	0.000000	11.124153	0.513586
80000	0.990000	0.000000	0.000000	11.142319	0.513201
85000	0.990000	0.000000	0.000000	11.156182	0.512907
90000	0.990000	0.000000	0.000000	11.166768	0.512683
95000	0.990000	0.000000	0.000000	11.174854	0.512512
100000	0.990000	0.000000	0.000000	11.181034	0.512381

var1: 0.000000	 var2: 0.100000
gen	A2		B2		diseq		zbar		sexrat
0	0.990000	0.000000			3.000000	
5000	0.990000	0.000000	0.000000	6.518859	0.638045
10000	0.990000	0.000000	0.000000	8.019628	0.590655
15000	0.990000	0.000000	0.000000	8.934851	0.565364
20000	0.990000	0.000000	0.000000	9.547684	0.549726
25000	0.990000	0.000000	0.000000	9.977387	0.539322
30000	0.990000	0.000000	0.000000	10.286927	0.532094
35000	0.990000	0.000000	0.000000	10.513795	0.526933
40000	0.990000	0.000000	0.000000	10.682027	0.523177
45000	0.990000	0.000000	0.000000	10.807802	0.520408
50000	0.990000	0.000000	0.000000	10.902390	0.518347
55000	0.990000	0.000000	0.000000	10.973828	0.516803
60000	0.990000	0.000000	0.000000	11.027954	0.515639
65000	0.990000	0.000000	0.000000	11.069059	0.514760
70000	0.990000	0.000000	0.000000	11.100330	0.514093
75000	0.990000	0.000000	0.000000	11.124153	0.513586
80000	0.990000	0.000000	0.000000	11.142319	0.513201
85000	0.990000	0.000000	0.000000	11.156182	0.512907
90000	0.990000	0.000000	0.000000	11.166768	0.512683
95000	0.990000	0.000000	0.000000	11.174854	0.512512
100000	0.990000	0.000000	0.000000	11.181034	0.512381

var1: 0.000000	 var2: 0.200000
gen	A2		B2		diseq		zbar		sexrat
0	0.990000	0.000000			3.000000	
5000	0.990000	0.000000	0.000000	6.518859	0.638045
10000	0.990000	0.000000	0.000000	8.019628	0.590655
15000	0.990000	0.000000	0.000000	8.934851	0.565364
20000	0.990000	0.000000	0.000000	9.547684	0.549726
25000	0.990000	0.000000	0.000000	9.977387	0.539322
30000	0.990000	0.000000	0.000000	10.286927	0.532094
35000	0.990000	0.000000	0.000000	10.513795	0.526933
40000	0.990000	0.000000	0.000000	10.682027	0.523177
45000	0.990000	0.000000	0.000000	10.807802	0.520408
50000	0.990000	0.000000	0.000000	10.902390	0.518347
55000	0.990000	0.000000	0.000000	10.973828	0.516803
60000	0.990000	0.000000	0.000000	11.027954	0.515639
65000	0.990000	0.000000	0.000000	11.069059	0.514760
70000	0.990000	0.000000	0.000000	11.100330	0.514093
75000	0.990000	0.000000	0.000000	11.124153	0.513586
80000	0.990000	0.000000	0.000000	11.142319	0.513201
85000	0.990000	0.000000	0.000000	11.156182	0.512907
90000	0.990000	0.000000	0.000000	11.166768	0.512683
95000	0.990000	0.000000	0.000000	11.174854	0.512512
100000	0.990000	0.000000	0.000000	11.181034	0.512381

var1: 0.000000	 var2: 0.300000
gen	A2		B2		diseq		zbar		sexrat
0	0.990000	0.000000			3.000000	
5000	0.990000	0.000000	0.000000	6.518859	0.638045
10000	0.990000	0.000000	0.000000	8.019628	0.590655
15000	0.990000	0.000000	0.000000	8.934851	0.565364
20000	0.990000	0.000000	0.000000	9.547684	0.549726
25000	0.990000	0.000000	0.000000	9.977387	0.539322
30000	0.990000	0.000000	0.000000	10.286927	0.532094
35000	0.990000	0.000000	0.000000	10.513795	0.526933
40000	0.990000	0.000000	0.000000	10.682027	0.523177
45000	0.990000	0.000000	0.000000	10.807802	0.520408
50000	0.990000	0.000000	0.000000	10.902390	0.518347
55000	0.990000	0.000000	0.000000	10.973828	0.516803
60000	0.990000	0.000000	0.000000	11.027954	0.515639
65000	0.990000	0.000000	0.000000	11.069059	0.514760
70000	0.990000	0.000000	0.000000	11.100330	0.514093
75000	0.990000	0.000000	0.000000	11.124153	0.513586
80000	0.990000	0.000000	0.000000	11.142319	0.513201
85000	0.990000	0.000000	0.000000	11.156182	0.512907
90000	0.990000	0.000000	0.000000	11.166768	0.512683
95000	0.990000	0.000000	0.000000	11.174854	0.512512
100000	0.990000	0.000000	0.000000	11.181034	0.512381

var1: 0.000000	 var2: 0.400000
gen	A2		B2		diseq		zbar		sexrat
0	0.990000	0.000000			3.000000	
5000	0.990000	0.000000	0.000000	6.518859	0.638045
10000	0.990000	0.000000	0.000000	8.019628	0.590655
15000	0.990000	0.000000	0.000000	8.934851	0.565364
20000	0.990000	0.000000	0.000000	9.547684	0.549726
25000	0.990000	0.000000	0.000000	9.977387	0.539322
30000	0.990000	0.000000	0.000000	10.286927	0.532094
35000	0.990000	0.000000	0.000000	10.513795	0.526933
40000	0.990000	0.000000	0.000000	10.682027	0.523177
45000	0.990000	0.000000	0.000000	10.807802	0.520408
50000	0.990000	0.000000	0.000000	10.902390	0.518347
55000	0.990000	0.000000	0.000000	10.973828	0.516803
60000	0.990000	0.000000	0.000000	11.027954	0.515639
65000	0.990000	0.000000	0.000000	11.069059	0.514760
70000	0.990000	0.000000	0.000000	11.100330	0.514093
75000	0.990000	0.000000	0.000000	11.124153	0.513586
80000	0.990000	0.000000	0.000000	11.142319	0.513201
85000	0.990000	0.000000	0.000000	11.156182	0.512907
90000	0.990000	0.000000	0.000000	11.166768	0.512683
95000	0.990000	0.000000	0.000000	11.174854	0.512512
100000	0.990000	0.000000	0.000000	11.181034	0.512381

var1: 0.000000	 var2: 0.500000
gen	A2		B2		diseq		zbar		sexrat
0	0.990000	0.000000			3.000000	
5000	0.990000	0.000000	0.000000	6.518859	0.638045
10000	0.990000	0.000000	0.000000	8.019628	0.590655
15000	0.990000	0.000000	0.000000	8.934851	0.565364
20000	0.990000	0.000000	0.000000	9.547684	0.549726
25000	0.990000	0.000000	0.000000	9.977387	0.539322
30000	0.990000	0.000000	0.000000	10.286927	0.532094
35000	0.990000	0.000000	0.000000	10.513795	0.526933
40000	0.990000	0.000000	0.000000	10.682027	0.523177
45000	0.990000	0.000000	0.000000	10.807802	0.520408
50000	0.990000	0.000000	0.000000	10.902390	0.518347
55000	0.990000	0.000000	0.000000	10.973828	0.516803
60000	0.990000	0.000000	0.000000	11.027954	0.515639
65000	0.990000	0.000000	0.000000	11.069059	0.514760
70000	0.990000	0.000000	0.000000	11.100330	0.514093
75000	0.990000	0.000000	0.000000	11.124153	0.513586
80000	0.990000	0.000000	0.000000	11.142319	0.513201
85000	0.990000	0.000000	0.000000	11.156182	0.512907
90000	0.990000	0.000000	0.000000	11.166768	0.512683
95000	0.990000	0.000000	0.000000	11.174854	0.512512
100000	0.990000	0.000000	0.000000	11.181034	0.512381

var1: 0.000000	 var2: 0.600000
gen	A2		B2		diseq		zbar		sexrat
0	0.990000	0.000000			3.000000	
5000	0.990000	0.000000	0.000000	6.518859	0.638045
10000	0.990000	0.000000	0.000000	8.019628	0.590655
15000	0.990000	0.000000	0.000000	8.934851	0.565364
20000	0.990000	0.000000	0.000000	9.547684	0.549726
25000	0.990000	0.000000	0.000000	9.977387	0.539322
30000	0.990000	0.000000	0.000000	10.286927	0.532094
35000	0.990000	0.000000	0.000000	10.513795	0.526933
40000	0.990000	0.000000	0.000000	10.682027	0.523177
45000	0.990000	0.000000	0.000000	10.807802	0.520408
50000	0.990000	0.000000	0.000000	10.902390	0.518347
55000	0.990000	0.000000	0.000000	10.973828	0.516803
60000	0.990000	0.000000	0.000000	11.027954	0.515639
65000	0.990000	0.000000	0.000000	11.069059	0.514760
70000	0.990000	0.000000	0.000000	11.100330	0.514093
75000	0.990000	0.000000	0.000000	11.124153	0.513586
80000	0.990000	0.000000	0.000000	11.142319	0.513201
85000	0.990000	0.000000	0.000000	11.156182	0.512907
90000	0.990000	0.000000	0.000000	11.166768	0.512683
95000	0.990000	0.000000	0.000000	11.174854	0.512512
100000	0.990000	0.000000	0.000000	11.181034	0.512381

var1: 0.000000	 var2: 0.700000
gen	A2		B2		diseq		zbar		sexrat
0	0.990000	0.000000			3.000000	
5000	0.990000	0.000000	0.000000	6.518859	0.638045
10000	0.990000	0.000000	0.000000	8.019628	0.590655
15000	0.990000	0.000000	0.000000	8.934851	0.565364
20000	0.990000	0.000000	0.000000	9.547684	0.549726
25000	0.990000	0.000000	0.000000	9.977387	0.539322
30000	0.990000	0.000000	0.000000	10.286927	0.532094
35000	0.990000	0.000000	0.000000	10.513795	0.526933
40000	0.990000	0.000000	0.000000	10.682027	0.523177
45000	0.990000	0.000000	0.000000	10.807802	0.520408
50000	0.990000	0.000000	0.000000	10.902390	0.518347
55000	0.990000	0.000000	0.000000	10.973828	0.516803
60000	0.990000	0.000000	0.000000	11.027954	0.515639
65000	0.990000	0.000000	0.000000	11.069059	0.514760
70000	0.990000	0.000000	0.000000	11.100330	0.514093
75000	0.990000	0.000000	0.000000	11.124153	0.513586
80000	0.990000	0.000000	0.000000	11.142319	0.513201
85000	0.990000	0.000000	0.000000	11.156182	0.512907
90000	0.990000	0.000000	0.000000	11.166768	0.512683
95000	0.990000	0.000000	0.000000	11.174854	0.512512
100000	0.990000	0.000000	0.000000	11.181034	0.512381

var1: 0.000000	 var2: 0.800000
gen	A2		B2		diseq		zbar		sexrat
0	0.990000	0.000000			3.000000	
5000	0.990000	0.000000	0.000000	6.518859	0.638045
10000	0.990000	0.000000	0.000000	8.019628	0.590655
15000	0.990000	0.000000	0.000000	8.934851	0.565364
20000	0.990000	0.000000	0.000000	9.547684	0.549726
25000	0.990000	0.000000	0.000000	9.977387	0.539322
30000	0.990000	0.000000	0.000000	10.286927	0.532094
35000	0.990000	0.000000	0.000000	10.513795	0.526933
40000	0.990000	0.000000	0.000000	10.682027	0.523177
45000	0.990000	0.000000	0.000000	10.807802	0.520408
50000	0.990000	0.000000	0.000000	10.902390	0.518347
55000	0.990000	0.000000	0.000000	10.973828	0.516803
60000	0.990000	0.000000	0.000000	11.027954	0.515639
65000	0.990000	0.000000	0.000000	11.069059	0.514760
70000	0.990000	0.000000	0.000000	11.100330	0.514093
75000	0.990000	0.000000	0.000000	11.124153	0.513586
80000	0.990000	0.000000	0.000000	11.142319	0.513201
85000	0.990000	0.000000	0.000000	11.156182	0.512907
90000	0.990000	0.000000	0.000000	11.166768	0.512683
95000	0.990000	0.000000	0.000000	11.174854	0.512512
100000	0.990000	0.000000	0.000000	11.181034	0.512381

var1: 0.000000	 var2: 0.900000
gen	A2		B2		diseq		zbar		sexrat
0	0.990000	0.000000			3.000000	
5000	0.990000	0.000000	0.000000	6.518859	0.638045
10000	0.990000	0.000000	0.000000	8.019628	0.590655
15000	0.990000	0.000000	0.000000	8.934851	0.565364
20000	0.990000	0.000000	0.000000	9.547684	0.549726
25000	0.990000	0.000000	0.000000	9.977387	0.539322
30000	0.990000	0.000000	0.000000	10.286927	0.532094
35000	0.990000	0.000000	0.000000	10.513795	0.526933
40000	0.990000	0.000000	0.000000	10.682027	0.523177
45000	0.990000	0.000000	0.000000	10.807802	0.520408
50000	0.990000	0.000000	0.000000	10.902390	0.518347
55000	0.990000	0.000000	0.000000	10.973828	0.516803
60000	0.990000	0.000000	0.000000	11.027954	0.515639
65000	0.990000	0.000000	0.000000	11.069059	0.514760
70000	0.990000	0.000000	0.000000	11.100330	0.514093
75000	0.990000	0.000000	0.000000	11.124153	0.513586
80000	0.990000	0.000000	0.000000	11.142319	0.513201
85000	0.990000	0.000000	0.000000	11.156182	0.512907
90000	0.990000	0.000000	0.000000	11.166768	0.512683
95000	0.990000	0.000000	0.000000	11.174854	0.512512
100000	0.990000	0.000000	0.000000	11.181034	0.512381

var1: 0.000000	 var2: 1.000000
gen	A2		B2		diseq		zbar		sexrat
0	0.990000	0.000000			3.000000	
5000	0.990000	0.000000	0.000000	6.518859	0.638045
10000	0.990000	0.000000	0.000000	8.019628	0.590655
15000	0.990000	0.000000	0.000000	8.934851	0.565364
20000	0.990000	0.000000	0.000000	9.547684	0.549726
25000	0.990000	0.000000	0.000000	9.977387	0.539322
30000	0.990000	0.000000	0.000000	10.286927	0.532094
35000	0.990000	0.000000	0.000000	10.513795	0.526933
40000	0.990000	0.000000	0.000000	10.682027	0.523177
45000	0.990000	0.000000	0.000000	10.807802	0.520408
50000	0.990000	0.000000	0.000000	10.902390	0.518347
55000	0.990000	0.000000	0.000000	10.973828	0.516803
60000	0.990000	0.000000	0.000000	11.027954	0.515639
65000	0.990000	0.000000	0.000000	11.069059	0.514760
70000	0.990000	0.000000	0.000000	11.100330	0.514093
75000	0.990000	0.000000	0.000000	11.124153	0.513586
80000	0.990000	0.000000	0.000000	11.142319	0.513201
85000	0.990000	0.000000	0.000000	11.156182	0.512907
90000	0.990000	0.000000	0.000000	11.166768	0.512683
95000	0.990000	0.000000	0.000000	11.174854	0.512512
100000	0.990000	0.000000	0.000000	11.181034	0.512381

var1: 0.000000	 var2: 1.100000
gen	A2		B2		diseq		zbar		sexrat
0	0.990000	0.000000			3.000000	
5000	0.990000	0.000000	0.000000	6.518859	0.638045
10000	0.990000	0.000000	0.000000	8.019628	0.590655
15000	0.990000	0.000000	0.000000	8.934851	0.565364
20000	0.990000	0.000000	0.000000	9.547684	0.549726
25000	0.990000	0.000000	0.000000	9.977387	0.539322
30000	0.990000	0.000000	0.000000	10.286927	0.532094
35000	0.990000	0.000000	0.000000	10.513795	0.526933
40000	0.990000	0.000000	0.000000	10.682027	0.523177
45000	0.990000	0.000000	0.000000	10.807802	0.520408
50000	0.990000	0.000000	0.000000	10.902390	0.518347
55000	0.990000	0.000000	0.000000	10.973828	0.516803
60000	0.990000	0.000000	0.000000	11.027954	0.515639
65000	0.990000	0.000000	0.000000	11.069059	0.514760
70000	0.990000	0.000000	0.000000	11.100330	0.514093
75000	0.990000	0.000000	0.000000	11.124153	0.513586
80000	0.990000	0.000000	0.000000	11.142319	0.513201
85000	0.990000	0.000000	0.000000	11.156182	0.512907
90000	0.990000	0.000000	0.000000	11.166768	0.512683
95000	0.990000	0.000000	0.000000	11.174854	0.512512
100000	0.990000	0.000000	0.000000	11.181034	0.512381

var1: 0.000000	 var2: 1.200000
gen	A2		B2		diseq		zbar		sexrat
0	0.990000	0.000000			3.000000	
5000	0.990000	0.000000	0.000000	6.518859	0.638045
10000	0.990000	0.000000	0.000000	8.019628	0.590655
15000	0.990000	0.000000	0.000000	8.934851	0.565364
20000	0.990000	0.000000	0.000000	9.547684	0.549726
25000	0.990000	0.000000	0.000000	9.977387	0.539322
30000	0.990000	0.000000	0.000000	10.286927	0.532094
35000	0.990000	0.000000	0.000000	10.513795	0.526933
40000	0.990000	0.000000	0.000000	10.682027	0.523177
45000	0.990000	0.000000	0.000000	10.807802	0.520408
50000	0.990000	0.000000	0.000000	10.902390	0.518347
55000	0.990000	0.000000	0.000000	10.973828	0.516803
60000	0.990000	0.000000	0.000000	11.027954	0.515639
65000	0.990000	0.000000	0.000000	11.069059	0.514760
70000	0.990000	0.000000	0.000000	11.100330	0.514093
75000	0.990000	0.000000	0.000000	11.124153	0.513586
80000	0.990000	0.000000	0.000000	11.142319	0.513201
85000	0.990000	0.000000	0.000000	11.156182	0.512907
90000	0.990000	0.000000	0.000000	11.166768	0.512683
95000	0.990000	0.000000	0.000000	11.174854	0.512512
100000	0.990000	0.000000	0.000000	11.181034	0.512381

var1: 0.000000	 var2: 1.300000
gen	A2		B2		diseq		zbar		sexrat
0	0.990000	0.000000			3.000000	
5000	0.990000	0.000000	0.000000	6.518859	0.638045
10000	0.990000	0.000000	0.000000	8.019628	0.590655
15000	0.990000	0.000000	0.000000	8.934851	0.565364
20000	0.990000	0.000000	0.000000	9.547684	0.549726
25000	0.990000	0.000000	0.000000	9.977387	0.539322
30000	0.990000	0.000000	0.000000	10.286927	0.532094
35000	0.990000	0.000000	0.000000	10.513795	0.526933
40000	0.990000	0.000000	0.000000	10.682027	0.523177
45000	0.990000	0.000000	0.000000	10.807802	0.520408
50000	0.990000	0.000000	0.000000	10.902390	0.518347
55000	0.990000	0.000000	0.000000	10.973828	0.516803
60000	0.990000	0.000000	0.000000	11.027954	0.515639
65000	0.990000	0.000000	0.000000	11.069059	0.514760
70000	0.990000	0.000000	0.000000	11.100330	0.514093
75000	0.990000	0.000000	0.000000	11.124153	0.513586
80000	0.990000	0.000000	0.000000	11.142319	0.513201
85000	0.990000	0.000000	0.000000	11.156182	0.512907
90000	0.990000	0.000000	0.000000	11.166768	0.512683
95000	0.990000	0.000000	0.000000	11.174854	0.512512
100000	0.990000	0.000000	0.000000	11.181034	0.512381

var1: 0.000000	 var2: 1.400000
gen	A2		B2		diseq		zbar		sexrat
0	0.990000	0.000000			3.000000	
5000	0.990000	0.000000	0.000000	6.518859	0.638045
10000	0.990000	0.000000	0.000000	8.019628	0.590655
15000	0.990000	0.000000	0.000000	8.934851	0.565364
20000	0.990000	0.000000	0.000000	9.547684	0.549726
25000	0.990000	0.000000	0.000000	9.977387	0.539322
30000	0.990000	0.000000	0.000000	10.286927	0.532094
35000	0.990000	0.000000	0.000000	10.513795	0.526933
40000	0.990000	0.000000	0.000000	10.682027	0.523177
45000	0.990000	0.000000	0.000000	10.807802	0.520408
50000	0.990000	0.000000	0.000000	10.902390	0.518347
55000	0.990000	0.000000	0.000000	10.973828	0.516803
60000	0.990000	0.000000	0.000000	11.027954	0.515639
65000	0.990000	0.000000	0.000000	11.069059	0.514760
70000	0.990000	0.000000	0.000000	11.100330	0.514093
75000	0.990000	0.000000	0.000000	11.124153	0.513586
80000	0.990000	0.000000	0.000000	11.142319	0.513201
85000	0.990000	0.000000	0.000000	11.156182	0.512907
90000	0.990000	0.000000	0.000000	11.166768	0.512683
95000	0.990000	0.000000	0.000000	11.174854	0.512512
100000	0.990000	0.000000	0.000000	11.181034	0.512381

var1: 0.000000	 var2: 1.500000
gen	A2		B2		diseq		zbar		sexrat
0	0.990000	0.000000			3.000000	
5000	0.990000	0.000000	0.000000	6.518859	0.638045
10000	0.990000	0.000000	0.000000	8.019628	0.590655
15000	0.990000	0.000000	0.000000	8.934851	0.565364
20000	0.990000	0.000000	0.000000	9.547684	0.549726
25000	0.990000	0.000000	0.000000	9.977387	0.539322
30000	0.990000	0.000000	0.000000	10.286927	0.532094
35000	0.990000	0.000000	0.000000	10.513795	0.526933
40000	0.990000	0.000000	0.000000	10.682027	0.523177
45000	0.990000	0.000000	0.000000	10.807802	0.520408
50000	0.990000	0.000000	0.000000	10.902390	0.518347
55000	0.990000	0.000000	0.000000	10.973828	0.516803
60000	0.990000	0.000000	0.000000	11.027954	0.515639
65000	0.990000	0.000000	0.000000	11.069059	0.514760
70000	0.990000	0.000000	0.000000	11.100330	0.514093
75000	0.990000	0.000000	0.000000	11.124153	0.513586
80000	0.990000	0.000000	0.000000	11.142319	0.513201
85000	0.990000	0.000000	0.000000	11.156182	0.512907
90000	0.990000	0.000000	0.000000	11.166768	0.512683
95000	0.990000	0.000000	0.000000	11.174854	0.512512
100000	0.990000	0.000000	0.000000	11.181034	0.512381

var1: 0.000000	 var2: 1.600000
gen	A2		B2		diseq		zbar		sexrat
0	0.990000	0.000000			3.000000	
5000	0.990000	0.000000	0.000000	6.518859	0.638045
10000	0.990000	0.000000	0.000000	8.019628	0.590655
15000	0.990000	0.000000	0.000000	8.934851	0.565364
20000	0.990000	0.000000	0.000000	9.547684	0.549726
25000	0.990000	0.000000	0.000000	9.977387	0.539322
30000	0.990000	0.000000	0.000000	10.286927	0.532094
35000	0.990000	0.000000	0.000000	10.513795	0.526933
40000	0.990000	0.000000	0.000000	10.682027	0.523177
45000	0.990000	0.000000	0.000000	10.807802	0.520408
50000	0.990000	0.000000	0.000000	10.902390	0.518347
55000	0.990000	0.000000	0.000000	10.973828	0.516803
60000	0.990000	0.000000	0.000000	11.027954	0.515639
65000	0.990000	0.000000	0.000000	11.069059	0.514760
70000	0.990000	0.000000	0.000000	11.100330	0.514093
75000	0.990000	0.000000	0.000000	11.124153	0.513586
80000	0.990000	0.000000	0.000000	11.142319	0.513201
85000	0.990000	0.000000	0.000000	11.156182	0.512907
90000	0.990000	0.000000	0.000000	11.166768	0.512683
95000	0.990000	0.000000	0.000000	11.174854	0.512512
100000	0.990000	0.000000	0.000000	11.181034	0.512381

var1: 0.000000	 var2: 1.700000
gen	A2		B2		diseq		zbar		sexrat
0	0.990000	0.000000			3.000000	
5000	0.990000	0.000000	0.000000	6.518859	0.638045
10000	0.990000	0.000000	0.000000	8.019628	0.590655
15000	0.990000	0.000000	0.000000	8.934851	0.565364
20000	0.990000	0.000000	0.000000	9.547684	0.549726
25000	0.990000	0.000000	0.000000	9.977387	0.539322
30000	0.990000	0.000000	0.000000	10.286927	0.532094
35000	0.990000	0.000000	0.000000	10.513795	0.526933
40000	0.990000	0.000000	0.000000	10.682027	0.523177
45000	0.990000	0.000000	0.000000	10.807802	0.520408
50000	0.990000	0.000000	0.000000	10.902390	0.518347
55000	0.990000	0.000000	0.000000	10.973828	0.516803
60000	0.990000	0.000000	0.000000	11.027954	0.515639
65000	0.990000	0.000000	0.000000	11.069059	0.514760
70000	0.990000	0.000000	0.000000	11.100330	0.514093
75000	0.990000	0.000000	0.000000	11.124153	0.513586
80000	0.990000	0.000000	0.000000	11.142319	0.513201
85000	0.990000	0.000000	0.000000	11.156182	0.512907
90000	0.990000	0.000000	0.000000	11.166768	0.512683
95000	0.990000	0.000000	0.000000	11.174854	0.512512
100000	0.990000	0.000000	0.000000	11.181034	0.512381

var1: 0.000000	 var2: 1.800000
gen	A2		B2		diseq		zbar		sexrat
0	0.990000	0.000000			3.000000	
5000	0.990000	0.000000	0.000000	6.518859	0.638045
10000	0.990000	0.000000	0.000000	8.019628	0.590655
15000	0.990000	0.000000	0.000000	8.934851	0.565364
20000	0.990000	0.000000	0.000000	9.547684	0.549726
25000	0.990000	0.000000	0.000000	9.977387	0.539322
30000	0.990000	0.000000	0.000000	10.286927	0.532094
35000	0.990000	0.000000	0.000000	10.513795	0.526933
40000	0.990000	0.000000	0.000000	10.682027	0.523177
45000	0.990000	0.000000	0.000000	10.807802	0.520408
50000	0.990000	0.000000	0.000000	10.902390	0.518347
55000	0.990000	0.000000	0.000000	10.973828	0.516803
60000	0.990000	0.000000	0.000000	11.027954	0.515639
65000	0.990000	0.000000	0.000000	11.069059	0.514760
70000	0.990000	0.000000	0.000000	11.100330	0.514093
75000	0.990000	0.000000	0.000000	11.124153	0.513586
80000	0.990000	0.000000	0.000000	11.142319	0.513201
85000	0.990000	0.000000	0.000000	11.156182	0.512907
90000	0.990000	0.000000	0.000000	11.166768	0.512683
95000	0.990000	0.000000	0.000000	11.174854	0.512512
100000	0.990000	0.000000	0.000000	11.181034	0.512381

var1: 0.000000	 var2: 1.900000
gen	A2		B2		diseq		zbar		sexrat
0	0.990000	0.000000			3.000000	
5000	0.990000	0.000000	0.000000	6.518859	0.638045
10000	0.990000	0.000000	0.000000	8.019628	0.590655
15000	0.990000	0.000000	0.000000	8.934851	0.565364
20000	0.990000	0.000000	0.000000	9.547684	0.549726
25000	0.990000	0.000000	0.000000	9.977387	0.539322
30000	0.990000	0.000000	0.000000	10.286927	0.532094
35000	0.990000	0.000000	0.000000	10.513795	0.526933
40000	0.990000	0.000000	0.000000	10.682027	0.523177
45000	0.990000	0.000000	0.000000	10.807802	0.520408
50000	0.990000	0.000000	0.000000	10.902390	0.518347
55000	0.990000	0.000000	0.000000	10.973828	0.516803
60000	0.990000	0.000000	0.000000	11.027954	0.515639
65000	0.990000	0.000000	0.000000	11.069059	0.514760
70000	0.990000	0.000000	0.000000	11.100330	0.514093
75000	0.990000	0.000000	0.000000	11.124153	0.513586
80000	0.990000	0.000000	0.000000	11.142319	0.513201
85000	0.990000	0.000000	0.000000	11.156182	0.512907
90000	0.990000	0.000000	0.000000	11.166768	0.512683
95000	0.990000	0.000000	0.000000	11.174854	0.512512
100000	0.990000	0.000000	0.000000	11.181034	0.512381

var1: 0.000000	 var2: 2.000000
gen	A2		B2		diseq		zbar		sexrat
0	0.990000	0.000000			3.000000	
5000	0.990000	0.000000	0.000000	6.518859	0.638045
10000	0.990000	0.000000	0.000000	8.019628	0.590655
15000	0.990000	0.000000	0.000000	8.934851	0.565364
20000	0.990000	0.000000	0.000000	9.547684	0.549726
25000	0.990000	0.000000	0.000000	9.977387	0.539322
30000	0.990000	0.000000	0.000000	10.286927	0.532094
35000	0.990000	0.000000	0.000000	10.513795	0.526933
40000	0.990000	0.000000	0.000000	10.682027	0.523177
45000	0.990000	0.000000	0.000000	10.807802	0.520408
50000	0.990000	0.000000	0.000000	10.902390	0.518347
55000	0.990000	0.000000	0.000000	10.973828	0.516803
60000	0.990000	0.000000	0.000000	11.027954	0.515639
65000	0.990000	0.000000	0.000000	11.069059	0.514760
70000	0.990000	0.000000	0.000000	11.100330	0.514093
75000	0.990000	0.000000	0.000000	11.124153	0.513586
80000	0.990000	0.000000	0.000000	11.142319	0.513201
85000	0.990000	0.000000	0.000000	11.156182	0.512907
90000	0.990000	0.000000	0.000000	11.166768	0.512683
95000	0.990000	0.000000	0.000000	11.174854	0.512512
100000	0.990000	0.000000	0.000000	11.181034	0.512381

var1: 0.000000	 var2: 2.100000
gen	A2		B2		diseq		zbar		sexrat
0	0.990000	0.000000			3.000000	
5000	0.990000	0.000000	0.000000	6.518859	0.638045
10000	0.990000	0.000000	0.000000	8.019628	0.590655
15000	0.990000	0.000000	0.000000	8.934851	0.565364
20000	0.990000	0.000000	0.000000	9.547684	0.549726
25000	0.990000	0.000000	0.000000	9.977387	0.539322
30000	0.990000	0.000000	0.000000	10.286927	0.532094
35000	0.990000	0.000000	0.000000	10.513795	0.526933
40000	0.990000	0.000000	0.000000	10.682027	0.523177
45000	0.990000	0.000000	0.000000	10.807802	0.520408
50000	0.990000	0.000000	0.000000	10.902390	0.518347
55000	0.990000	0.000000	0.000000	10.973828	0.516803
60000	0.990000	0.000000	0.000000	11.027954	0.515639
65000	0.990000	0.000000	0.000000	11.069059	0.514760
70000	0.990000	0.000000	0.000000	11.100330	0.514093
75000	0.990000	0.000000	0.000000	11.124153	0.513586
80000	0.990000	0.000000	0.000000	11.142319	0.513201
85000	0.990000	0.000000	0.000000	11.156182	0.512907
90000	0.990000	0.000000	0.000000	11.166768	0.512683
95000	0.990000	0.000000	0.000000	11.174854	0.512512
100000	0.990000	0.000000	0.000000	11.181034	0.512381

var1: 0.000000	 var2: 2.200000
gen	A2		B2		diseq		zbar		sexrat
0	0.990000	0.000000			3.000000	
5000	0.990000	0.000000	0.000000	6.518859	0.638045
10000	0.990000	0.000000	0.000000	8.019628	0.590655
15000	0.990000	0.000000	0.000000	8.934851	0.565364
20000	0.990000	0.000000	0.000000	9.547684	0.549726
25000	0.990000	0.000000	0.000000	9.977387	0.539322
30000	0.990000	0.000000	0.000000	10.286927	0.532094
35000	0.990000	0.000000	0.000000	10.513795	0.526933
40000	0.990000	0.000000	0.000000	10.682027	0.523177
45000	0.990000	0.000000	0.000000	10.807802	0.520408
50000	0.990000	0.000000	0.000000	10.902390	0.518347
55000	0.990000	0.000000	0.000000	10.973828	0.516803
60000	0.990000	0.000000	0.000000	11.027954	0.515639
65000	0.990000	0.000000	0.000000	11.069059	0.514760
70000	0.990000	0.000000	0.000000	11.100330	0.514093
75000	0.990000	0.000000	0.000000	11.124153	0.513586
80000	0.990000	0.000000	0.000000	11.142319	0.513201
85000	0.990000	0.000000	0.000000	11.156182	0.512907
90000	0.990000	0.000000	0.000000	11.166768	0.512683
95000	0.990000	0.000000	0.000000	11.174854	0.512512
100000	0.990000	0.000000	0.000000	11.181034	0.512381

var1: 0.000000	 var2: 2.300000
gen	A2		B2		diseq		zbar		sexrat
0	0.990000	0.000000			3.000000	
5000	0.990000	0.000000	0.000000	6.518859	0.638045
10000	0.990000	0.000000	0.000000	8.019628	0.590655
15000	0.990000	0.000000	0.000000	8.934851	0.565364
20000	0.990000	0.000000	0.000000	9.547684	0.549726
25000	0.990000	0.000000	0.000000	9.977387	0.539322
30000	0.990000	0.000000	0.000000	10.286927	0.532094
35000	0.990000	0.000000	0.000000	10.513795	0.526933
40000	0.990000	0.000000	0.000000	10.682027	0.523177
45000	0.990000	0.000000	0.000000	10.807802	0.520408
50000	0.990000	0.000000	0.000000	10.902390	0.518347
55000	0.990000	0.000000	0.000000	10.973828	0.516803
60000	0.990000	0.000000	0.000000	11.027954	0.515639
65000	0.990000	0.000000	0.000000	11.069059	0.514760
70000	0.990000	0.000000	0.000000	11.100330	0.514093
75000	0.990000	0.000000	0.000000	11.124153	0.513586
80000	0.990000	0.000000	0.000000	11.142319	0.513201
85000	0.990000	0.000000	0.000000	11.156182	0.512907
90000	0.990000	0.000000	0.000000	11.166768	0.512683
95000	0.990000	0.000000	0.000000	11.174854	0.512512
100000	0.990000	0.000000	0.000000	11.181034	0.512381

var1: 0.000000	 var2: 2.400000
gen	A2		B2		diseq		zbar		sexrat
0	0.990000	0.000000			3.000000	
5000	0.990000	0.000000	0.000000	6.518859	0.638045
10000	0.990000	0.000000	0.000000	8.019628	0.590655
15000	0.990000	0.000000	0.000000	8.934851	0.565364
20000	0.990000	0.000000	0.000000	9.547684	0.549726
25000	0.990000	0.000000	0.000000	9.977387	0.539322
30000	0.990000	0.000000	0.000000	10.286927	0.532094
35000	0.990000	0.000000	0.000000	10.513795	0.526933
40000	0.990000	0.000000	0.000000	10.682027	0.523177
45000	0.990000	0.000000	0.000000	10.807802	0.520408
50000	0.990000	0.000000	0.000000	10.902390	0.518347
55000	0.990000	0.000000	0.000000	10.973828	0.516803
60000	0.990000	0.000000	0.000000	11.027954	0.515639
65000	0.990000	0.000000	0.000000	11.069059	0.514760
70000	0.990000	0.000000	0.000000	11.100330	0.514093
75000	0.990000	0.000000	0.000000	11.124153	0.513586
80000	0.990000	0.000000	0.000000	11.142319	0.513201
85000	0.990000	0.000000	0.000000	11.156182	0.512907
90000	0.990000	0.000000	0.000000	11.166768	0.512683
95000	0.990000	0.000000	0.000000	11.174854	0.512512
100000	0.990000	0.000000	0.000000	11.181034	0.512381

var1: 0.000000	 var2: 2.500000
gen	A2		B2		diseq		zbar		sexrat
0	0.990000	0.000000			3.000000	
5000	0.990000	0.000000	0.000000	6.518859	0.638045
10000	0.990000	0.000000	0.000000	8.019628	0.590655
15000	0.990000	0.000000	0.000000	8.934851	0.565364
20000	0.990000	0.000000	0.000000	9.547684	0.549726
25000	0.990000	0.000000	0.000000	9.977387	0.539322
30000	0.990000	0.000000	0.000000	10.286927	0.532094
35000	0.990000	0.000000	0.000000	10.513795	0.526933
40000	0.990000	0.000000	0.000000	10.682027	0.523177
45000	0.990000	0.000000	0.000000	10.807802	0.520408
50000	0.990000	0.000000	0.000000	10.902390	0.518347
55000	0.990000	0.000000	0.000000	10.973828	0.516803
60000	0.990000	0.000000	0.000000	11.027954	0.515639
65000	0.990000	0.000000	0.000000	11.069059	0.514760
70000	0.990000	0.000000	0.000000	11.100330	0.514093
75000	0.990000	0.000000	0.000000	11.124153	0.513586
80000	0.990000	0.000000	0.000000	11.142319	0.513201
85000	0.990000	0.000000	0.000000	11.156182	0.512907
90000	0.990000	0.000000	0.000000	11.166768	0.512683
95000	0.990000	0.000000	0.000000	11.174854	0.512512
100000	0.990000	0.000000	0.000000	11.181034	0.512381

var1: 0.000000	 var2: 2.600000
gen	A2		B2		diseq		zbar		sexrat
0	0.990000	0.000000			3.000000	
5000	0.990000	0.000000	0.000000	6.518859	0.638045
10000	0.990000	0.000000	0.000000	8.019628	0.590655
15000	0.990000	0.000000	0.000000	8.934851	0.565364
20000	0.990000	0.000000	0.000000	9.547684	0.549726
25000	0.990000	0.000000	0.000000	9.977387	0.539322
30000	0.990000	0.000000	0.000000	10.286927	0.532094
35000	0.990000	0.000000	0.000000	10.513795	0.526933
40000	0.990000	0.000000	0.000000	10.682027	0.523177
45000	0.990000	0.000000	0.000000	10.807802	0.520408
50000	0.990000	0.000000	0.000000	10.902390	0.518347
55000	0.990000	0.000000	0.000000	10.973828	0.516803
60000	0.990000	0.000000	0.000000	11.027954	0.515639
65000	0.990000	0.000000	0.000000	11.069059	0.514760
70000	0.990000	0.000000	0.000000	11.100330	0.514093
75000	0.990000	0.000000	0.000000	11.124153	0.513586
80000	0.990000	0.000000	0.000000	11.142319	0.513201
85000	0.990000	0.000000	0.000000	11.156182	0.512907
90000	0.990000	0.000000	0.000000	11.166768	0.512683
95000	0.990000	0.000000	0.000000	11.174854	0.512512
100000	0.990000	0.000000	0.000000	11.181034	0.512381

var1: 0.000000	 var2: 2.700000
gen	A2		B2		diseq		zbar		sexrat
0	0.990000	0.000000			3.000000	
5000	0.990000	0.000000	0.000000	6.518859	0.638045
10000	0.990000	0.000000	0.000000	8.019628	0.590655
15000	0.990000	0.000000	0.000000	8.934851	0.565364
20000	0.990000	0.000000	0.000000	9.547684	0.549726
25000	0.990000	0.000000	0.000000	9.977387	0.539322
30000	0.990000	0.000000	0.000000	10.286927	0.532094
35000	0.990000	0.000000	0.000000	10.513795	0.526933
40000	0.990000	0.000000	0.000000	10.682027	0.523177
45000	0.990000	0.000000	0.000000	10.807802	0.520408
50000	0.990000	0.000000	0.000000	10.902390	0.518347
55000	0.990000	0.000000	0.000000	10.973828	0.516803
60000	0.990000	0.000000	0.000000	11.027954	0.515639
65000	0.990000	0.000000	0.000000	11.069059	0.514760
70000	0.990000	0.000000	0.000000	11.100330	0.514093
75000	0.990000	0.000000	0.000000	11.124153	0.513586
80000	0.990000	0.000000	0.000000	11.142319	0.513201
85000	0.990000	0.000000	0.000000	11.156182	0.512907
90000	0.990000	0.000000	0.000000	11.166768	0.512683
95000	0.990000	0.000000	0.000000	11.174854	0.512512
100000	0.990000	0.000000	0.000000	11.181034	0.512381

var1: 0.000000	 var2: 2.800000
gen	A2		B2		diseq		zbar		sexrat
0	0.990000	0.000000			3.000000	
5000	0.990000	0.000000	0.000000	6.518859	0.638045
10000	0.990000	0.000000	0.000000	8.019628	0.590655
15000	0.990000	0.000000	0.000000	8.934851	0.565364
20000	0.990000	0.000000	0.000000	9.547684	0.549726
25000	0.990000	0.000000	0.000000	9.977387	0.539322
30000	0.990000	0.000000	0.000000	10.286927	0.532094
35000	0.990000	0.000000	0.000000	10.513795	0.526933
40000	0.990000	0.000000	0.000000	10.682027	0.523177
45000	0.990000	0.000000	0.000000	10.807802	0.520408
50000	0.990000	0.000000	0.000000	10.902390	0.518347
55000	0.990000	0.000000	0.000000	10.973828	0.516803
60000	0.990000	0.000000	0.000000	11.027954	0.515639
65000	0.990000	0.000000	0.000000	11.069059	0.514760
70000	0.990000	0.000000	0.000000	11.100330	0.514093
75000	0.990000	0.000000	0.000000	11.124153	0.513586
80000	0.990000	0.000000	0.000000	11.142319	0.513201
85000	0.990000	0.000000	0.000000	11.156182	0.512907
90000	0.990000	0.000000	0.000000	11.166768	0.512683
95000	0.990000	0.000000	0.000000	11.174854	0.512512
100000	0.990000	0.000000	0.000000	11.181034	0.512381

var1: 0.000000	 var2: 2.900000
gen	A2		B2		diseq		zbar		sexrat
0	0.990000	0.000000			3.000000	
5000	0.990000	0.000000	0.000000	6.518859	0.638045
10000	0.990000	0.000000	0.000000	8.019628	0.590655
15000	0.990000	0.000000	0.000000	8.934851	0.565364
20000	0.990000	0.000000	0.000000	9.547684	0.549726
25000	0.990000	0.000000	0.000000	9.977387	0.539322
30000	0.990000	0.000000	0.000000	10.286927	0.532094
35000	0.990000	0.000000	0.000000	10.513795	0.526933
40000	0.990000	0.000000	0.000000	10.682027	0.523177
45000	0.990000	0.000000	0.000000	10.807802	0.520408
50000	0.990000	0.000000	0.000000	10.902390	0.518347
55000	0.990000	0.000000	0.000000	10.973828	0.516803
60000	0.990000	0.000000	0.000000	11.027954	0.515639
65000	0.990000	0.000000	0.000000	11.069059	0.514760
70000	0.990000	0.000000	0.000000	11.100330	0.514093
75000	0.990000	0.000000	0.000000	11.124153	0.513586
80000	0.990000	0.000000	0.000000	11.142319	0.513201
85000	0.990000	0.000000	0.000000	11.156182	0.512907
90000	0.990000	0.000000	0.000000	11.166768	0.512683
95000	0.990000	0.000000	0.000000	11.174854	0.512512
100000	0.990000	0.000000	0.000000	11.181034	0.512381

var1: 0.000000	 var2: 3.000000
gen	A2		B2		diseq		zbar		sexrat
0	0.990000	0.000000			3.000000	
5000	0.990000	0.000000	0.000000	6.518859	0.638045
10000	0.990000	0.000000	0.000000	8.019628	0.590655
15000	0.990000	0.000000	0.000000	8.934851	0.565364
20000	0.990000	0.000000	0.000000	9.547684	0.549726
25000	0.990000	0.000000	0.000000	9.977387	0.539322
30000	0.990000	0.000000	0.000000	10.286927	0.532094
35000	0.990000	0.000000	0.000000	10.513795	0.526933
40000	0.990000	0.000000	0.000000	10.682027	0.523177
45000	0.990000	0.000000	0.000000	10.807802	0.520408
50000	0.990000	0.000000	0.000000	10.902390	0.518347
55000	0.990000	0.000000	0.000000	10.973828	0.516803
60000	0.990000	0.000000	0.000000	11.027954	0.515639
65000	0.990000	0.000000	0.000000	11.069059	0.514760
70000	0.990000	0.000000	0.000000	11.100330	0.514093
75000	0.990000	0.000000	0.000000	11.124153	0.513586
80000	0.990000	0.000000	0.000000	11.142319	0.513201
85000	0.990000	0.000000	0.000000	11.156182	0.512907
90000	0.990000	0.000000	0.000000	11.166768	0.512683
95000	0.990000	0.000000	0.000000	11.174854	0.512512
100000	0.990000	0.000000	0.000000	11.181034	0.512381

var1: 0.000000	 var2: 3.100000
gen	A2		B2		diseq		zbar		sexrat
0	0.990000	0.000000			3.000000	
5000	0.990000	0.000000	0.000000	6.518859	0.638045
10000	0.990000	0.000000	0.000000	8.019628	0.590655
15000	0.990000	0.000000	0.000000	8.934851	0.565364
20000	0.990000	0.000000	0.000000	9.547684	0.549726
25000	0.990000	0.000000	0.000000	9.977387	0.539322
30000	0.990000	0.000000	0.000000	10.286927	0.532094
35000	0.990000	0.000000	0.000000	10.513795	0.526933
40000	0.990000	0.000000	0.000000	10.682027	0.523177
45000	0.990000	0.000000	0.000000	10.807802	0.520408
50000	0.990000	0.000000	0.000000	10.902390	0.518347
55000	0.990000	0.000000	0.000000	10.973828	0.516803
60000	0.990000	0.000000	0.000000	11.027954	0.515639
65000	0.990000	0.000000	0.000000	11.069059	0.514760
70000	0.990000	0.000000	0.000000	11.100330	0.514093
75000	0.990000	0.000000	0.000000	11.124153	0.513586
80000	0.990000	0.000000	0.000000	11.142319	0.513201
85000	0.990000	0.000000	0.000000	11.156182	0.512907
90000	0.990000	0.000000	0.000000	11.166768	0.512683
95000	0.990000	0.000000	0.000000	11.174854	0.512512
100000	0.990000	0.000000	0.000000	11.181034	0.512381

var1: 0.000000	 var2: 3.200000
gen	A2		B2		diseq		zbar		sexrat
0	0.990000	0.000000			3.000000	
5000	0.990000	0.000000	0.000000	6.518859	0.638045
10000	0.990000	0.000000	0.000000	8.019628	0.590655
15000	0.990000	0.000000	0.000000	8.934851	0.565364
20000	0.990000	0.000000	0.000000	9.547684	0.549726
25000	0.990000	0.000000	0.000000	9.977387	0.539322
30000	0.990000	0.000000	0.000000	10.286927	0.532094
35000	0.990000	0.000000	0.000000	10.513795	0.526933
40000	0.990000	0.000000	0.000000	10.682027	0.523177
45000	0.990000	0.000000	0.000000	10.807802	0.520408
50000	0.990000	0.000000	0.000000	10.902390	0.518347
55000	0.990000	0.000000	0.000000	10.973828	0.516803
60000	0.990000	0.000000	0.000000	11.027954	0.515639
65000	0.990000	0.000000	0.000000	11.069059	0.514760
70000	0.990000	0.000000	0.000000	11.100330	0.514093
75000	0.990000	0.000000	0.000000	11.124153	0.513586
80000	0.990000	0.000000	0.000000	11.142319	0.513201
85000	0.990000	0.000000	0.000000	11.156182	0.512907
90000	0.990000	0.000000	0.000000	11.166768	0.512683
95000	0.990000	0.000000	0.000000	11.174854	0.512512
100000	0.990000	0.000000	0.000000	11.181034	0.512381

var1: 0.000000	 var2: 3.300000
gen	A2		B2		diseq		zbar		sexrat
0	0.990000	0.000000			3.000000	
5000	0.990000	0.000000	0.000000	6.518859	0.638045
10000	0.990000	0.000000	0.000000	8.019628	0.590655
15000	0.990000	0.000000	0.000000	8.934851	0.565364
20000	0.990000	0.000000	0.000000	9.547684	0.549726
25000	0.990000	0.000000	0.000000	9.977387	0.539322
30000	0.990000	0.000000	0.000000	10.286927	0.532094
35000	0.990000	0.000000	0.000000	10.513795	0.526933
40000	0.990000	0.000000	0.000000	10.682027	0.523177
45000	0.990000	0.000000	0.000000	10.807802	0.520408
50000	0.990000	0.000000	0.000000	10.902390	0.518347
55000	0.990000	0.000000	0.000000	10.973828	0.516803
60000	0.990000	0.000000	0.000000	11.027954	0.515639
65000	0.990000	0.000000	0.000000	11.069059	0.514760
70000	0.990000	0.000000	0.000000	11.100330	0.514093
75000	0.990000	0.000000	0.000000	11.124153	0.513586
80000	0.990000	0.000000	0.000000	11.142319	0.513201
85000	0.990000	0.000000	0.000000	11.156182	0.512907
90000	0.990000	0.000000	0.000000	11.166768	0.512683
95000	0.990000	0.000000	0.000000	11.174854	0.512512
100000	0.990000	0.000000	0.000000	11.181034	0.512381

var1: 0.000000	 var2: 3.400000
gen	A2		B2		diseq		zbar		sexrat
0	0.990000	0.000000			3.000000	
5000	0.990000	0.000000	0.000000	6.518859	0.638045
10000	0.990000	0.000000	0.000000	8.019628	0.590655
15000	0.990000	0.000000	0.000000	8.934851	0.565364
20000	0.990000	0.000000	0.000000	9.547684	0.549726
25000	0.990000	0.000000	0.000000	9.977387	0.539322
30000	0.990000	0.000000	0.000000	10.286927	0.532094
35000	0.990000	0.000000	0.000000	10.513795	0.526933
40000	0.990000	0.000000	0.000000	10.682027	0.523177
45000	0.990000	0.000000	0.000000	10.807802	0.520408
50000	0.990000	0.000000	0.000000	10.902390	0.518347
55000	0.990000	0.000000	0.000000	10.973828	0.516803
60000	0.990000	0.000000	0.000000	11.027954	0.515639
65000	0.990000	0.000000	0.000000	11.069059	0.514760
70000	0.990000	0.000000	0.000000	11.100330	0.514093
75000	0.990000	0.000000	0.000000	11.124153	0.513586
80000	0.990000	0.000000	0.000000	11.142319	0.513201
85000	0.990000	0.000000	0.000000	11.156182	0.512907
90000	0.990000	0.000000	0.000000	11.166768	0.512683
95000	0.990000	0.000000	0.000000	11.174854	0.512512
100000	0.990000	0.000000	0.000000	11.181034	0.512381

var1: 0.000000	 var2: 3.500000
gen	A2		B2		diseq		zbar		sexrat
0	0.990000	0.000000			3.000000	
5000	0.990000	0.000000	0.000000	6.518859	0.638045
10000	0.990000	0.000000	0.000000	8.019628	0.590655
15000	0.990000	0.000000	0.000000	8.934851	0.565364
20000	0.990000	0.000000	0.000000	9.547684	0.549726
25000	0.990000	0.000000	0.000000	9.977387	0.539322
30000	0.990000	0.000000	0.000000	10.286927	0.532094
35000	0.990000	0.000000	0.000000	10.513795	0.526933
40000	0.990000	0.000000	0.000000	10.682027	0.523177
45000	0.990000	0.000000	0.000000	10.807802	0.520408
50000	0.990000	0.000000	0.000000	10.902390	0.518347
55000	0.990000	0.000000	0.000000	10.973828	0.516803
60000	0.990000	0.000000	0.000000	11.027954	0.515639
65000	0.990000	0.000000	0.000000	11.069059	0.514760
70000	0.990000	0.000000	0.000000	11.100330	0.514093
75000	0.990000	0.000000	0.000000	11.124153	0.513586
80000	0.990000	0.000000	0.000000	11.142319	0.513201
85000	0.990000	0.000000	0.000000	11.156182	0.512907
90000	0.990000	0.000000	0.000000	11.166768	0.512683
95000	0.990000	0.000000	0.000000	11.174854	0.512512
100000	0.990000	0.000000	0.000000	11.181034	0.512381

var1: 0.000000	 var2: 3.600000
gen	A2		B2		diseq		zbar		sexrat
0	0.990000	0.000000			3.000000	
5000	0.990000	0.000000	0.000000	6.518859	0.638045
10000	0.990000	0.000000	0.000000	8.019628	0.590655
15000	0.990000	0.000000	0.000000	8.934851	0.565364
20000	0.990000	0.000000	0.000000	9.547684	0.549726
25000	0.990000	0.000000	0.000000	9.977387	0.539322
30000	0.990000	0.000000	0.000000	10.286927	0.532094
35000	0.990000	0.000000	0.000000	10.513795	0.526933
40000	0.990000	0.000000	0.000000	10.682027	0.523177
45000	0.990000	0.000000	0.000000	10.807802	0.520408
50000	0.990000	0.000000	0.000000	10.902390	0.518347
55000	0.990000	0.000000	0.000000	10.973828	0.516803
60000	0.990000	0.000000	0.000000	11.027954	0.515639
65000	0.990000	0.000000	0.000000	11.069059	0.514760
70000	0.990000	0.000000	0.000000	11.100330	0.514093
75000	0.990000	0.000000	0.000000	11.124153	0.513586
80000	0.990000	0.000000	0.000000	11.142319	0.513201
85000	0.990000	0.000000	0.000000	11.156182	0.512907
90000	0.990000	0.000000	0.000000	11.166768	0.512683
95000	0.990000	0.000000	0.000000	11.174854	0.512512
100000	0.990000	0.000000	0.000000	11.181034	0.512381

var1: 0.000000	 var2: 3.700000
gen	A2		B2		diseq		zbar		sexrat
0	0.990000	0.000000			3.000000	
5000	0.990000	0.000000	0.000000	6.518859	0.638045
10000	0.990000	0.000000	0.000000	8.019628	0.590655
15000	0.990000	0.000000	0.000000	8.934851	0.565364
20000	0.990000	0.000000	0.000000	9.547684	0.549726
25000	0.990000	0.000000	0.000000	9.977387	0.539322
30000	0.990000	0.000000	0.000000	10.286927	0.532094
35000	0.990000	0.000000	0.000000	10.513795	0.526933
40000	0.990000	0.000000	0.000000	10.682027	0.523177
45000	0.990000	0.000000	0.000000	10.807802	0.520408
50000	0.990000	0.000000	0.000000	10.902390	0.518347
55000	0.990000	0.000000	0.000000	10.973828	0.516803
60000	0.990000	0.000000	0.000000	11.027954	0.515639
65000	0.990000	0.000000	0.000000	11.069059	0.514760
70000	0.990000	0.000000	0.000000	11.100330	0.514093
75000	0.990000	0.000000	0.000000	11.124153	0.513586
80000	0.990000	0.000000	0.000000	11.142319	0.513201
85000	0.990000	0.000000	0.000000	11.156182	0.512907
90000	0.990000	0.000000	0.000000	11.166768	0.512683
95000	0.990000	0.000000	0.000000	11.174854	0.512512
100000	0.990000	0.000000	0.000000	11.181034	0.512381

var1: 0.000000	 var2: 3.800000
gen	A2		B2		diseq		zbar		sexrat
0	0.990000	0.000000			3.000000	
5000	0.990000	0.000000	0.000000	6.518859	0.638045
10000	0.990000	0.000000	0.000000	8.019628	0.590655
15000	0.990000	0.000000	0.000000	8.934851	0.565364
20000	0.990000	0.000000	0.000000	9.547684	0.549726
25000	0.990000	0.000000	0.000000	9.977387	0.539322
30000	0.990000	0.000000	0.000000	10.286927	0.532094
35000	0.990000	0.000000	0.000000	10.513795	0.526933
40000	0.990000	0.000000	0.000000	10.682027	0.523177
45000	0.990000	0.000000	0.000000	10.807802	0.520408
50000	0.990000	0.000000	0.000000	10.902390	0.518347
55000	0.990000	0.000000	0.000000	10.973828	0.516803
60000	0.990000	0.000000	0.000000	11.027954	0.515639
65000	0.990000	0.000000	0.000000	11.069059	0.514760
70000	0.990000	0.000000	0.000000	11.100330	0.514093
75000	0.990000	0.000000	0.000000	11.124153	0.513586
80000	0.990000	0.000000	0.000000	11.142319	0.513201
85000	0.990000	0.000000	0.000000	11.156182	0.512907
90000	0.990000	0.000000	0.000000	11.166768	0.512683
95000	0.990000	0.000000	0.000000	11.174854	0.512512
100000	0.990000	0.000000	0.000000	11.181034	0.512381

var1: 0.000000	 var2: 3.900000
gen	A2		B2		diseq		zbar		sexrat
0	0.990000	0.000000			3.000000	
5000	0.990000	0.000000	0.000000	6.518859	0.638045
10000	0.990000	0.000000	0.000000	8.019628	0.590655
15000	0.990000	0.000000	0.000000	8.934851	0.565364
20000	0.990000	0.000000	0.000000	9.547684	0.549726
25000	0.990000	0.000000	0.000000	9.977387	0.539322
30000	0.990000	0.000000	0.000000	10.286927	0.532094
35000	0.990000	0.000000	0.000000	10.513795	0.526933
40000	0.990000	0.000000	0.000000	10.682027	0.523177
45000	0.990000	0.000000	0.000000	10.807802	0.520408
50000	0.990000	0.000000	0.000000	10.902390	0.518347
55000	0.990000	0.000000	0.000000	10.973828	0.516803
60000	0.990000	0.000000	0.000000	11.027954	0.515639
65000	0.990000	0.000000	0.000000	11.069059	0.514760
70000	0.990000	0.000000	0.000000	11.100330	0.514093
75000	0.990000	0.000000	0.000000	11.124153	0.513586
80000	0.990000	0.000000	0.000000	11.142319	0.513201
85000	0.990000	0.000000	0.000000	11.156182	0.512907
90000	0.990000	0.000000	0.000000	11.166768	0.512683
95000	0.990000	0.000000	0.000000	11.174854	0.512512
100000	0.990000	0.000000	0.000000	11.181034	0.512381

var1: 0.000000	 var2: 4.000000
gen	A2		B2		diseq		zbar		sexrat
0	0.990000	0.000000			3.000000	
5000	0.990000	0.000000	0.000000	6.518859	0.638045
10000	0.990000	0.000000	0.000000	8.019628	0.590655
15000	0.990000	0.000000	0.000000	8.934851	0.565364
20000	0.990000	0.000000	0.000000	9.547684	0.549726
25000	0.990000	0.000000	0.000000	9.977387	0.539322
30000	0.990000	0.000000	0.000000	10.286927	0.532094
35000	0.990000	0.000000	0.000000	10.513795	0.526933
40000	0.990000	0.000000	0.000000	10.682027	0.523177
45000	0.990000	0.000000	0.000000	10.807802	0.520408
50000	0.990000	0.000000	0.000000	10.902390	0.518347
55000	0.990000	0.000000	0.000000	10.973828	0.516803
60000	0.990000	0.000000	0.000000	11.027954	0.515639
65000	0.990000	0.000000	0.000000	11.069059	0.514760
70000	0.990000	0.000000	0.000000	11.100330	0.514093
75000	0.990000	0.000000	0.000000	11.124153	0.513586
80000	0.990000	0.000000	0.000000	11.142319	0.513201
85000	0.990000	0.000000	0.000000	11.156182	0.512907
90000	0.990000	0.000000	0.000000	11.166768	0.512683
95000	0.990000	0.000000	0.000000	11.174854	0.512512
100000	0.990000	0.000000	0.000000	11.181034	0.512381

var1: 0.002500	 var2: 0.000000
gen	A2		B2		diseq		zbar		sexrat
0	0.990000	0.000000			3.000000	
5000	0.990000	0.000000	0.000000	6.460542	0.705083
10000	0.990000	0.000000	0.000000	7.818834	0.665694
15000	0.990000	0.000000	0.000000	8.577424	0.645822
20000	0.990000	0.000000	0.000000	9.040041	0.634365
25000	0.990000	0.000000	0.000000	9.334049	0.627327
30000	0.990000	0.000000	0.000000	9.525205	0.622848
35000	0.990000	0.000000	0.000000	9.651192	0.619937
40000	0.990000	0.000000	0.000000	9.734938	0.618020
45000	0.990000	0.000000	0.000000	9.790910	0.616746
50000	0.990000	0.000000	0.000000	9.828454	0.615895
55000	0.990000	0.000000	0.000000	9.853696	0.615325
60000	0.990000	0.000000	0.000000	9.870694	0.614941
65000	0.990000	0.000000	0.000000	9.882153	0.614683
70000	0.990000	0.000000	0.000000	9.889882	0.614509
75000	0.990000	0.000000	0.000000	9.895099	0.614391
80000	0.990000	0.000000	0.000000	9.898621	0.614312
85000	0.990000	0.000000	0.000000	9.901000	0.614259
90000	0.990000	0.000000	0.000000	9.902606	0.614222
95000	0.990000	0.000000	0.000000	9.903691	0.614198
100000	0.990000	0.000000	0.000000	9.904423	0.614182

var1: 0.002500	 var2: 0.100000
gen	A2		B2		diseq		zbar		sexrat
0	0.990000	0.000000			3.000000	
5000	0.990000	0.000000	0.000000	6.460542	0.705083
10000	0.990000	0.000000	0.000000	7.818834	0.665694
15000	0.990000	0.000000	0.000000	8.577424	0.645822
20000	0.990000	0.000000	0.000000	9.040041	0.634365
25000	0.990000	0.000000	0.000000	9.334049	0.627327
30000	0.990000	0.000000	0.000000	9.525205	0.622848
35000	0.990000	0.000000	0.000000	9.651192	0.619937
40000	0.990000	0.000000	0.000000	9.734938	0.618020
45000	0.990000	0.000000	0.000000	9.790910	0.616746
50000	0.990000	0.000000	0.000000	9.828454	0.615895
55000	0.990000	0.000000	0.000000	9.853696	0.615325
60000	0.990000	0.000000	0.000000	9.870694	0.614941
65000	0.990000	0.000000	0.000000	9.882153	0.614683
70000	0.990000	0.000000	0.000000	9.889882	0.614509
75000	0.990000	0.000000	0.000000	9.895099	0.614391
80000	0.990000	0.000000	0.000000	9.898621	0.614312
85000	0.990000	0.000000	0.000000	9.901000	0.614259
90000	0.990000	0.000000	0.000000	9.902606	0.614222
95000	0.990000	0.000000	0.000000	9.903691	0.614198
100000	0.990000	0.000000	0.000000	9.904423	0.614182

var1: 0.002500	 var2: 0.200000
gen	A2		B2		diseq		zbar		sexrat
0	0.990000	0.000000			3.000000	
5000	0.990000	0.000000	0.000000	6.460542	0.705083
10000	0.990000	0.000000	0.000000	7.818834	0.665694
15000	0.990000	0.000000	0.000000	8.577424	0.645822
20000	0.990000	0.000000	0.000000	9.040041	0.634365
25000	0.990000	0.000000	0.000000	9.334049	0.627327
30000	0.990000	0.000000	0.000000	9.525205	0.622848
35000	0.990000	0.000000	0.000000	9.651192	0.619937
40000	0.990000	0.000000	0.000000	9.734938	0.618020
45000	0.990000	0.000000	0.000000	9.790910	0.616746
50000	0.990000	0.000000	0.000000	9.828454	0.615895
55000	0.990000	0.000000	0.000000	9.853696	0.615325
60000	0.990000	0.000000	0.000000	9.870694	0.614941
65000	0.990000	0.000000	0.000000	9.882153	0.614683
70000	0.990000	0.000000	0.000000	9.889882	0.614509
75000	0.990000	0.000000	0.000000	9.895099	0.614391
80000	0.990000	0.000000	0.000000	9.898621	0.614312
85000	0.990000	0.000000	0.000000	9.901000	0.614259
90000	0.990000	0.000000	0.000000	9.902606	0.614222
95000	0.990000	0.000000	0.000000	9.903691	0.614198
100000	0.990000	0.000000	0.000000	9.904423	0.614182

var1: 0.002500	 var2: 0.300000
gen	A2		B2		diseq		zbar		sexrat
0	0.990000	0.000000			3.000000	
5000	0.990000	0.000000	0.000000	6.460542	0.705083
10000	0.990000	0.000000	0.000000	7.818834	0.665694
15000	0.990000	0.000000	0.000000	8.577424	0.645822
20000	0.990000	0.000000	0.000000	9.040041	0.634365
25000	0.990000	0.000000	0.000000	9.334049	0.627327
30000	0.990000	0.000000	0.000000	9.525205	0.622848
35000	0.990000	0.000000	0.000000	9.651192	0.619937
40000	0.990000	0.000000	0.000000	9.734938	0.618020
45000	0.990000	0.000000	0.000000	9.790910	0.616746
50000	0.990000	0.000000	0.000000	9.828454	0.615895
55000	0.990000	0.000000	0.000000	9.853696	0.615325
60000	0.990000	0.000000	0.000000	9.870694	0.614941
65000	0.990000	0.000000	0.000000	9.882153	0.614683
70000	0.990000	0.000000	0.000000	9.889882	0.614509
75000	0.990000	0.000000	0.000000	9.895099	0.614391
80000	0.990000	0.000000	0.000000	9.898621	0.614312
85000	0.990000	0.000000	0.000000	9.901000	0.614259
90000	0.990000	0.000000	0.000000	9.902606	0.614222
95000	0.990000	0.000000	0.000000	9.903691	0.614198
100000	0.990000	0.000000	0.000000	9.904423	0.614182

var1: 0.002500	 var2: 0.400000
gen	A2		B2		diseq		zbar		sexrat
0	0.990000	0.000000			3.000000	
5000	0.990000	0.000000	0.000000	6.460542	0.705083
10000	0.990000	0.000000	0.000000	7.818834	0.665694
15000	0.990000	0.000000	0.000000	8.577424	0.645822
20000	0.990000	0.000000	0.000000	9.040041	0.634365
25000	0.990000	0.000000	0.000000	9.334049	0.627327
30000	0.990000	0.000000	0.000000	9.525205	0.622848
35000	0.990000	0.000000	0.000000	9.651192	0.619937
40000	0.990000	0.000000	0.000000	9.734938	0.618020
45000	0.990000	0.000000	0.000000	9.790910	0.616746
50000	0.990000	0.000000	0.000000	9.828454	0.615895
55000	0.990000	0.000000	0.000000	9.853696	0.615325
60000	0.990000	0.000000	0.000000	9.870694	0.614941
65000	0.990000	0.000000	0.000000	9.882153	0.614683
70000	0.990000	0.000000	0.000000	9.889882	0.614509
75000	0.990000	0.000000	0.000000	9.895099	0.614391
80000	0.990000	0.000000	0.000000	9.898621	0.614312
85000	0.990000	0.000000	0.000000	9.901000	0.614259
90000	0.990000	0.000000	0.000000	9.902606	0.614222
95000	0.990000	0.000000	0.000000	9.903691	0.614198
100000	0.990000	0.000000	0.000000	9.904423	0.614182

var1: 0.002500	 var2: 0.500000
gen	A2		B2		diseq		zbar		sexrat
0	0.990000	0.000000			3.000000	
5000	0.990000	0.000000	0.000000	6.460542	0.705083
10000	0.990000	0.000000	0.000000	7.818834	0.665694
15000	0.990000	0.000000	0.000000	8.577424	0.645822
20000	0.990000	0.000000	0.000000	9.040041	0.634365
25000	0.990000	0.000000	0.000000	9.334049	0.627327
30000	0.990000	0.000000	0.000000	9.525205	0.622848
35000	0.990000	0.000000	0.000000	9.651192	0.619937
40000	0.990000	0.000000	0.000000	9.734938	0.618020
45000	0.990000	0.000000	0.000000	9.790910	0.616746
50000	0.990000	0.000000	0.000000	9.828454	0.615895
55000	0.990000	0.000000	0.000000	9.853696	0.615325
60000	0.990000	0.000000	0.000000	9.870694	0.614941
65000	0.990000	0.000000	0.000000	9.882153	0.614683
70000	0.990000	0.000000	0.000000	9.889882	0.614509
75000	0.990000	0.000000	0.000000	9.895099	0.614391
80000	0.990000	0.000000	0.000000	9.898621	0.614312
85000	0.990000	0.000000	0.000000	9.901000	0.614259
90000	0.990000	0.000000	0.000000	9.902606	0.614222
95000	0.990000	0.000000	0.000000	9.903691	0.614198
100000	0.990000	0.000000	0.000000	9.904423	0.614182

var1: 0.002500	 var2: 0.600000
gen	A2		B2		diseq		zbar		sexrat
0	0.990000	0.000000			3.000000	
5000	0.990000	0.000000	0.000000	6.460542	0.705083
10000	0.990000	0.000000	0.000000	7.818834	0.665694
15000	0.990000	0.000000	0.000000	8.577424	0.645822
20000	0.990000	0.000000	0.000000	9.040041	0.634365
25000	0.990000	0.000000	0.000000	9.334049	0.627327
30000	0.990000	0.000000	0.000000	9.525205	0.622848
35000	0.990000	0.000000	0.000000	9.651192	0.619937
40000	0.990000	0.000000	0.000000	9.734938	0.618020
45000	0.990000	0.000000	0.000000	9.790910	0.616746
50000	0.990000	0.000000	0.000000	9.828454	0.615895
55000	0.990000	0.000000	0.000000	9.853696	0.615325
60000	0.990000	0.000000	0.000000	9.870694	0.614941
65000	0.990000	0.000000	0.000000	9.882153	0.614683
70000	0.990000	0.000000	0.000000	9.889882	0.614509
75000	0.990000	0.000000	0.000000	9.895099	0.614391
80000	0.990000	0.000000	0.000000	9.898621	0.614312
85000	0.990000	0.000000	0.000000	9.901000	0.614259
90000	0.990000	0.000000	0.000000	9.902606	0.614222
95000	0.990000	0.000000	0.000000	9.903691	0.614198
100000	0.990000	0.000000	0.000000	9.904423	0.614182

var1: 0.002500	 var2: 0.700000
gen	A2		B2		diseq		zbar		sexrat
0	0.990000	0.000000			3.000000	
5000	0.990000	0.000000	0.000000	6.460542	0.705083
10000	0.990000	0.000000	0.000000	7.818834	0.665694
15000	0.990000	0.000000	0.000000	8.577424	0.645822
20000	0.990000	0.000000	0.000000	9.040041	0.634365
25000	0.990000	0.000000	0.000000	9.334049	0.627327
30000	0.990000	0.000000	0.000000	9.525205	0.622848
35000	0.990000	0.000000	0.000000	9.651192	0.619937
40000	0.990000	0.000000	0.000000	9.734938	0.618020
45000	0.990000	0.000000	0.000000	9.790910	0.616746
50000	0.990000	0.000000	0.000000	9.828454	0.615895
55000	0.990000	0.000000	0.000000	9.853696	0.615325
60000	0.990000	0.000000	0.000000	9.870694	0.614941
65000	0.990000	0.000000	0.000000	9.882153	0.614683
70000	0.990000	0.000000	0.000000	9.889882	0.614509
75000	0.990000	0.000000	0.000000	9.895099	0.614391
80000	0.990000	0.000000	0.000000	9.898621	0.614312
85000	0.990000	0.000000	0.000000	9.901000	0.614259
90000	0.990000	0.000000	0.000000	9.902606	0.614222
95000	0.990000	0.000000	0.000000	9.903691	0.614198
100000	0.990000	0.000000	0.000000	9.904423	0.614182

var1: 0.002500	 var2: 0.800000
gen	A2		B2		diseq		zbar		sexrat
0	0.990000	0.000000			3.000000	
5000	0.990000	0.000000	0.000000	6.460542	0.705083
10000	0.990000	0.000000	0.000000	7.818834	0.665694
15000	0.990000	0.000000	0.000000	8.577424	0.645822
20000	0.990000	0.000000	0.000000	9.040041	0.634365
25000	0.990000	0.000000	0.000000	9.334049	0.627327
30000	0.990000	0.000000	0.000000	9.525205	0.622848
35000	0.990000	0.000000	0.000000	9.651192	0.619937
40000	0.990000	0.000000	0.000000	9.734938	0.618020
45000	0.990000	0.000000	0.000000	9.790910	0.616746
50000	0.990000	0.000000	0.000000	9.828454	0.615895
55000	0.990000	0.000000	0.000000	9.853696	0.615325
60000	0.990000	0.000000	0.000000	9.870694	0.614941
65000	0.990000	0.000000	0.000000	9.882153	0.614683
70000	0.990000	0.000000	0.000000	9.889882	0.614509
75000	0.990000	0.000000	0.000000	9.895099	0.614391
80000	0.990000	0.000000	0.000000	9.898621	0.614312
85000	0.990000	0.000000	0.000000	9.901000	0.614259
90000	0.990000	0.000000	0.000000	9.902606	0.614222
95000	0.990000	0.000000	0.000000	9.903691	0.614198
100000	0.990000	0.000000	0.000000	9.904423	0.614182

var1: 0.002500	 var2: 0.900000
gen	A2		B2		diseq		zbar		sexrat
0	0.990000	0.000000			3.000000	
5000	0.990000	0.000000	0.000000	6.460542	0.705083
10000	0.990000	0.000000	0.000000	7.818834	0.665694
15000	0.990000	0.000000	0.000000	8.577424	0.645822
20000	0.990000	0.000000	0.000000	9.040041	0.634365
25000	0.990000	0.000000	0.000000	9.334049	0.627327
30000	0.990000	0.000000	0.000000	9.525205	0.622848
35000	0.990000	0.000000	0.000000	9.651192	0.619937
40000	0.990000	0.000000	0.000000	9.734938	0.618020
45000	0.990000	0.000000	0.000000	9.790910	0.616746
50000	0.990000	0.000000	0.000000	9.828454	0.615895
55000	0.990000	0.000000	0.000000	9.853696	0.615325
60000	0.990000	0.000000	0.000000	9.870694	0.614941
65000	0.990000	0.000000	0.000000	9.882153	0.614683
70000	0.990000	0.000000	0.000000	9.889882	0.614509
75000	0.990000	0.000000	0.000000	9.895099	0.614391
80000	0.990000	0.000000	0.000000	9.898621	0.614312
85000	0.990000	0.000000	0.000000	9.901000	0.614259
90000	0.990000	0.000000	0.000000	9.902606	0.614222
95000	0.990000	0.000000	0.000000	9.903691	0.614198
100000	0.990000	0.000000	0.000000	9.904423	0.614182

var1: 0.002500	 var2: 1.000000
gen	A2		B2		diseq		zbar		sexrat
0	0.990000	0.000000			3.000000	
5000	0.990000	0.000000	0.000000	6.460542	0.705083
10000	0.990000	0.000000	0.000000	7.818834	0.665694
15000	0.990000	0.000000	0.000000	8.577424	0.645822
20000	0.990000	0.000000	0.000000	9.040041	0.634365
25000	0.990000	0.000000	0.000000	9.334049	0.627327
30000	0.990000	0.000000	0.000000	9.525205	0.622848
35000	0.990000	0.000000	0.000000	9.651192	0.619937
40000	0.990000	0.000000	0.000000	9.734938	0.618020
45000	0.990000	0.000000	0.000000	9.790910	0.616746
50000	0.990000	0.000000	0.000000	9.828454	0.615895
55000	0.990000	0.000000	0.000000	9.853696	0.615325
60000	0.990000	0.000000	0.000000	9.870694	0.614941
65000	0.990000	0.000000	0.000000	9.882153	0.614683
70000	0.990000	0.000000	0.000000	9.889882	0.614509
75000	0.990000	0.000000	0.000000	9.895099	0.614391
80000	0.990000	0.000000	0.000000	9.898621	0.614312
85000	0.990000	0.000000	0.000000	9.901000	0.614259
90000	0.990000	0.000000	0.000000	9.902606	0.614222
95000	0.990000	0.000000	0.000000	9.903691	0.614198
100000	0.990000	0.000000	0.000000	9.904423	0.614182

var1: 0.002500	 var2: 1.100000
gen	A2		B2		diseq		zbar		sexrat
0	0.990000	0.000000			3.000000	
5000	0.990000	0.000000	0.000000	6.460542	0.705083
10000	0.990000	0.000000	0.000000	7.818834	0.665694
15000	0.990000	0.000000	0.000000	8.577424	0.645822
20000	0.990000	0.000000	0.000000	9.040041	0.634365
25000	0.990000	0.000000	0.000000	9.334049	0.627327
30000	0.990000	0.000000	0.000000	9.525205	0.622848
35000	0.990000	0.000000	0.000000	9.651192	0.619937
40000	0.990000	0.000000	0.000000	9.734938	0.618020
45000	0.990000	0.000000	0.000000	9.790910	0.616746
50000	0.990000	0.000000	0.000000	9.828454	0.615895
55000	0.990000	0.000000	0.000000	9.853696	0.615325
60000	0.990000	0.000000	0.000000	9.870694	0.614941
65000	0.990000	0.000000	0.000000	9.882153	0.614683
70000	0.990000	0.000000	0.000000	9.889882	0.614509
75000	0.990000	0.000000	0.000000	9.895099	0.614391
80000	0.990000	0.000000	0.000000	9.898621	0.614312
85000	0.990000	0.000000	0.000000	9.901000	0.614259
90000	0.990000	0.000000	0.000000	9.902606	0.614222
95000	0.990000	0.000000	0.000000	9.903691	0.614198
100000	0.990000	0.000000	0.000000	9.904423	0.614182

var1: 0.002500	 var2: 1.200000
gen	A2		B2		diseq		zbar		sexrat
0	0.990000	0.000000			3.000000	
5000	0.990000	0.000000	0.000000	6.460542	0.705083
10000	0.990000	0.000000	0.000000	7.818834	0.665694
15000	0.990000	0.000000	0.000000	8.577424	0.645822
20000	0.990000	0.000000	0.000000	9.040041	0.634365
25000	0.990000	0.000000	0.000000	9.334049	0.627327
30000	0.990000	0.000000	0.000000	9.525205	0.622848
35000	0.990000	0.000000	0.000000	9.651192	0.619937
40000	0.990000	0.000000	0.000000	9.734938	0.618020
45000	0.990000	0.000000	0.000000	9.790910	0.616746
50000	0.990000	0.000000	0.000000	9.828454	0.615895
55000	0.990000	0.000000	0.000000	9.853696	0.615325
60000	0.990000	0.000000	0.000000	9.870694	0.614941
65000	0.990000	0.000000	0.000000	9.882153	0.614683
70000	0.990000	0.000000	0.000000	9.889882	0.614509
75000	0.990000	0.000000	0.000000	9.895099	0.614391
80000	0.990000	0.000000	0.000000	9.898621	0.614312
85000	0.990000	0.000000	0.000000	9.901000	0.614259
90000	0.990000	0.000000	0.000000	9.902606	0.614222
95000	0.990000	0.000000	0.000000	9.903691	0.614198
100000	0.990000	0.000000	0.000000	9.904423	0.614182

var1: 0.002500	 var2: 1.300000
gen	A2		B2		diseq		zbar		sexrat
0	0.990000	0.000000			3.000000	
5000	0.990000	0.000000	0.000000	6.460542	0.705083
10000	0.990000	0.000000	0.000000	7.818834	0.665694
15000	0.990000	0.000000	0.000000	8.577424	0.645822
20000	0.990000	0.000000	0.000000	9.040041	0.634365
25000	0.990000	0.000000	0.000000	9.334049	0.627327
30000	0.990000	0.000000	0.000000	9.525205	0.622848
35000	0.990000	0.000000	0.000000	9.651192	0.619937
40000	0.990000	0.000000	0.000000	9.734938	0.618020
45000	0.990000	0.000000	0.000000	9.790910	0.616746
50000	0.990000	0.000000	0.000000	9.828454	0.615895
55000	0.990000	0.000000	0.000000	9.853696	0.615325
60000	0.990000	0.000000	0.000000	9.870694	0.614941
65000	0.990000	0.000000	0.000000	9.882153	0.614683
70000	0.990000	0.000000	0.000000	9.889882	0.614509
75000	0.990000	0.000000	0.000000	9.895099	0.614391
80000	0.990000	0.000000	0.000000	9.898621	0.614312
85000	0.990000	0.000000	0.000000	9.901000	0.614259
90000	0.990000	0.000000	0.000000	9.902606	0.614222
95000	0.990000	0.000000	0.000000	9.903691	0.614198
100000	0.990000	0.000000	0.000000	9.904423	0.614182

var1: 0.002500	 var2: 1.400000
gen	A2		B2		diseq		zbar		sexrat
0	0.990000	0.000000			3.000000	
5000	0.990000	0.000000	0.000000	6.460542	0.705083
10000	0.990000	0.000000	0.000000	7.818834	0.665694
15000	0.990000	0.000000	0.000000	8.577424	0.645822
20000	0.990000	0.000000	0.000000	9.040041	0.634365
25000	0.990000	0.000000	0.000000	9.334049	0.627327
30000	0.990000	0.000000	0.000000	9.525205	0.622848
35000	0.990000	0.000000	0.000000	9.651192	0.619937
40000	0.990000	0.000000	0.000000	9.734938	0.618020
45000	0.990000	0.000000	0.000000	9.790910	0.616746
50000	0.990000	0.000000	0.000000	9.828454	0.615895
55000	0.990000	0.000000	0.000000	9.853696	0.615325
60000	0.990000	0.000000	0.000000	9.870694	0.614941
65000	0.990000	0.000000	0.000000	9.882153	0.614683
70000	0.990000	0.000000	0.000000	9.889882	0.614509
75000	0.990000	0.000000	0.000000	9.895099	0.614391
80000	0.990000	0.000000	0.000000	9.898621	0.614312
85000	0.990000	0.000000	0.000000	9.901000	0.614259
90000	0.990000	0.000000	0.000000	9.902606	0.614222
95000	0.990000	0.000000	0.000000	9.903691	0.614198
100000	0.990000	0.000000	0.000000	9.904423	0.614182

var1: 0.002500	 var2: 1.500000
gen	A2		B2		diseq		zbar		sexrat
0	0.990000	0.000000			3.000000	
5000	0.990000	0.000000	0.000000	6.460542	0.705083
10000	0.990000	0.000000	0.000000	7.818834	0.665694
15000	0.990000	0.000000	0.000000	8.577424	0.645822
20000	0.990000	0.000000	0.000000	9.040041	0.634365
25000	0.990000	0.000000	0.000000	9.334049	0.627327
30000	0.990000	0.000000	0.000000	9.525205	0.622848
35000	0.990000	0.000000	0.000000	9.651192	0.619937
40000	0.990000	0.000000	0.000000	9.734938	0.618020
45000	0.990000	0.000000	0.000000	9.790910	0.616746
50000	0.990000	0.000000	0.000000	9.828454	0.615895
55000	0.990000	0.000000	0.000000	9.853696	0.615325
60000	0.990000	0.000000	0.000000	9.870694	0.614941
65000	0.990000	0.000000	0.000000	9.882153	0.614683
70000	0.990000	0.000000	0.000000	9.889882	0.614509
75000	0.990000	0.000000	0.000000	9.895099	0.614391
80000	0.990000	0.000000	0.000000	9.898621	0.614312
85000	0.990000	0.000000	0.000000	9.901000	0.614259
90000	0.990000	0.000000	0.000000	9.902606	0.614222
95000	0.990000	0.000000	0.000000	9.903691	0.614198
100000	0.990000	0.000000	0.000000	9.904423	0.614182

var1: 0.002500	 var2: 1.600000
gen	A2		B2		diseq		zbar		sexrat
0	0.990000	0.000000			3.000000	
5000	0.990000	0.000000	0.000000	6.460542	0.705083
10000	0.990000	0.000000	0.000000	7.818834	0.665694
15000	0.990000	0.000000	0.000000	8.577424	0.645822
20000	0.990000	0.000000	0.000000	9.040041	0.634365
25000	0.990000	0.000000	0.000000	9.334049	0.627327
30000	0.990000	0.000000	0.000000	9.525205	0.622848
35000	0.990000	0.000000	0.000000	9.651192	0.619937
40000	0.990000	0.000000	0.000000	9.734938	0.618020
45000	0.990000	0.000000	0.000000	9.790910	0.616746
50000	0.990000	0.000000	0.000000	9.828454	0.615895
55000	0.990000	0.000000	0.000000	9.853696	0.615325
60000	0.990000	0.000000	0.000000	9.870694	0.614941
65000	0.990000	0.000000	0.000000	9.882153	0.614683
70000	0.990000	0.000000	0.000000	9.889882	0.614509
75000	0.990000	0.000000	0.000000	9.895099	0.614391
80000	0.990000	0.000000	0.000000	9.898621	0.614312
85000	0.990000	0.000000	0.000000	9.901000	0.614259
90000	0.990000	0.000000	0.000000	9.902606	0.614222
95000	0.990000	0.000000	0.000000	9.903691	0.614198
100000	0.990000	0.000000	0.000000	9.904423	0.614182

var1: 0.002500	 var2: 1.700000
gen	A2		B2		diseq		zbar		sexrat
0	0.990000	0.000000			3.000000	
5000	0.990000	0.000000	0.000000	6.460542