
########################### Run 1 ######################
var1: 0.000000	 var2: 0.000000
gen	A2		B2		diseq		zbar		sexrat
0	0.990000	0.000000			3.336000	
600	0.990000	0.000000	0.000000	3.336000	1.000000
1200	0.990000	0.000000	0.000000	3.336000	1.000000
1800	0.990000	0.000000	0.000000	3.336000	1.000000
2400	0.990000	0.000000	0.000000	3.336000	1.000000
3000	0.990000	0.000000	0.000000	3.336000	1.000000

var1: 0.000000	 var2: 0.050000
gen	A2		B2		diseq		zbar		sexrat
0	0.990000	0.000000			3.336000	
600	0.990000	0.000000	0.000000	3.336000	0.867624
1200	0.990000	0.000000	0.000000	3.336000	0.867624
1800	0.990000	0.000000	0.000000	3.336000	0.867624
2400	0.990000	0.000000	0.000000	3.336000	0.867624
3000	0.990000	0.000000	0.000000	3.336000	0.867624

var1: 0.000000	 var2: 0.100000
gen	A2		B2		diseq		zbar		sexrat
0	0.990000	0.000000			3.336000	
600	0.990000	0.000000	0.000000	3.336000	0.781208
1200	0.990000	0.000000	0.000000	3.336000	0.781208
1800	0.990000	0.000000	0.000000	3.336000	0.781208
2400	0.990000	0.000000	0.000000	3.336000	0.781208
3000	0.990000	0.000000	0.000000	3.336000	0.781208

var1: 0.000000	 var2: 0.150000
gen	A2		B2		diseq		zbar		sexrat
0	0.990000	0.000000			3.336000	
600	0.990000	0.000000	0.000000	3.336000	0.721057
1200	0.990000	0.000000	0.000000	3.336000	0.721057
1800	0.990000	0.000000	0.000000	3.336000	0.721057
2400	0.990000	0.000000	0.000000	3.336000	0.721057
3000	0.990000	0.000000	0.000000	3.336000	0.721057

var1: 0.000000	 var2: 0.200000
gen	A2		B2		diseq		zbar		sexrat
0	0.990000	0.000000			3.336000	
600	0.990000	0.000000	0.000000	3.336000	0.677282
1200	0.990000	0.000000	0.000000	3.336000	0.677282
1800	0.990000	0.000000	0.000000	3.336000	0.677282
2400	0.990000	0.000000	0.000000	3.336000	0.677282
3000	0.990000	0.000000	0.000000	3.336000	0.677282

var1: 0.000000	 var2: 0.250000
gen	A2		B2		diseq		zbar		sexrat
0	0.990000	0.000000			3.336000	
600	0.990000	0.000000	0.000000	3.336000	0.644369
1200	0.990000	0.000000	0.000000	3.336000	0.644369
1800	0.990000	0.000000	0.000000	3.336000	0.644369
2400	0.990000	0.000000	0.000000	3.336000	0.644369
3000	0.990000	0.000000	0.000000	3.336000	0.644369

var1: 0.050000	 var2: 0.000000
gen	A2		B2		diseq		zbar		sexrat
0	0.990000	0.000000			3.336000	
600	0.990000	0.000000	0.000000	3.336000	1.152573
1200	0.990000	0.000000	0.000000	3.336000	1.152573
1800	0.990000	0.000000	0.000000	3.336000	1.152573
2400	0.990000	0.000000	0.000000	3.336000	1.152573
3000	0.990000	0.000000	0.000000	3.336000	1.152573

var1: 0.050000	 var2: 0.050000
gen	A2		B2		diseq		zbar		sexrat
0	0.990000	0.000000			3.336000	
600	0.990000	0.000000	0.000000	3.336000	1.000000
1200	0.990000	0.000000	0.000000	3.336000	1.000000
1800	0.990000	0.000000	0.000000	3.336000	1.000000
2400	0.990000	0.000000	0.000000	3.336000	1.000000
3000	0.990000	0.000000	0.000000	3.336000	1.000000

var1: 0.050000	 var2: 0.100000
gen	A2		B2		diseq		zbar		sexrat
0	0.990000	0.000000			3.336000	
600	0.990000	0.000000	0.000000	3.336000	0.886921
1200	0.990000	0.000000	0.000000	3.336000	0.886921
1800	0.990000	0.000000	0.000000	3.336000	0.886921
2400	0.990000	0.000000	0.000000	3.336000	0.886921
3000	0.990000	0.000000	0.000000	3.336000	0.886921

var1: 0.050000	 var2: 0.150000
gen	A2		B2		diseq		zbar		sexrat
0	0.990000	0.000000			3.336000	
600	0.990000	0.000000	0.000000	3.336000	0.810189
1200	0.990000	0.000000	0.000000	3.336000	0.810189
1800	0.990000	0.000000	0.000000	3.336000	0.810189
2400	0.990000	0.000000	0.000000	3.336000	0.810189
3000	0.990000	0.000000	0.000000	3.336000	0.810189

var1: 0.050000	 var2: 0.200000
gen	A2		B2		diseq		zbar		sexrat
0	0.990000	0.000000			3.336000	
600	0.990000	0.000000	0.000000	3.336000	0.755334
1200	0.990000	0.000000	0.000000	3.336000	0.755334
1800	0.990000	0.000000	0.000000	3.336000	0.755334
2400	0.990000	0.000000	0.000000	3.336000	0.755334
3000	0.990000	0.000000	0.000000	3.336000	0.755334

var1: 0.050000	 var2: 0.250000
gen	A2		B2		diseq		zbar		sexrat
0	0.990000	0.000000			3.336000	
600	0.990000	0.000000	0.000000	3.336000	0.714626
1200	0.990000	0.000000	0.000000	3.336000	0.714626
1800	0.990000	0.000000	0.000000	3.336000	0.714626
2400	0.990000	0.000000	0.000000	3.336000	0.714626
3000	0.990000	0.000000	0.000000	3.336000	0.714626

var1: 0.100000	 var2: 0.000000
gen	A2		B2		diseq		zbar		sexrat
0	0.990000	0.000000			3.336000	
600	0.990000	0.000000	0.000000	3.336000	1.280069
1200	0.990000	0.000000	0.000000	3.336000	1.280069
1800	0.990000	0.000000	0.000000	3.336000	1.280069
2400	0.990000	0.000000	0.000000	3.336000	1.280069
3000	0.990000	0.000000	0.000000	3.336000	1.280069

var1: 0.100000	 var2: 0.050000
gen	A2		B2		diseq		zbar		sexrat
0	0.990000	0.000000			3.336000	
600	0.990000	0.000000	0.000000	3.336000	1.127497
1200	0.990000	0.000000	0.000000	3.336000	1.127497
1800	0.990000	0.000000	0.000000	3.336000	1.127497
2400	0.990000	0.000000	0.000000	3.336000	1.127497
3000	0.990000	0.000000	0.000000	3.336000	1.127497

var1: 0.100000	 var2: 0.100000
gen	A2		B2		diseq		zbar		sexrat
0	0.990000	0.000000			3.336000	
600	0.990000	0.000000	0.000000	3.336000	1.000000
1200	0.990000	0.000000	0.000000	3.336000	1.000000
1800	0.990000	0.000000	0.000000	3.336000	1.000000
2400	0.990000	0.000000	0.000000	3.336000	1.000000
3000	0.990000	0.000000	0.000000	3.336000	1.000000

var1: 0.100000	 var2: 0.150000
gen	A2		B2		diseq		zbar		sexrat
0	0.990000	0.000000			3.336000	
600	0.990000	0.000000	0.000000	3.336000	0.903519
1200	0.990000	0.000000	0.000000	3.336000	0.903519
1800	0.990000	0.000000	0.000000	3.336000	0.903519
2400	0.990000	0.000000	0.000000	3.336000	0.903519
3000	0.990000	0.000000	0.000000	3.336000	0.903519

var1: 0.100000	 var2: 0.200000
gen	A2		B2		diseq		zbar		sexrat
0	0.990000	0.000000			3.336000	
600	0.990000	0.000000	0.000000	3.336000	0.835826
1200	0.990000	0.000000	0.000000	3.336000	0.835826
1800	0.990000	0.000000	0.000000	3.336000	0.835826
2400	0.990000	0.000000	0.000000	3.336000	0.835826
3000	0.990000	0.000000	0.000000	3.336000	0.835826

var1: 0.100000	 var2: 0.250000
gen	A2		B2		diseq		zbar		sexrat
0	0.990000	0.000000			3.336000	
600	0.990000	0.000000	0.000000	3.336000	0.786265
1200	0.990000	0.000000	0.000000	3.336000	0.786265
1800	0.990000	0.000000	0.000000	3.336000	0.786265
2400	0.990000	0.000000	0.000000	3.336000	0.786265
3000	0.990000	0.000000	0.000000	3.336000	0.786265

var1: 0.150000	 var2: 0.000000
gen	A2		B2		diseq		zbar		sexrat
0	0.990000	0.000000			3.336000	
600	0.990000	0.000000	0.000000	3.336000	1.386853
1200	0.990000	0.000000	0.000000	3.336000	1.386853
1800	0.990000	0.000000	0.000000	3.336000	1.386853
2400	0.990000	0.000000	0.000000	3.336000	1.386853
3000	0.990000	0.000000	0.000000	3.336000	1.386853

var1: 0.150000	 var2: 0.050000
gen	A2		B2		diseq		zbar		sexrat
0	0.990000	0.000000			3.336000	
600	0.990000	0.000000	0.000000	3.336000	1.234280
1200	0.990000	0.000000	0.000000	3.336000	1.234280
1800	0.990000	0.000000	0.000000	3.336000	1.234280
2400	0.990000	0.000000	0.000000	3.336000	1.234280
3000	0.990000	0.000000	0.000000	3.336000	1.234280

var1: 0.150000	 var2: 0.100000
gen	A2		B2		diseq		zbar		sexrat
0	0.990000	0.000000			3.336000	
600	0.990000	0.000000	0.000000	3.336000	1.106784
1200	0.990000	0.000000	0.000000	3.336000	1.106784
1800	0.990000	0.000000	0.000000	3.336000	1.106784
2400	0.990000	0.000000	0.000000	3.336000	1.106784
3000	0.990000	0.000000	0.000000	3.336000	1.106784

var1: 0.150000	 var2: 0.150000
gen	A2		B2		diseq		zbar		sexrat
0	0.990000	0.000000			3.336000	
600	0.990000	0.000000	0.000000	3.336000	1.000000
1200	0.990000	0.000000	0.000000	3.336000	1.000000
1800	0.990000	0.000000	0.000000	3.336000	1.000000
2400	0.990000	0.000000	0.000000	3.336000	1.000000
3000	0.990000	0.000000	0.000000	3.336000	1.000000

var1: 0.150000	 var2: 0.200000
gen	A2		B2		diseq		zbar		sexrat
0	0.990000	0.000000			3.336000	
600	0.990000	0.000000	0.000000	3.336000	0.917736
1200	0.990000	0.000000	0.000000	3.336000	0.917736
1800	0.990000	0.000000	0.000000	3.336000	0.917736
2400	0.990000	0.000000	0.000000	3.336000	0.917736
3000	0.990000	0.000000	0.000000	3.336000	0.917736

var1: 0.150000	 var2: 0.250000
gen	A2		B2		diseq		zbar		sexrat
0	0.990000	0.000000			3.336000	
600	0.990000	0.000000	0.000000	3.336000	0.858331
1200	0.990000	0.000000	0.000000	3.336000	0.858331
1800	0.990000	0.000000	0.000000	3.336000	0.858331
2400	0.990000	0.000000	0.000000	3.336000	0.858331
3000	0.990000	0.000000	0.000000	3.336000	0.858331

var1: 0.200000	 var2: 0.000000
gen	A2		B2		diseq		zbar		sexrat
0	0.990000	0.000000			3.336000	
600	0.990000	0.000000	0.000000	3.336000	1.476490
1200	0.990000	0.000000	0.000000	3.336000	1.476490
1800	0.990000	0.000000	0.000000	3.336000	1.476490
2400	0.990000	0.000000	0.000000	3.336000	1.476490
3000	0.990000	0.000000	0.000000	3.336000	1.476490

var1: 0.200000	 var2: 0.050000
gen	A2		B2		diseq		zbar		sexrat
0	0.990000	0.000000			3.336000	
600	0.990000	0.000000	0.000000	3.336000	1.323918
1200	0.990000	0.000000	0.000000	3.336000	1.323918
1800	0.990000	0.000000	0.000000	3.336000	1.323918
2400	0.990000	0.000000	0.000000	3.336000	1.323918
3000	0.990000	0.000000	0.000000	3.336000	1.323918

var1: 0.200000	 var2: 0.100000
gen	A2		B2		diseq		zbar		sexrat
0	0.990000	0.000000			3.336000	
600	0.990000	0.000000	0.000000	3.336000	1.196421
1200	0.990000	0.000000	0.000000	3.336000	1.196421
1800	0.990000	0.000000	0.000000	3.336000	1.196421
2400	0.990000	0.000000	0.000000	3.336000	1.196421
3000	0.990000	0.000000	0.000000	3.336000	1.196421

var1: 0.200000	 var2: 0.150000
gen	A2		B2		diseq		zbar		sexrat
0	0.990000	0.000000			3.336000	
600	0.990000	0.000000	0.000000	3.336000	1.089638
1200	0.990000	0.000000	0.000000	3.336000	1.089638
1800	0.990000	0.000000	0.000000	3.336000	1.089638
2400	0.990000	0.000000	0.000000	3.336000	1.089638
3000	0.990000	0.000000	0.000000	3.336000	1.089638

var1: 0.200000	 var2: 0.200000
gen	A2		B2		diseq		zbar		sexrat
0	0.990000	0.000000			3.336000	
600	0.990000	0.000000	0.000000	3.336000	1.000000
1200	0.990000	0.000000	0.000000	3.336000	1.000000
1800	0.990000	0.000000	0.000000	3.336000	1.000000
2400	0.990000	0.000000	0.000000	3.336000	1.000000
3000	0.990000	0.000000	0.000000	3.336000	1.000000

var1: 0.200000	 var2: 0.250000
gen	A2		B2		diseq		zbar		sexrat
0	0.990000	0.000000			3.336000	
600	0.990000	0.000000	0.000000	3.336000	0.929874
1200	0.990000	0.000000	0.000000	3.336000	0.929874
1800	0.990000	0.000000	0.000000	3.336000	0.929874
2400	0.990000	0.000000	0.000000	3.336000	0.929874
3000	0.990000	0.000000	0.000000	3.336000	0.929874

var1: 0.250000	 var2: 0.000000
gen	A2		B2		diseq		zbar		sexrat
0	0.990000	0.000000			3.336000	
600	0.990000	0.000000	0.000000	3.336000	1.551905
1200	0.990000	0.000000	0.000000	3.336000	1.551905
1800	0.990000	0.000000	0.000000	3.336000	1.551905
2400	0.990000	0.000000	0.000000	3.336000	1.551905
3000	0.990000	0.000000	0.000000	3.336000	1.551905

var1: 0.250000	 var2: 0.050000
gen	A2		B2		diseq		zbar		sexrat
0	0.990000	0.000000			3.336000	
600	0.990000	0.000000	0.000000	3.336000	1.399332
1200	0.990000	0.000000	0.000000	3.336000	1.399332
1800	0.990000	0.000000	0.000000	3.336000	1.399332
2400	0.990000	0.000000	0.000000	3.336000	1.399332
3000	0.990000	0.000000	0.000000	3.336000	1.399332

var1: 0.250000	 var2: 0.100000
gen	A2		B2		diseq		zbar		sexrat
0	0.990000	0.000000			3.336000	
600	0.990000	0.000000	0.000000	3.336000	1.271836
1200	0.990000	0.000000	0.000000	3.336000	1.271836
1800	0.990000	0.000000	0.000000	3.336000	1.271836
2400	0.990000	0.000000	0.000000	3.336000	1.271836
3000	0.990000	0.000000	0.000000	3.336000	1.271836

var1: 0.250000	 var2: 0.150000
gen	A2		B2		diseq		zbar		sexrat
0	0.990000	0.000000			3.336000	
600	0.990000	0.000000	0.000000	3.336000	1.165052
1200	0.990000	0.000000	0.000000	3.336000	1.165052
1800	0.990000	0.000000	0.000000	3.336000	1.165052
2400	0.990000	0.000000	0.000000	3.336000	1.165052
3000	0.990000	0.000000	0.000000	3.336000	1.165052

var1: 0.250000	 var2: 0.200000
gen	A2		B2		diseq		zbar		sexrat
0	0.990000	0.000000			3.336000	
600	0.990000	0.000000	0.000000	3.336000	1.075415
1200	0.990000	0.000000	0.000000	3.336000	1.075415
1800	0.990000	0.000000	0.000000	3.336000	1.075415
2400	0.990000	0.000000	0.000000	3.336000	1.075415
3000	0.990000	0.000000	0.000000	3.336000	1.075415

var1: 0.250000	 var2: 0.250000
gen	A2		B2		diseq		zbar		sexrat
0	0.990000	0.000000			3.336000	
600	0.990000	0.000000	0.000000	3.336000	1.000000
1200	0.990000	0.000000	0.000000	3.336000	1.000000
1800	0.990000	0.000000	0.000000	3.336000	1.000000
2400	0.990000	0.000000	0.000000	3.336000	1.000000
3000	0.990000	0.000000	0.000000	3.336000	1.000000


########################### Run 2 ######################
var1: 0.000000	 var2: 0.000000
gen	A2		B2		diseq		zbar		sexrat
0	0.990000	0.100000			3.336000	
600	1.000000	0.999958	0.000000	3.336000	0.990099
1200	1.000000	1.000000	0.000000	3.336000	0.990099
1800	1.000000	1.000000	0.000000	3.336000	0.990099
2400	1.000000	1.000000	0.000000	3.336000	0.990099
3000	1.000000	1.000000	0.000000	3.336000	0.990099

var1: 0.000000	 var2: 0.050000
gen	A2		B2		diseq		zbar		sexrat
0	0.990000	0.100000			3.336000	
600	0.999962	0.732264	0.000000	3.336000	0.822125
1200	1.000000	0.983763	0.000000	3.336000	0.806857
1800	1.000000	0.999245	0.000000	3.336000	0.805923
2400	1.000000	0.999965	0.000000	3.336000	0.805879
3000	1.000000	0.999998	0.000000	3.336000	0.805877

var1: 0.000000	 var2: 0.100000
gen	A2		B2		diseq		zbar		sexrat
0	0.990000	0.100000			3.336000	
600	0.995647	0.028013	0.000004	3.336000	0.779013
1200	0.996514	0.007247	0.000001	3.336000	0.780639
1800	0.996707	0.001844	0.000000	3.336000	0.781063
2400	0.996754	0.000467	0.000000	3.336000	0.781171
3000	0.996766	0.000118	0.000000	3.336000	0.781199

var1: 0.000000	 var2: 0.150000
gen	A2		B2		diseq		zbar		sexrat
0	0.990000	0.100000			3.336000	
600	0.993614	0.004442	0.000001	3.336000	0.720705
1200	0.993734	0.000178	0.000000	3.336000	0.721043
1800	0.993738	0.000007	0.000000	3.336000	0.721057
2400	0.993739	0.000000	0.000000	3.336000	0.721057
3000	0.993739	0.000000	0.000000	3.336000	0.721057

var1: 0.000000	 var2: 0.200000
gen	A2		B2		diseq		zbar		sexrat
0	0.990000	0.100000			3.336000	
600	0.993336	0.003215	0.000001	3.336000	0.677041
1200	0.993420	0.000095	0.000000	3.336000	0.677275
1800	0.993422	0.000003	0.000000	3.336000	0.677282
2400	0.993422	0.000000	0.000000	3.336000	0.677282
3000	0.993422	0.000000	0.000000	3.336000	0.677282

var1: 0.000000	 var2: 0.250000
gen	A2		B2		diseq		zbar		sexrat
0	0.990000	0.100000			3.336000	
600	0.993728	0.005594	0.000001	3.336000	0.643985
1200	0.993888	0.000295	0.000000	3.336000	0.644349
1800	0.993897	0.000016	0.000000	3.336000	0.644368
2400	0.993897	0.000001	0.000000	3.336000	0.644369
3000	0.993897	0.000000	0.000000	3.336000	0.644369

var1: 0.050000	 var2: 0.000000
gen	A2		B2		diseq		zbar		sexrat
0	0.990000	0.100000			3.336000	
600	0.999673	0.999983	0.000000	3.336000	1.223187
1200	0.999994	1.000000	0.000000	3.336000	1.223215
1800	1.000000	1.000000	0.000000	3.336000	1.223216
2400	1.000000	1.000000	0.000000	3.336000	1.223216
3000	1.000000	1.000000	0.000000	3.336000	1.223216

var1: 0.050000	 var2: 0.050000
gen	A2		B2		diseq		zbar		sexrat
0	0.990000	0.100000			3.336000	
600	0.998554	0.787395	0.000008	3.336000	0.994060
1200	0.999981	0.991601	0.000000	3.336000	0.992457
1800	1.000000	0.999734	0.000000	3.336000	0.992393
2400	1.000000	0.999992	0.000000	3.336000	0.992391
3000	1.000000	1.000000	0.000000	3.336000	0.992391

var1: 0.050000	 var2: 0.100000
gen	A2		B2		diseq		zbar		sexrat
0	0.990000	0.100000			3.336000	
600	0.992580	0.025188	0.000006	3.336000	0.885878
1200	0.993086	0.005824	0.000001	3.336000	0.886679
1800	0.993197	0.001326	0.000000	3.336000	0.886866
2400	0.993222	0.000301	0.000000	3.336000	0.886908
3000	0.993228	0.000068	0.000000	3.336000	0.886918

var1: 0.050000	 var2: 0.150000
gen	A2		B2		diseq		zbar		sexrat
0	0.990000	0.100000			3.336000	
600	0.991582	0.003477	0.000001	3.336000	0.810012
1200	0.991630	0.000109	0.000000	3.336000	0.810183
1800	0.991631	0.000003	0.000000	3.336000	0.810189
2400	0.991631	0.000000	0.000000	3.336000	0.810189
3000	0.991631	0.000000	0.000000	3.336000	0.810189

var1: 0.050000	 var2: 0.200000
gen	A2		B2		diseq		zbar		sexrat
0	0.990000	0.100000			3.336000	
600	0.991531	0.002485	0.000001	3.336000	0.755208
1200	0.991565	0.000057	0.000000	3.336000	0.755331
1800	0.991566	0.000001	0.000000	3.336000	0.755334
2400	0.991566	0.000000	0.000000	3.336000	0.755334
3000	0.991566	0.000000	0.000000	3.336000	0.755334

var1: 0.050000	 var2: 0.250000
gen	A2		B2		diseq		zbar		sexrat
0	0.990000	0.100000			3.336000	
600	0.991830	0.004546	0.000001	3.336000	0.714416
1200	0.991904	0.000196	0.000000	3.336000	0.714617
1800	0.991908	0.000008	0.000000	3.336000	0.714626
2400	0.991908	0.000000	0.000000	3.336000	0.714626
3000	0.991908	0.000000	0.000000	3.336000	0.714626

var1: 0.100000	 var2: 0.000000
gen	A2		B2		diseq		zbar		sexrat
0	0.990000	0.100000			3.336000	
600	0.983729	0.999984	0.000000	3.336000	1.398329
1200	0.969862	1.000000	0.000000	3.336000	1.396426
1800	0.944818	1.000000	0.000000	3.336000	1.392992
2400	0.901014	1.000000	0.000000	3.336000	1.387010
3000	0.828544	1.000000	0.000000	3.336000	1.377175

var1: 0.100000	 var2: 0.050000
gen	A2		B2		diseq		zbar		sexrat
0	0.990000	0.100000			3.336000	
600	0.986150	0.906824	0.000036	3.336000	1.164919
1200	0.973007	0.998826	0.000001	3.336000	1.168202
1800	0.947184	0.999985	0.000000	3.336000	1.166883
2400	0.899161	1.000000	0.000000	3.336000	1.164347
3000	0.815858	1.000000	0.000000	3.336000	1.159975

var1: 0.100000	 var2: 0.100000
gen	A2		B2		diseq		zbar		sexrat
0	0.990000	0.100000			3.336000	
600	0.989599	0.022784	0.000007	3.336000	0.999871
1200	0.989504	0.004739	0.000001	3.336000	0.999973
1800	0.989484	0.000971	0.000000	3.336000	0.999995
2400	0.989480	0.000199	0.000000	3.336000	0.999999
3000	0.989479	0.000041	0.000000	3.336000	1.000000

var1: 0.100000	 var2: 0.150000
gen	A2		B2		diseq		zbar		sexrat
0	0.990000	0.100000			3.336000	
600	0.990042	0.002761	0.000001	3.336000	0.903449
1200	0.990042	0.000069	0.000000	3.336000	0.903517
1800	0.990042	0.000002	0.000000	3.336000	0.903519
2400	0.990042	0.000000	0.000000	3.336000	0.903519
3000	0.990042	0.000000	0.000000	3.336000	0.903519

var1: 0.100000	 var2: 0.200000
gen	A2		B2		diseq		zbar		sexrat
0	0.990000	0.100000			3.336000	
600	0.990203	0.001951	0.000001	3.336000	0.835768
1200	0.990207	0.000035	0.000000	3.336000	0.835825
1800	0.990207	0.000001	0.000000	3.336000	0.835826
2400	0.990207	0.000000	0.000000	3.336000	0.835826
3000	0.990207	0.000000	0.000000	3.336000	0.835826

var1: 0.100000	 var2: 0.250000
gen	A2		B2		diseq		zbar		sexrat
0	0.990000	0.100000			3.336000	
600	0.990395	0.003742	0.000001	3.336000	0.786162
1200	0.990410	0.000133	0.000000	3.336000	0.786261
1800	0.990411	0.000005	0.000000	3.336000	0.786265
2400	0.990411	0.000000	0.000000	3.336000	0.786265
3000	0.990411	0.000000	0.000000	3.336000	0.786265

var1: 0.150000	 var2: 0.000000
gen	A2		B2		diseq		zbar		sexrat
0	0.990000	0.100000			3.336000	
600	0.917908	0.999980	0.000000	3.336000	1.521969
1200	0.436998	1.000000	0.000000	3.336000	1.443924
1800	0.049128	1.000000	0.000000	3.336000	1.384221
2400	0.003376	1.000000	0.000000	3.336000	1.377358
3000	0.000222	1.000000	0.000000	3.336000	1.376886

var1: 0.150000	 var2: 0.050000
gen	A2		B2		diseq		zbar		sexrat
0	0.990000	0.100000			3.336000	
600	0.951863	0.946502	0.000070	3.336000	1.297176
1200	0.525938	0.998867	0.000008	3.336000	1.266256
1800	0.056088	0.999146	0.000001	3.336000	1.230014
2400	0.003159	0.997549	0.000000	3.336000	1.226062
3000	0.000170	0.992203	0.000000	3.336000	1.225885

var1: 0.150000	 var2: 0.100000
gen	A2		B2		diseq		zbar		sexrat
0	0.990000	0.100000			3.336000	
600	0.987245	0.058702	0.000020	3.336000	1.108027
1200	0.985323	0.033397	0.000014	3.336000	1.107488
1800	0.984114	0.018713	0.000008	3.336000	1.107177
2400	0.983398	0.010394	0.000005	3.336000	1.107002
3000	0.982987	0.005744	0.000003	3.336000	1.106904

var1: 0.150000	 var2: 0.150000
gen	A2		B2		diseq		zbar		sexrat
0	0.990000	0.100000			3.336000	
600	0.989073	0.002225	0.000001	3.336000	0.999990
1200	0.989052	0.000044	0.000000	3.336000	1.000000
1800	0.989051	0.000001	0.000000	3.336000	1.000000
2400	0.989051	0.000000	0.000000	3.336000	1.000000
3000	0.989051	0.000000	0.000000	3.336000	1.000000

var1: 0.150000	 var2: 0.200000
gen	A2		B2		diseq		zbar		sexrat
0	0.990000	0.100000			3.336000	
600	0.989384	0.001557	0.000000	3.336000	0.917715
1200	0.989374	0.000022	0.000000	3.336000	0.917736
1800	0.989374	0.000000	0.000000	3.336000	0.917736
2400	0.989374	0.000000	0.000000	3.336000	0.917736
3000	0.989374	0.000000	0.000000	3.336000	0.917736

var1: 0.150000	 var2: 0.250000
gen	A2		B2		diseq		zbar		sexrat
0	0.990000	0.100000			3.336000	
600	0.989493	0.003124	0.000001	3.336000	0.858288
1200	0.989478	0.000093	0.000000	3.336000	0.858329
1800	0.989477	0.000003	0.000000	3.336000	0.858330
2400	0.989477	0.000000	0.000000	3.336000	0.858331
3000	0.989477	0.000000	0.000000	3.336000	0.858331

var1: 0.200000	 var2: 0.000000
gen	A2		B2		diseq		zbar		sexrat
0	0.990000	0.100000			3.336000	
600	0.884725	0.999978	0.000000	3.336000	1.617966
1200	0.253003	1.000000	0.000000	3.336000	1.508008
1800	0.014125	1.000000	0.000000	3.336000	1.468773
2400	0.000601	1.000000	0.000000	3.336000	1.466587
3000	0.000025	1.000000	0.000000	3.336000	1.466495

var1: 0.200000	 var2: 0.050000
gen	A2		B2		diseq		zbar		sexrat
0	0.990000	0.100000			3.336000	
600	0.931032	0.965473	0.000064	3.336000	1.398670
1200	0.318574	0.998943	0.000007	3.336000	1.343706
1800	0.015414	0.998393	0.000001	3.336000	1.316798
2400	0.000525	0.995192	0.000000	3.336000	1.315530
3000	0.000018	0.985311	0.000000	3.336000	1.315570

var1: 0.200000	 var2: 0.100000
gen	A2		B2		diseq		zbar		sexrat
0	0.990000	0.100000			3.336000	
600	0.985167	0.119327	0.000046	3.336000	1.200496
1200	0.976271	0.143259	0.000085	3.336000	1.201265
1800	0.958742	0.169545	0.000166	3.336000	1.202036
2400	0.922584	0.195132	0.000334	3.336000	1.202593
3000	0.849141	0.212492	0.000640	3.336000	1.202487

var1: 0.200000	 var2: 0.150000
gen	A2		B2		diseq		zbar		sexrat
0	0.990000	0.100000			3.336000	
600	0.988605	0.005684	0.000002	3.336000	1.089686
1200	0.988524	0.000299	0.000000	3.336000	1.089640
1800	0.988520	0.000016	0.000000	3.336000	1.089638
2400	0.988520	0.000001	0.000000	3.336000	1.089638
3000	0.988520	0.000000	0.000000	3.336000	1.089638

var1: 0.200000	 var2: 0.200000
gen	A2		B2		diseq		zbar		sexrat
0	0.990000	0.100000			3.336000	
600	0.988998	0.001264	0.000000	3.336000	0.999996
1200	0.988986	0.000015	0.000000	3.336000	1.000000
1800	0.988985	0.000000	0.000000	3.336000	1.000000
2400	0.988985	0.000000	0.000000	3.336000	1.000000
3000	0.988985	0.000000	0.000000	3.336000	1.000000

var1: 0.200000	 var2: 0.250000
gen	A2		B2		diseq		zbar		sexrat
0	0.990000	0.100000			3.336000	
600	0.989063	0.002645	0.000001	3.336000	0.929861
1200	0.989039	0.000067	0.000000	3.336000	0.929874
1800	0.989038	0.000002	0.000000	3.336000	0.929874
2400	0.989038	0.000000	0.000000	3.336000	0.929874
3000	0.989038	0.000000	0.000000	3.336000	0.929874

var1: 0.250000	 var2: 0.000000
gen	A2		B2		diseq		zbar		sexrat
0	0.990000	0.100000			3.336000	
600	0.918982	0.999983	0.000000	3.336000	1.702963
1200	0.450192	1.000000	0.000000	3.336000	1.618187
1800	0.054032	1.000000	0.000000	3.336000	1.550813
2400	0.003908	1.000000	0.000000	3.336000	1.542547
3000	0.000269	1.000000	0.000000	3.336000	1.541949

var1: 0.250000	 var2: 0.050000
gen	A2		B2		diseq		zbar		sexrat
0	0.990000	0.100000			3.336000	
600	0.944963	0.977246	0.000035	3.336000	1.479793
1200	0.500603	0.999750	0.000002	3.336000	1.437462
1800	0.054280	0.999844	0.000000	3.336000	1.395758
2400	0.003255	0.999590	0.000000	3.336000	1.391154
3000	0.000186	0.998787	0.000000	3.336000	1.390885

var1: 0.250000	 var2: 0.100000
gen	A2		B2		diseq		zbar		sexrat
0	0.990000	0.100000			3.336000	
600	0.984443	0.204458	0.000076	3.336000	1.279591
1200	0.963119	0.384808	0.000256	3.336000	1.286156
1800	0.853697	0.586624	0.000922	3.336000	1.290756
2400	0.449090	0.663401	0.001692	3.336000	1.280597
3000	0.109248	0.539822	0.000752	3.336000	1.270597

var1: 0.250000	 var2: 0.150000
gen	A2		B2		diseq		zbar		sexrat
0	0.990000	0.100000			3.336000	
600	0.988513	0.012160	0.000004	3.336000	1.165195
1200	0.988324	0.001425	0.000001	3.336000	1.165069
1800	0.988301	0.000165	0.000000	3.336000	1.165054
2400	0.988299	0.000019	0.000000	3.336000	1.165053
3000	0.988298	0.000002	0.000000	3.336000	1.165052

var1: 0.250000	 var2: 0.200000
gen	A2		B2		diseq		zbar		sexrat
0	0.990000	0.100000			3.336000	
600	0.988967	0.002933	0.000001	3.336000	1.075414
1200	0.988937	0.000082	0.000000	3.336000	1.075415
1800	0.988936	0.000002	0.000000	3.336000	1.075415
2400	0.988936	0.000000	0.000000	3.336000	1.075415
3000	0.988936	0.000000	0.000000	3.336000	1.075415

var1: 0.250000	 var2: 0.250000
gen	A2		B2		diseq		zbar		sexrat
0	0.990000	0.100000			3.336000	
600	0.988991	0.002273	0.000001	3.336000	0.999994
1200	0.988968	0.000049	0.000000	3.336000	1.000000
1800	0.988968	0.000001	0.000000	3.336000	1.000000
2400	0.988968	0.000000	0.000000	3.336000	1.000000
3000	0.988968	0.000000	0.000000	3.336000	1.000000

