
########################### Run 1 ######################
var1: 0.000000	 var2: 0.000000
gen	A2		B2		diseq		zbar		sexrat
0	0.990000	0.000000			3.000000	
5000	0.990000	0.000000	0.000000	6.980490	0.274476
10000	0.990000	0.000000	0.000000	8.545382	0.242601
15000	0.990000	0.000000	0.000000	9.435225	0.228422
20000	0.990000	0.000000	0.000000	9.994933	0.220603
25000	0.990000	0.000000	0.000000	10.364412	0.215838
30000	0.990000	0.000000	0.000000	10.615093	0.212768
35000	0.990000	0.000000	0.000000	10.788076	0.210722
40000	0.990000	0.000000	0.000000	10.908762	0.209328
45000	0.990000	0.000000	0.000000	10.993582	0.208364
50000	0.990000	0.000000	0.000000	11.053496	0.207691
55000	0.990000	0.000000	0.000000	11.095964	0.207218
60000	0.990000	0.000000	0.000000	11.126140	0.206883
65000	0.990000	0.000000	0.000000	11.147618	0.206646
70000	0.990000	0.000000	0.000000	11.162924	0.206478
75000	0.990000	0.000000	0.000000	11.173841	0.206358
80000	0.990000	0.000000	0.000000	11.181632	0.206272
85000	0.990000	0.000000	0.000000	11.187195	0.206211
90000	0.990000	0.000000	0.000000	11.191167	0.206168
95000	0.990000	0.000000	0.000000	11.194005	0.206137
100000	0.990000	0.000000	0.000000	11.196033	0.206115

var1: 0.000000	 var2: 0.100000
gen	A2		B2		diseq		zbar		sexrat
0	0.990000	0.000000			3.000000	
5000	0.990000	0.000000	0.000000	6.980490	0.274476
10000	0.990000	0.000000	0.000000	8.545382	0.242601
15000	0.990000	0.000000	0.000000	9.435225	0.228422
20000	0.990000	0.000000	0.000000	9.994933	0.220603
25000	0.990000	0.000000	0.000000	10.364412	0.215838
30000	0.990000	0.000000	0.000000	10.615093	0.212768
35000	0.990000	0.000000	0.000000	10.788076	0.210722
40000	0.990000	0.000000	0.000000	10.908762	0.209328
45000	0.990000	0.000000	0.000000	10.993582	0.208364
50000	0.990000	0.000000	0.000000	11.053496	0.207691
55000	0.990000	0.000000	0.000000	11.095964	0.207218
60000	0.990000	0.000000	0.000000	11.126140	0.206883
65000	0.990000	0.000000	0.000000	11.147618	0.206646
70000	0.990000	0.000000	0.000000	11.162924	0.206478
75000	0.990000	0.000000	0.000000	11.173841	0.206358
80000	0.990000	0.000000	0.000000	11.181632	0.206272
85000	0.990000	0.000000	0.000000	11.187195	0.206211
90000	0.990000	0.000000	0.000000	11.191167	0.206168
95000	0.990000	0.000000	0.000000	11.194005	0.206137
100000	0.990000	0.000000	0.000000	11.196033	0.206115

var1: 0.000000	 var2: 0.200000
gen	A2		B2		diseq		zbar		sexrat
0	0.990000	0.000000			3.000000	
5000	0.990000	0.000000	0.000000	6.980490	0.274476
10000	0.990000	0.000000	0.000000	8.545382	0.242601
15000	0.990000	0.000000	0.000000	9.435225	0.228422
20000	0.990000	0.000000	0.000000	9.994933	0.220603
25000	0.990000	0.000000	0.000000	10.364412	0.215838
30000	0.990000	0.000000	0.000000	10.615093	0.212768
35000	0.990000	0.000000	0.000000	10.788076	0.210722
40000	0.990000	0.000000	0.000000	10.908762	0.209328
45000	0.990000	0.000000	0.000000	10.993582	0.208364
50000	0.990000	0.000000	0.000000	11.053496	0.207691
55000	0.990000	0.000000	0.000000	11.095964	0.207218
60000	0.990000	0.000000	0.000000	11.126140	0.206883
65000	0.990000	0.000000	0.000000	11.147618	0.206646
70000	0.990000	0.000000	0.000000	11.162924	0.206478
75000	0.990000	0.000000	0.000000	11.173841	0.206358
80000	0.990000	0.000000	0.000000	11.181632	0.206272
85000	0.990000	0.000000	0.000000	11.187195	0.206211
90000	0.990000	0.000000	0.000000	11.191167	0.206168
95000	0.990000	0.000000	0.000000	11.194005	0.206137
100000	0.990000	0.000000	0.000000	11.196033	0.206115

var1: 0.000000	 var2: 0.300000
gen	A2		B2		diseq		zbar		sexrat
0	0.990000	0.000000			3.000000	
5000	0.990000	0.000000	0.000000	6.980490	0.274476
10000	0.990000	0.000000	0.000000	8.545382	0.242601
15000	0.990000	0.000000	0.000000	9.435225	0.228422
20000	0.990000	0.000000	0.000000	9.994933	0.220603
25000	0.990000	0.000000	0.000000	10.364412	0.215838
30000	0.990000	0.000000	0.000000	10.615093	0.212768
35000	0.990000	0.000000	0.000000	10.788076	0.210722
40000	0.990000	0.000000	0.000000	10.908762	0.209328
45000	0.990000	0.000000	0.000000	10.993582	0.208364
50000	0.990000	0.000000	0.000000	11.053496	0.207691
55000	0.990000	0.000000	0.000000	11.095964	0.207218
60000	0.990000	0.000000	0.000000	11.126140	0.206883
65000	0.990000	0.000000	0.000000	11.147618	0.206646
70000	0.990000	0.000000	0.000000	11.162924	0.206478
75000	0.990000	0.000000	0.000000	11.173841	0.206358
80000	0.990000	0.000000	0.000000	11.181632	0.206272
85000	0.990000	0.000000	0.000000	11.187195	0.206211
90000	0.990000	0.000000	0.000000	11.191167	0.206168
95000	0.990000	0.000000	0.000000	11.194005	0.206137
100000	0.990000	0.000000	0.000000	11.196033	0.206115

var1: 0.000000	 var2: 0.400000
gen	A2		B2		diseq		zbar		sexrat
0	0.990000	0.000000			3.000000	
5000	0.990000	0.000000	0.000000	6.980490	0.274476
10000	0.990000	0.000000	0.000000	8.545382	0.242601
15000	0.990000	0.000000	0.000000	9.435225	0.228422
20000	0.990000	0.000000	0.000000	9.994933	0.220603
25000	0.990000	0.000000	0.000000	10.364412	0.215838
30000	0.990000	0.000000	0.000000	10.615093	0.212768
35000	0.990000	0.000000	0.000000	10.788076	0.210722
40000	0.990000	0.000000	0.000000	10.908762	0.209328
45000	0.990000	0.000000	0.000000	10.993582	0.208364
50000	0.990000	0.000000	0.000000	11.053496	0.207691
55000	0.990000	0.000000	0.000000	11.095964	0.207218
60000	0.990000	0.000000	0.000000	11.126140	0.206883
65000	0.990000	0.000000	0.000000	11.147618	0.206646
70000	0.990000	0.000000	0.000000	11.162924	0.206478
75000	0.990000	0.000000	0.000000	11.173841	0.206358
80000	0.990000	0.000000	0.000000	11.181632	0.206272
85000	0.990000	0.000000	0.000000	11.187195	0.206211
90000	0.990000	0.000000	0.000000	11.191167	0.206168
95000	0.990000	0.000000	0.000000	11.194005	0.206137
100000	0.990000	0.000000	0.000000	11.196033	0.206115

var1: 0.000000	 var2: 0.500000
gen	A2		B2		diseq		zbar		sexrat
0	0.990000	0.000000			3.000000	
5000	0.990000	0.000000	0.000000	6.980490	0.274476
10000	0.990000	0.000000	0.000000	8.545382	0.242601
15000	0.990000	0.000000	0.000000	9.435225	0.228422
20000	0.990000	0.000000	0.000000	9.994933	0.220603
25000	0.990000	0.000000	0.000000	10.364412	0.215838
30000	0.990000	0.000000	0.000000	10.615093	0.212768
35000	0.990000	0.000000	0.000000	10.788076	0.210722
40000	0.990000	0.000000	0.000000	10.908762	0.209328
45000	0.990000	0.000000	0.000000	10.993582	0.208364
50000	0.990000	0.000000	0.000000	11.053496	0.207691
55000	0.990000	0.000000	0.000000	11.095964	0.207218
60000	0.990000	0.000000	0.000000	11.126140	0.206883
65000	0.990000	0.000000	0.000000	11.147618	0.206646
70000	0.990000	0.000000	0.000000	11.162924	0.206478
75000	0.990000	0.000000	0.000000	11.173841	0.206358
80000	0.990000	0.000000	0.000000	11.181632	0.206272
85000	0.990000	0.000000	0.000000	11.187195	0.206211
90000	0.990000	0.000000	0.000000	11.191167	0.206168
95000	0.990000	0.000000	0.000000	11.194005	0.206137
100000	0.990000	0.000000	0.000000	11.196033	0.206115

var1: 0.000000	 var2: 0.600000
gen	A2		B2		diseq		zbar		sexrat
0	0.990000	0.000000			3.000000	
5000	0.990000	0.000000	0.000000	6.980490	0.274476
10000	0.990000	0.000000	0.000000	8.545382	0.242601
15000	0.990000	0.000000	0.000000	9.435225	0.228422
20000	0.990000	0.000000	0.000000	9.994933	0.220603
25000	0.990000	0.000000	0.000000	10.364412	0.215838
30000	0.990000	0.000000	0.000000	10.615093	0.212768
35000	0.990000	0.000000	0.000000	10.788076	0.210722
40000	0.990000	0.000000	0.000000	10.908762	0.209328
45000	0.990000	0.000000	0.000000	10.993582	0.208364
50000	0.990000	0.000000	0.000000	11.053496	0.207691
55000	0.990000	0.000000	0.000000	11.095964	0.207218
60000	0.990000	0.000000	0.000000	11.126140	0.206883
65000	0.990000	0.000000	0.000000	11.147618	0.206646
70000	0.990000	0.000000	0.000000	11.162924	0.206478
75000	0.990000	0.000000	0.000000	11.173841	0.206358
80000	0.990000	0.000000	0.000000	11.181632	0.206272
85000	0.990000	0.000000	0.000000	11.187195	0.206211
90000	0.990000	0.000000	0.000000	11.191167	0.206168
95000	0.990000	0.000000	0.000000	11.194005	0.206137
100000	0.990000	0.000000	0.000000	11.196033	0.206115

var1: 0.000000	 var2: 0.700000
gen	A2		B2		diseq		zbar		sexrat
0	0.990000	0.000000			3.000000	
5000	0.990000	0.000000	0.000000	6.980490	0.274476
10000	0.990000	0.000000	0.000000	8.545382	0.242601
15000	0.990000	0.000000	0.000000	9.435225	0.228422
20000	0.990000	0.000000	0.000000	9.994933	0.220603
25000	0.990000	0.000000	0.000000	10.364412	0.215838
30000	0.990000	0.000000	0.000000	10.615093	0.212768
35000	0.990000	0.000000	0.000000	10.788076	0.210722
40000	0.990000	0.000000	0.000000	10.908762	0.209328
45000	0.990000	0.000000	0.000000	10.993582	0.208364
50000	0.990000	0.000000	0.000000	11.053496	0.207691
55000	0.990000	0.000000	0.000000	11.095964	0.207218
60000	0.990000	0.000000	0.000000	11.126140	0.206883
65000	0.990000	0.000000	0.000000	11.147618	0.206646
70000	0.990000	0.000000	0.000000	11.162924	0.206478
75000	0.990000	0.000000	0.000000	11.173841	0.206358
80000	0.990000	0.000000	0.000000	11.181632	0.206272
85000	0.990000	0.000000	0.000000	11.187195	0.206211
90000	0.990000	0.000000	0.000000	11.191167	0.206168
95000	0.990000	0.000000	0.000000	11.194005	0.206137
100000	0.990000	0.000000	0.000000	11.196033	0.206115

var1: 0.000000	 var2: 0.800000
gen	A2		B2		diseq		zbar		sexrat
0	0.990000	0.000000			3.000000	
5000	0.990000	0.000000	0.000000	6.980490	0.274476
10000	0.990000	0.000000	0.000000	8.545382	0.242601
15000	0.990000	0.000000	0.000000	9.435225	0.228422
20000	0.990000	0.000000	0.000000	9.994933	0.220603
25000	0.990000	0.000000	0.000000	10.364412	0.215838
30000	0.990000	0.000000	0.000000	10.615093	0.212768
35000	0.990000	0.000000	0.000000	10.788076	0.210722
40000	0.990000	0.000000	0.000000	10.908762	0.209328
45000	0.990000	0.000000	0.000000	10.993582	0.208364
50000	0.990000	0.000000	0.000000	11.053496	0.207691
55000	0.990000	0.000000	0.000000	11.095964	0.207218
60000	0.990000	0.000000	0.000000	11.126140	0.206883
65000	0.990000	0.000000	0.000000	11.147618	0.206646
70000	0.990000	0.000000	0.000000	11.162924	0.206478
75000	0.990000	0.000000	0.000000	11.173841	0.206358
80000	0.990000	0.000000	0.000000	11.181632	0.206272
85000	0.990000	0.000000	0.000000	11.187195	0.206211
90000	0.990000	0.000000	0.000000	11.191167	0.206168
95000	0.990000	0.000000	0.000000	11.194005	0.206137
100000	0.990000	0.000000	0.000000	11.196033	0.206115

var1: 0.000000	 var2: 0.900000
gen	A2		B2		diseq		zbar		sexrat
0	0.990000	0.000000			3.000000	
5000	0.990000	0.000000	0.000000	6.980490	0.274476
10000	0.990000	0.000000	0.000000	8.545382	0.242601
15000	0.990000	0.000000	0.000000	9.435225	0.228422
20000	0.990000	0.000000	0.000000	9.994933	0.220603
25000	0.990000	0.000000	0.000000	10.364412	0.215838
30000	0.990000	0.000000	0.000000	10.615093	0.212768
35000	0.990000	0.000000	0.000000	10.788076	0.210722
40000	0.990000	0.000000	0.000000	10.908762	0.209328
45000	0.990000	0.000000	0.000000	10.993582	0.208364
50000	0.990000	0.000000	0.000000	11.053496	0.207691
55000	0.990000	0.000000	0.000000	11.095964	0.207218
60000	0.990000	0.000000	0.000000	11.126140	0.206883
65000	0.990000	0.000000	0.000000	11.147618	0.206646
70000	0.990000	0.000000	0.000000	11.162924	0.206478
75000	0.990000	0.000000	0.000000	11.173841	0.206358
80000	0.990000	0.000000	0.000000	11.181632	0.206272
85000	0.990000	0.000000	0.000000	11.187195	0.206211
90000	0.990000	0.000000	0.000000	11.191167	0.206168
95000	0.990000	0.000000	0.000000	11.194005	0.206137
100000	0.990000	0.000000	0.000000	11.196033	0.206115

var1: 0.000000	 var2: 1.000000
gen	A2		B2		diseq		zbar		sexrat
0	0.990000	0.000000			3.000000	
5000	0.990000	0.000000	0.000000	6.980490	0.274476
10000	0.990000	0.000000	0.000000	8.545382	0.242601
15000	0.990000	0.000000	0.000000	9.435225	0.228422
20000	0.990000	0.000000	0.000000	9.994933	0.220603
25000	0.990000	0.000000	0.000000	10.364412	0.215838
30000	0.990000	0.000000	0.000000	10.615093	0.212768
35000	0.990000	0.000000	0.000000	10.788076	0.210722
40000	0.990000	0.000000	0.000000	10.908762	0.209328
45000	0.990000	0.000000	0.000000	10.993582	0.208364
50000	0.990000	0.000000	0.000000	11.053496	0.207691
55000	0.990000	0.000000	0.000000	11.095964	0.207218
60000	0.990000	0.000000	0.000000	11.126140	0.206883
65000	0.990000	0.000000	0.000000	11.147618	0.206646
70000	0.990000	0.000000	0.000000	11.162924	0.206478
75000	0.990000	0.000000	0.000000	11.173841	0.206358
80000	0.990000	0.000000	0.000000	11.181632	0.206272
85000	0.990000	0.000000	0.000000	11.187195	0.206211
90000	0.990000	0.000000	0.000000	11.191167	0.206168
95000	0.990000	0.000000	0.000000	11.194005	0.206137
100000	0.990000	0.000000	0.000000	11.196033	0.206115

var1: 0.000000	 var2: 1.100000
gen	A2		B2		diseq		zbar		sexrat
0	0.990000	0.000000			3.000000	
5000	0.990000	0.000000	0.000000	6.980490	0.274476
10000	0.990000	0.000000	0.000000	8.545382	0.242601
15000	0.990000	0.000000	0.000000	9.435225	0.228422
20000	0.990000	0.000000	0.000000	9.994933	0.220603
25000	0.990000	0.000000	0.000000	10.364412	0.215838
30000	0.990000	0.000000	0.000000	10.615093	0.212768
35000	0.990000	0.000000	0.000000	10.788076	0.210722
40000	0.990000	0.000000	0.000000	10.908762	0.209328
45000	0.990000	0.000000	0.000000	10.993582	0.208364
50000	0.990000	0.000000	0.000000	11.053496	0.207691
55000	0.990000	0.000000	0.000000	11.095964	0.207218
60000	0.990000	0.000000	0.000000	11.126140	0.206883
65000	0.990000	0.000000	0.000000	11.147618	0.206646
70000	0.990000	0.000000	0.000000	11.162924	0.206478
75000	0.990000	0.000000	0.000000	11.173841	0.206358
80000	0.990000	0.000000	0.000000	11.181632	0.206272
85000	0.990000	0.000000	0.000000	11.187195	0.206211
90000	0.990000	0.000000	0.000000	11.191167	0.206168
95000	0.990000	0.000000	0.000000	11.194005	0.206137
100000	0.990000	0.000000	0.000000	11.196033	0.206115

var1: 0.000000	 var2: 1.200000
gen	A2		B2		diseq		zbar		sexrat
0	0.990000	0.000000			3.000000	
5000	0.990000	0.000000	0.000000	6.980490	0.274476
10000	0.990000	0.000000	0.000000	8.545382	0.242601
15000	0.990000	0.000000	0.000000	9.435225	0.228422
20000	0.990000	0.000000	0.000000	9.994933	0.220603
25000	0.990000	0.000000	0.000000	10.364412	0.215838
30000	0.990000	0.000000	0.000000	10.615093	0.212768
35000	0.990000	0.000000	0.000000	10.788076	0.210722
40000	0.990000	0.000000	0.000000	10.908762	0.209328
45000	0.990000	0.000000	0.000000	10.993582	0.208364
50000	0.990000	0.000000	0.000000	11.053496	0.207691
55000	0.990000	0.000000	0.000000	11.095964	0.207218
60000	0.990000	0.000000	0.000000	11.126140	0.206883
65000	0.990000	0.000000	0.000000	11.147618	0.206646
70000	0.990000	0.000000	0.000000	11.162924	0.206478
75000	0.990000	0.000000	0.000000	11.173841	0.206358
80000	0.990000	0.000000	0.000000	11.181632	0.206272
85000	0.990000	0.000000	0.000000	11.187195	0.206211
90000	0.990000	0.000000	0.000000	11.191167	0.206168
95000	0.990000	0.000000	0.000000	11.194005	0.206137
100000	0.990000	0.000000	0.000000	11.196033	0.206115

var1: 0.000000	 var2: 1.300000
gen	A2		B2		diseq		zbar		sexrat
0	0.990000	0.000000			3.000000	
5000	0.990000	0.000000	0.000000	6.980490	0.274476
10000	0.990000	0.000000	0.000000	8.545382	0.242601
15000	0.990000	0.000000	0.000000	9.435225	0.228422
20000	0.990000	0.000000	0.000000	9.994933	0.220603
25000	0.990000	0.000000	0.000000	10.364412	0.215838
30000	0.990000	0.000000	0.000000	10.615093	0.212768
35000	0.990000	0.000000	0.000000	10.788076	0.210722
40000	0.990000	0.000000	0.000000	10.908762	0.209328
45000	0.990000	0.000000	0.000000	10.993582	0.208364
50000	0.990000	0.000000	0.000000	11.053496	0.207691
55000	0.990000	0.000000	0.000000	11.095964	0.207218
60000	0.990000	0.000000	0.000000	11.126140	0.206883
65000	0.990000	0.000000	0.000000	11.147618	0.206646
70000	0.990000	0.000000	0.000000	11.162924	0.206478
75000	0.990000	0.000000	0.000000	11.173841	0.206358
80000	0.990000	0.000000	0.000000	11.181632	0.206272
85000	0.990000	0.000000	0.000000	11.187195	0.206211
90000	0.990000	0.000000	0.000000	11.191167	0.206168
95000	0.990000	0.000000	0.000000	11.194005	0.206137
100000	0.990000	0.000000	0.000000	11.196033	0.206115

var1: 0.000000	 var2: 1.400000
gen	A2		B2		diseq		zbar		sexrat
0	0.990000	0.000000			3.000000	
5000	0.990000	0.000000	0.000000	6.980490	0.274476
10000	0.990000	0.000000	0.000000	8.545382	0.242601
15000	0.990000	0.000000	0.000000	9.435225	0.228422
20000	0.990000	0.000000	0.000000	9.994933	0.220603
25000	0.990000	0.000000	0.000000	10.364412	0.215838
30000	0.990000	0.000000	0.000000	10.615093	0.212768
35000	0.990000	0.000000	0.000000	10.788076	0.210722
40000	0.990000	0.000000	0.000000	10.908762	0.209328
45000	0.990000	0.000000	0.000000	10.993582	0.208364
50000	0.990000	0.000000	0.000000	11.053496	0.207691
55000	0.990000	0.000000	0.000000	11.095964	0.207218
60000	0.990000	0.000000	0.000000	11.126140	0.206883
65000	0.990000	0.000000	0.000000	11.147618	0.206646
70000	0.990000	0.000000	0.000000	11.162924	0.206478
75000	0.990000	0.000000	0.000000	11.173841	0.206358
80000	0.990000	0.000000	0.000000	11.181632	0.206272
85000	0.990000	0.000000	0.000000	11.187195	0.206211
90000	0.990000	0.000000	0.000000	11.191167	0.206168
95000	0.990000	0.000000	0.000000	11.194005	0.206137
100000	0.990000	0.000000	0.000000	11.196033	0.206115

var1: 0.000000	 var2: 1.500000
gen	A2		B2		diseq		zbar		sexrat
0	0.990000	0.000000			3.000000	
5000	0.990000	0.000000	0.000000	6.980490	0.274476
10000	0.990000	0.000000	0.000000	8.545382	0.242601
15000	0.990000	0.000000	0.000000	9.435225	0.228422
20000	0.990000	0.000000	0.000000	9.994933	0.220603
25000	0.990000	0.000000	0.000000	10.364412	0.215838
30000	0.990000	0.000000	0.000000	10.615093	0.212768
35000	0.990000	0.000000	0.000000	10.788076	0.210722
40000	0.990000	0.000000	0.000000	10.908762	0.209328
45000	0.990000	0.000000	0.000000	10.993582	0.208364
50000	0.990000	0.000000	0.000000	11.053496	0.207691
55000	0.990000	0.000000	0.000000	11.095964	0.207218
60000	0.990000	0.000000	0.000000	11.126140	0.206883
65000	0.990000	0.000000	0.000000	11.147618	0.206646
70000	0.990000	0.000000	0.000000	11.162924	0.206478
75000	0.990000	0.000000	0.000000	11.173841	0.206358
80000	0.990000	0.000000	0.000000	11.181632	0.206272
85000	0.990000	0.000000	0.000000	11.187195	0.206211
90000	0.990000	0.000000	0.000000	11.191167	0.206168
95000	0.990000	0.000000	0.000000	11.194005	0.206137
100000	0.990000	0.000000	0.000000	11.196033	0.206115

var1: 0.000000	 var2: 1.600000
gen	A2		B2		diseq		zbar		sexrat
0	0.990000	0.000000			3.000000	
5000	0.990000	0.000000	0.000000	6.980490	0.274476
10000	0.990000	0.000000	0.000000	8.545382	0.242601
15000	0.990000	0.000000	0.000000	9.435225	0.228422
20000	0.990000	0.000000	0.000000	9.994933	0.220603
25000	0.990000	0.000000	0.000000	10.364412	0.215838
30000	0.990000	0.000000	0.000000	10.615093	0.212768
35000	0.990000	0.000000	0.000000	10.788076	0.210722
40000	0.990000	0.000000	0.000000	10.908762	0.209328
45000	0.990000	0.000000	0.000000	10.993582	0.208364
50000	0.990000	0.000000	0.000000	11.053496	0.207691
55000	0.990000	0.000000	0.000000	11.095964	0.207218
60000	0.990000	0.000000	0.000000	11.126140	0.206883
65000	0.990000	0.000000	0.000000	11.147618	0.206646
70000	0.990000	0.000000	0.000000	11.162924	0.206478
75000	0.990000	0.000000	0.000000	11.173841	0.206358
80000	0.990000	0.000000	0.000000	11.181632	0.206272
85000	0.990000	0.000000	0.000000	11.187195	0.206211
90000	0.990000	0.000000	0.000000	11.191167	0.206168
95000	0.990000	0.000000	0.000000	11.194005	0.206137
100000	0.990000	0.000000	0.000000	11.196033	0.206115

var1: 0.000000	 var2: 1.700000
gen	A2		B2		diseq		zbar		sexrat
0	0.990000	0.000000			3.000000	
5000	0.990000	0.000000	0.000000	6.980490	0.274476
10000	0.990000	0.000000	0.000000	8.545382	0.242601
15000	0.990000	0.000000	0.000000	9.435225	0.228422
20000	0.990000	0.000000	0.000000	9.994933	0.220603
25000	0.990000	0.000000	0.000000	10.364412	0.215838
30000	0.990000	0.000000	0.000000	10.615093	0.212768
35000	0.990000	0.000000	0.000000	10.788076	0.210722
40000	0.990000	0.000000	0.000000	10.908762	0.209328
45000	0.990000	0.000000	0.000000	10.993582	0.208364
50000	0.990000	0.000000	0.000000	11.053496	0.207691
55000	0.990000	0.000000	0.000000	11.095964	0.207218
60000	0.990000	0.000000	0.000000	11.126140	0.206883
65000	0.990000	0.000000	0.000000	11.147618	0.206646
70000	0.990000	0.000000	0.000000	11.162924	0.206478
75000	0.990000	0.000000	0.000000	11.173841	0.206358
80000	0.990000	0.000000	0.000000	11.181632	0.206272
85000	0.990000	0.000000	0.000000	11.187195	0.206211
90000	0.990000	0.000000	0.000000	11.191167	0.206168
95000	0.990000	0.000000	0.000000	11.194005	0.206137
100000	0.990000	0.000000	0.000000	11.196033	0.206115

var1: 0.000000	 var2: 1.800000
gen	A2		B2		diseq		zbar		sexrat
0	0.990000	0.000000			3.000000	
5000	0.990000	0.000000	0.000000	6.980490	0.274476
10000	0.990000	0.000000	0.000000	8.545382	0.242601
15000	0.990000	0.000000	0.000000	9.435225	0.228422
20000	0.990000	0.000000	0.000000	9.994933	0.220603
25000	0.990000	0.000000	0.000000	10.364412	0.215838
30000	0.990000	0.000000	0.000000	10.615093	0.212768
35000	0.990000	0.000000	0.000000	10.788076	0.210722
40000	0.990000	0.000000	0.000000	10.908762	0.209328
45000	0.990000	0.000000	0.000000	10.993582	0.208364
50000	0.990000	0.000000	0.000000	11.053496	0.207691
55000	0.990000	0.000000	0.000000	11.095964	0.207218
60000	0.990000	0.000000	0.000000	11.126140	0.206883
65000	0.990000	0.000000	0.000000	11.147618	0.206646
70000	0.990000	0.000000	0.000000	11.162924	0.206478
75000	0.990000	0.000000	0.000000	11.173841	0.206358
80000	0.990000	0.000000	0.000000	11.181632	0.206272
85000	0.990000	0.000000	0.000000	11.187195	0.206211
90000	0.990000	0.000000	0.000000	11.191167	0.206168
95000	0.990000	0.000000	0.000000	11.194005	0.206137
100000	0.990000	0.000000	0.000000	11.196033	0.206115

var1: 0.000000	 var2: 1.900000
gen	A2		B2		diseq		zbar		sexrat
0	0.990000	0.000000			3.000000	
5000	0.990000	0.000000	0.000000	6.980490	0.274476
10000	0.990000	0.000000	0.000000	8.545382	0.242601
15000	0.990000	0.000000	0.000000	9.435225	0.228422
20000	0.990000	0.000000	0.000000	9.994933	0.220603
25000	0.990000	0.000000	0.000000	10.364412	0.215838
30000	0.990000	0.000000	0.000000	10.615093	0.212768
35000	0.990000	0.000000	0.000000	10.788076	0.210722
40000	0.990000	0.000000	0.000000	10.908762	0.209328
45000	0.990000	0.000000	0.000000	10.993582	0.208364
50000	0.990000	0.000000	0.000000	11.053496	0.207691
55000	0.990000	0.000000	0.000000	11.095964	0.207218
60000	0.990000	0.000000	0.000000	11.126140	0.206883
65000	0.990000	0.000000	0.000000	11.147618	0.206646
70000	0.990000	0.000000	0.000000	11.162924	0.206478
75000	0.990000	0.000000	0.000000	11.173841	0.206358
80000	0.990000	0.000000	0.000000	11.181632	0.206272
85000	0.990000	0.000000	0.000000	11.187195	0.206211
90000	0.990000	0.000000	0.000000	11.191167	0.206168
95000	0.990000	0.000000	0.000000	11.194005	0.206137
100000	0.990000	0.000000	0.000000	11.196033	0.206115

var1: 0.000000	 var2: 2.000000
gen	A2		B2		diseq		zbar		sexrat
0	0.990000	0.000000			3.000000	
5000	0.990000	0.000000	0.000000	6.980490	0.274476
10000	0.990000	0.000000	0.000000	8.545382	0.242601
15000	0.990000	0.000000	0.000000	9.435225	0.228422
20000	0.990000	0.000000	0.000000	9.994933	0.220603
25000	0.990000	0.000000	0.000000	10.364412	0.215838
30000	0.990000	0.000000	0.000000	10.615093	0.212768
35000	0.990000	0.000000	0.000000	10.788076	0.210722
40000	0.990000	0.000000	0.000000	10.908762	0.209328
45000	0.990000	0.000000	0.000000	10.993582	0.208364
50000	0.990000	0.000000	0.000000	11.053496	0.207691
55000	0.990000	0.000000	0.000000	11.095964	0.207218
60000	0.990000	0.000000	0.000000	11.126140	0.206883
65000	0.990000	0.000000	0.000000	11.147618	0.206646
70000	0.990000	0.000000	0.000000	11.162924	0.206478
75000	0.990000	0.000000	0.000000	11.173841	0.206358
80000	0.990000	0.000000	0.000000	11.181632	0.206272
85000	0.990000	0.000000	0.000000	11.187195	0.206211
90000	0.990000	0.000000	0.000000	11.191167	0.206168
95000	0.990000	0.000000	0.000000	11.194005	0.206137
100000	0.990000	0.000000	0.000000	11.196033	0.206115

var1: 0.000000	 var2: 2.100000
gen	A2		B2		diseq		zbar		sexrat
0	0.990000	0.000000			3.000000	
5000	0.990000	0.000000	0.000000	6.980490	0.274476
10000	0.990000	0.000000	0.000000	8.545382	0.242601
15000	0.990000	0.000000	0.000000	9.435225	0.228422
20000	0.990000	0.000000	0.000000	9.994933	0.220603
25000	0.990000	0.000000	0.000000	10.364412	0.215838
30000	0.990000	0.000000	0.000000	10.615093	0.212768
35000	0.990000	0.000000	0.000000	10.788076	0.210722
40000	0.990000	0.000000	0.000000	10.908762	0.209328
45000	0.990000	0.000000	0.000000	10.993582	0.208364
50000	0.990000	0.000000	0.000000	11.053496	0.207691
55000	0.990000	0.000000	0.000000	11.095964	0.207218
60000	0.990000	0.000000	0.000000	11.126140	0.206883
65000	0.990000	0.000000	0.000000	11.147618	0.206646
70000	0.990000	0.000000	0.000000	11.162924	0.206478
75000	0.990000	0.000000	0.000000	11.173841	0.206358
80000	0.990000	0.000000	0.000000	11.181632	0.206272
85000	0.990000	0.000000	0.000000	11.187195	0.206211
90000	0.990000	0.000000	0.000000	11.191167	0.206168
95000	0.990000	0.000000	0.000000	11.194005	0.206137
100000	0.990000	0.000000	0.000000	11.196033	0.206115

var1: 0.000000	 var2: 2.200000
gen	A2		B2		diseq		zbar		sexrat
0	0.990000	0.000000			3.000000	
5000	0.990000	0.000000	0.000000	6.980490	0.274476
10000	0.990000	0.000000	0.000000	8.545382	0.242601
15000	0.990000	0.000000	0.000000	9.435225	0.228422
20000	0.990000	0.000000	0.000000	9.994933	0.220603
25000	0.990000	0.000000	0.000000	10.364412	0.215838
30000	0.990000	0.000000	0.000000	10.615093	0.212768
35000	0.990000	0.000000	0.000000	10.788076	0.210722
40000	0.990000	0.000000	0.000000	10.908762	0.209328
45000	0.990000	0.000000	0.000000	10.993582	0.208364
50000	0.990000	0.000000	0.000000	11.053496	0.207691
55000	0.990000	0.000000	0.000000	11.095964	0.207218
60000	0.990000	0.000000	0.000000	11.126140	0.206883
65000	0.990000	0.000000	0.000000	11.147618	0.206646
70000	0.990000	0.000000	0.000000	11.162924	0.206478
75000	0.990000	0.000000	0.000000	11.173841	0.206358
80000	0.990000	0.000000	0.000000	11.181632	0.206272
85000	0.990000	0.000000	0.000000	11.187195	0.206211
90000	0.990000	0.000000	0.000000	11.191167	0.206168
95000	0.990000	0.000000	0.000000	11.194005	0.206137
100000	0.990000	0.000000	0.000000	11.196033	0.206115

var1: 0.000000	 var2: 2.300000
gen	A2		B2		diseq		zbar		sexrat
0	0.990000	0.000000			3.000000	
5000	0.990000	0.000000	0.000000	6.980490	0.274476
10000	0.990000	0.000000	0.000000	8.545382	0.242601
15000	0.990000	0.000000	0.000000	9.435225	0.228422
20000	0.990000	0.000000	0.000000	9.994933	0.220603
25000	0.990000	0.000000	0.000000	10.364412	0.215838
30000	0.990000	0.000000	0.000000	10.615093	0.212768
35000	0.990000	0.000000	0.000000	10.788076	0.210722
40000	0.990000	0.000000	0.000000	10.908762	0.209328
45000	0.990000	0.000000	0.000000	10.993582	0.208364
50000	0.990000	0.000000	0.000000	11.053496	0.207691
55000	0.990000	0.000000	0.000000	11.095964	0.207218
60000	0.990000	0.000000	0.000000	11.126140	0.206883
65000	0.990000	0.000000	0.000000	11.147618	0.206646
70000	0.990000	0.000000	0.000000	11.162924	0.206478
75000	0.990000	0.000000	0.000000	11.173841	0.206358
80000	0.990000	0.000000	0.000000	11.181632	0.206272
85000	0.990000	0.000000	0.000000	11.187195	0.206211
90000	0.990000	0.000000	0.000000	11.191167	0.206168
95000	0.990000	0.000000	0.000000	11.194005	0.206137
100000	0.990000	0.000000	0.000000	11.196033	0.206115

var1: 0.000000	 var2: 2.400000
gen	A2		B2		diseq		zbar		sexrat
0	0.990000	0.000000			3.000000	
5000	0.990000	0.000000	0.000000	6.980490	0.274476
10000	0.990000	0.000000	0.000000	8.545382	0.242601
15000	0.990000	0.000000	0.000000	9.435225	0.228422
20000	0.990000	0.000000	0.000000	9.994933	0.220603
25000	0.990000	0.000000	0.000000	10.364412	0.215838
30000	0.990000	0.000000	0.000000	10.615093	0.212768
35000	0.990000	0.000000	0.000000	10.788076	0.210722
40000	0.990000	0.000000	0.000000	10.908762	0.209328
45000	0.990000	0.000000	0.000000	10.993582	0.208364
50000	0.990000	0.000000	0.000000	11.053496	0.207691
55000	0.990000	0.000000	0.000000	11.095964	0.207218
60000	0.990000	0.000000	0.000000	11.126140	0.206883
65000	0.990000	0.000000	0.000000	11.147618	0.206646
70000	0.990000	0.000000	0.000000	11.162924	0.206478
75000	0.990000	0.000000	0.000000	11.173841	0.206358
80000	0.990000	0.000000	0.000000	11.181632	0.206272
85000	0.990000	0.000000	0.000000	11.187195	0.206211
90000	0.990000	0.000000	0.000000	11.191167	0.206168
95000	0.990000	0.000000	0.000000	11.194005	0.206137
100000	0.990000	0.000000	0.000000	11.196033	0.206115

var1: 0.000000	 var2: 2.500000
gen	A2		B2		diseq		zbar		sexrat
0	0.990000	0.000000			3.000000	
5000	0.990000	0.000000	0.000000	6.980490	0.274476
10000	0.990000	0.000000	0.000000	8.545382	0.242601
15000	0.990000	0.000000	0.000000	9.435225	0.228422
20000	0.990000	0.000000	0.000000	9.994933	0.220603
25000	0.990000	0.000000	0.000000	10.364412	0.215838
30000	0.990000	0.000000	0.000000	10.615093	0.212768
35000	0.990000	0.000000	0.000000	10.788076	0.210722
40000	0.990000	0.000000	0.000000	10.908762	0.209328
45000	0.990000	0.000000	0.000000	10.993582	0.208364
50000	0.990000	0.000000	0.000000	11.053496	0.207691
55000	0.990000	0.000000	0.000000	11.095964	0.207218
60000	0.990000	0.000000	0.000000	11.126140	0.206883
65000	0.990000	0.000000	0.000000	11.147618	0.206646
70000	0.990000	0.000000	0.000000	11.162924	0.206478
75000	0.990000	0.000000	0.000000	11.173841	0.206358
80000	0.990000	0.000000	0.000000	11.181632	0.206272
85000	0.990000	0.000000	0.000000	11.187195	0.206211
90000	0.990000	0.000000	0.000000	11.191167	0.206168
95000	0.990000	0.000000	0.000000	11.194005	0.206137
100000	0.990000	0.000000	0.000000	11.196033	0.206115

var1: 0.000000	 var2: 2.600000
gen	A2		B2		diseq		zbar		sexrat
0	0.990000	0.000000			3.000000	
5000	0.990000	0.000000	0.000000	6.980490	0.274476
10000	0.990000	0.000000	0.000000	8.545382	0.242601
15000	0.990000	0.000000	0.000000	9.435225	0.228422
20000	0.990000	0.000000	0.000000	9.994933	0.220603
25000	0.990000	0.000000	0.000000	10.364412	0.215838
30000	0.990000	0.000000	0.000000	10.615093	0.212768
35000	0.990000	0.000000	0.000000	10.788076	0.210722
40000	0.990000	0.000000	0.000000	10.908762	0.209328
45000	0.990000	0.000000	0.000000	10.993582	0.208364
50000	0.990000	0.000000	0.000000	11.053496	0.207691
55000	0.990000	0.000000	0.000000	11.095964	0.207218
60000	0.990000	0.000000	0.000000	11.126140	0.206883
65000	0.990000	0.000000	0.000000	11.147618	0.206646
70000	0.990000	0.000000	0.000000	11.162924	0.206478
75000	0.990000	0.000000	0.000000	11.173841	0.206358
80000	0.990000	0.000000	0.000000	11.181632	0.206272
85000	0.990000	0.000000	0.000000	11.187195	0.206211
90000	0.990000	0.000000	0.000000	11.191167	0.206168
95000	0.990000	0.000000	0.000000	11.194005	0.206137
100000	0.990000	0.000000	0.000000	11.196033	0.206115

var1: 0.000000	 var2: 2.700000
gen	A2		B2		diseq		zbar		sexrat
0	0.990000	0.000000			3.000000	
5000	0.990000	0.000000	0.000000	6.980490	0.274476
10000	0.990000	0.000000	0.000000	8.545382	0.242601
15000	0.990000	0.000000	0.000000	9.435225	0.228422
20000	0.990000	0.000000	0.000000	9.994933	0.220603
25000	0.990000	0.000000	0.000000	10.364412	0.215838
30000	0.990000	0.000000	0.000000	10.615093	0.212768
35000	0.990000	0.000000	0.000000	10.788076	0.210722
40000	0.990000	0.000000	0.000000	10.908762	0.209328
45000	0.990000	0.000000	0.000000	10.993582	0.208364
50000	0.990000	0.000000	0.000000	11.053496	0.207691
55000	0.990000	0.000000	0.000000	11.095964	0.207218
60000	0.990000	0.000000	0.000000	11.126140	0.206883
65000	0.990000	0.000000	0.000000	11.147618	0.206646
70000	0.990000	0.000000	0.000000	11.162924	0.206478
75000	0.990000	0.000000	0.000000	11.173841	0.206358
80000	0.990000	0.000000	0.000000	11.181632	0.206272
85000	0.990000	0.000000	0.000000	11.187195	0.206211
90000	0.990000	0.000000	0.000000	11.191167	0.206168
95000	0.990000	0.000000	0.000000	11.194005	0.206137
100000	0.990000	0.000000	0.000000	11.196033	0.206115

var1: 0.000000	 var2: 2.800000
gen	A2		B2		diseq		zbar		sexrat
0	0.990000	0.000000			3.000000	
5000	0.990000	0.000000	0.000000	6.980490	0.274476
10000	0.990000	0.000000	0.000000	8.545382	0.242601
15000	0.990000	0.000000	0.000000	9.435225	0.228422
20000	0.990000	0.000000	0.000000	9.994933	0.220603
25000	0.990000	0.000000	0.000000	10.364412	0.215838
30000	0.990000	0.000000	0.000000	10.615093	0.212768
35000	0.990000	0.000000	0.000000	10.788076	0.210722
40000	0.990000	0.000000	0.000000	10.908762	0.209328
45000	0.990000	0.000000	0.000000	10.993582	0.208364
50000	0.990000	0.000000	0.000000	11.053496	0.207691
55000	0.990000	0.000000	0.000000	11.095964	0.207218
60000	0.990000	0.000000	0.000000	11.126140	0.206883
65000	0.990000	0.000000	0.000000	11.147618	0.206646
70000	0.990000	0.000000	0.000000	11.162924	0.206478
75000	0.990000	0.000000	0.000000	11.173841	0.206358
80000	0.990000	0.000000	0.000000	11.181632	0.206272
85000	0.990000	0.000000	0.000000	11.187195	0.206211
90000	0.990000	0.000000	0.000000	11.1911