
########################### Run 1 ######################
var1: 0.000000	 var2: 0.000000
gen	A2		B2		diseq		zbar		sexrat
0	0.990000	0.000000			3.000000	
5000	0.990000	0.000000	0.000000	7.080887	0.372532
10000	0.990000	0.000000	0.000000	8.647131	0.335069
15000	0.990000	0.000000	0.000000	9.527998	0.318152
20000	0.990000	0.000000	0.000000	10.075388	0.308804
25000	0.990000	0.000000	0.000000	10.432076	0.303131
30000	0.990000	0.000000	0.000000	10.670789	0.299503
35000	0.990000	0.000000	0.000000	10.833178	0.297108
40000	0.990000	0.000000	0.000000	10.944811	0.295495
45000	0.990000	0.000000	0.000000	11.022086	0.294394
50000	0.990000	0.000000	0.000000	11.075829	0.293635
55000	0.990000	0.000000	0.000000	11.113325	0.293110
60000	0.990000	0.000000	0.000000	11.139544	0.292744
65000	0.990000	0.000000	0.000000	11.157905	0.292488
70000	0.990000	0.000000	0.000000	11.170777	0.292310
75000	0.990000	0.000000	0.000000	11.179808	0.292185
80000	0.990000	0.000000	0.000000	11.186147	0.292097
85000	0.990000	0.000000	0.000000	11.190598	0.292035
90000	0.990000	0.000000	0.000000	11.193724	0.291992
95000	0.990000	0.000000	0.000000	11.195921	0.291962
100000	0.990000	0.000000	0.000000	11.197464	0.291940

var1: 0.000000	 var2: 0.100000
gen	A2		B2		diseq		zbar		sexrat
0	0.990000	0.000000			3.000000	
5000	0.990000	0.000000	0.000000	7.080887	0.372532
10000	0.990000	0.000000	0.000000	8.647131	0.335069
15000	0.990000	0.000000	0.000000	9.527998	0.318152
20000	0.990000	0.000000	0.000000	10.075388	0.308804
25000	0.990000	0.000000	0.000000	10.432076	0.303131
30000	0.990000	0.000000	0.000000	10.670789	0.299503
35000	0.990000	0.000000	0.000000	10.833178	0.297108
40000	0.990000	0.000000	0.000000	10.944811	0.295495
45000	0.990000	0.000000	0.000000	11.022086	0.294394
50000	0.990000	0.000000	0.000000	11.075829	0.293635
55000	0.990000	0.000000	0.000000	11.113325	0.293110
60000	0.990000	0.000000	0.000000	11.139544	0.292744
65000	0.990000	0.000000	0.000000	11.157905	0.292488
70000	0.990000	0.000000	0.000000	11.170777	0.292310
75000	0.990000	0.000000	0.000000	11.179808	0.292185
80000	0.990000	0.000000	0.000000	11.186147	0.292097
85000	0.990000	0.000000	0.000000	11.190598	0.292035
90000	0.990000	0.000000	0.000000	11.193724	0.291992
95000	0.990000	0.000000	0.000000	11.195921	0.291962
100000	0.990000	0.000000	0.000000	11.197464	0.291940

var1: 0.000000	 var2: 0.200000
gen	A2		B2		diseq		zbar		sexrat
0	0.990000	0.000000			3.000000	
5000	0.990000	0.000000	0.000000	7.080887	0.372532
10000	0.990000	0.000000	0.000000	8.647131	0.335069
15000	0.990000	0.000000	0.000000	9.527998	0.318152
20000	0.990000	0.000000	0.000000	10.075388	0.308804
25000	0.990000	0.000000	0.000000	10.432076	0.303131
30000	0.990000	0.000000	0.000000	10.670789	0.299503
35000	0.990000	0.000000	0.000000	10.833178	0.297108
40000	0.990000	0.000000	0.000000	10.944811	0.295495
45000	0.990000	0.000000	0.000000	11.022086	0.294394
50000	0.990000	0.000000	0.000000	11.075829	0.293635
55000	0.990000	0.000000	0.000000	11.113325	0.293110
60000	0.990000	0.000000	0.000000	11.139544	0.292744
65000	0.990000	0.000000	0.000000	11.157905	0.292488
70000	0.990000	0.000000	0.000000	11.170777	0.292310
75000	0.990000	0.000000	0.000000	11.179808	0.292185
80000	0.990000	0.000000	0.000000	11.186147	0.292097
85000	0.990000	0.000000	0.000000	11.190598	0.292035
90000	0.990000	0.000000	0.000000	11.193724	0.291992
95000	0.990000	0.000000	0.000000	11.195921	0.291962
100000	0.990000	0.000000	0.000000	11.197464	0.291940

var1: 0.000000	 var2: 0.300000
gen	A2		B2		diseq		zbar		sexrat
0	0.990000	0.000000			3.000000	
5000	0.990000	0.000000	0.000000	7.080887	0.372532
10000	0.990000	0.000000	0.000000	8.647131	0.335069
15000	0.990000	0.000000	0.000000	9.527998	0.318152
20000	0.990000	0.000000	0.000000	10.075388	0.308804
25000	0.990000	0.000000	0.000000	10.432076	0.303131
30000	0.990000	0.000000	0.000000	10.670789	0.299503
35000	0.990000	0.000000	0.000000	10.833178	0.297108
40000	0.990000	0.000000	0.000000	10.944811	0.295495
45000	0.990000	0.000000	0.000000	11.022086	0.294394
50000	0.990000	0.000000	0.000000	11.075829	0.293635
55000	0.990000	0.000000	0.000000	11.113325	0.293110
60000	0.990000	0.000000	0.000000	11.139544	0.292744
65000	0.990000	0.000000	0.000000	11.157905	0.292488
70000	0.990000	0.000000	0.000000	11.170777	0.292310
75000	0.990000	0.000000	0.000000	11.179808	0.292185
80000	0.990000	0.000000	0.000000	11.186147	0.292097
85000	0.990000	0.000000	0.000000	11.190598	0.292035
90000	0.990000	0.000000	0.000000	11.193724	0.291992
95000	0.990000	0.000000	0.000000	11.195921	0.291962
100000	0.990000	0.000000	0.000000	11.197464	0.291940

var1: 0.000000	 var2: 0.400000
gen	A2		B2		diseq		zbar		sexrat
0	0.990000	0.000000			3.000000	
5000	0.990000	0.000000	0.000000	7.080887	0.372532
10000	0.990000	0.000000	0.000000	8.647131	0.335069
15000	0.990000	0.000000	0.000000	9.527998	0.318152
20000	0.990000	0.000000	0.000000	10.075388	0.308804
25000	0.990000	0.000000	0.000000	10.432076	0.303131
30000	0.990000	0.000000	0.000000	10.670789	0.299503
35000	0.990000	0.000000	0.000000	10.833178	0.297108
40000	0.990000	0.000000	0.000000	10.944811	0.295495
45000	0.990000	0.000000	0.000000	11.022086	0.294394
50000	0.990000	0.000000	0.000000	11.075829	0.293635
55000	0.990000	0.000000	0.000000	11.113325	0.293110
60000	0.990000	0.000000	0.000000	11.139544	0.292744
65000	0.990000	0.000000	0.000000	11.157905	0.292488
70000	0.990000	0.000000	0.000000	11.170777	0.292310
75000	0.990000	0.000000	0.000000	11.179808	0.292185
80000	0.990000	0.000000	0.000000	11.186147	0.292097
85000	0.990000	0.000000	0.000000	11.190598	0.292035
90000	0.990000	0.000000	0.000000	11.193724	0.291992
95000	0.990000	0.000000	0.000000	11.195921	0.291962
100000	0.990000	0.000000	0.000000	11.197464	0.291940

var1: 0.000000	 var2: 0.500000
gen	A2		B2		diseq		zbar		sexrat
0	0.990000	0.000000			3.000000	
5000	0.990000	0.000000	0.000000	7.080887	0.372532
10000	0.990000	0.000000	0.000000	8.647131	0.335069
15000	0.990000	0.000000	0.000000	9.527998	0.318152
20000	0.990000	0.000000	0.000000	10.075388	0.308804
25000	0.990000	0.000000	0.000000	10.432076	0.303131
30000	0.990000	0.000000	0.000000	10.670789	0.299503
35000	0.990000	0.000000	0.000000	10.833178	0.297108
40000	0.990000	0.000000	0.000000	10.944811	0.295495
45000	0.990000	0.000000	0.000000	11.022086	0.294394
50000	0.990000	0.000000	0.000000	11.075829	0.293635
55000	0.990000	0.000000	0.000000	11.113325	0.293110
60000	0.990000	0.000000	0.000000	11.139544	0.292744
65000	0.990000	0.000000	0.000000	11.157905	0.292488
70000	0.990000	0.000000	0.000000	11.170777	0.292310
75000	0.990000	0.000000	0.000000	11.179808	0.292185
80000	0.990000	0.000000	0.000000	11.186147	0.292097
85000	0.990000	0.000000	0.000000	11.190598	0.292035
90000	0.990000	0.000000	0.000000	11.193724	0.291992
95000	0.990000	0.000000	0.000000	11.195921	0.291962
100000	0.990000	0.000000	0.000000	11.197464	0.291940

var1: 0.000000	 var2: 0.600000
gen	A2		B2		diseq		zbar		sexrat
0	0.990000	0.000000			3.000000	
5000	0.990000	0.000000	0.000000	7.080887	0.372532
10000	0.990000	0.000000	0.000000	8.647131	0.335069
15000	0.990000	0.000000	0.000000	9.527998	0.318152
20000	0.990000	0.000000	0.000000	10.075388	0.308804
25000	0.990000	0.000000	0.000000	10.432076	0.303131
30000	0.990000	0.000000	0.000000	10.670789	0.299503
35000	0.990000	0.000000	0.000000	10.833178	0.297108
40000	0.990000	0.000000	0.000000	10.944811	0.295495
45000	0.990000	0.000000	0.000000	11.022086	0.294394
50000	0.990000	0.000000	0.000000	11.075829	0.293635
55000	0.990000	0.000000	0.000000	11.113325	0.293110
60000	0.990000	0.000000	0.000000	11.139544	0.292744
65000	0.990000	0.000000	0.000000	11.157905	0.292488
70000	0.990000	0.000000	0.000000	11.170777	0.292310
75000	0.990000	0.000000	0.000000	11.179808	0.292185
80000	0.990000	0.000000	0.000000	11.186147	0.292097
85000	0.990000	0.000000	0.000000	11.190598	0.292035
90000	0.990000	0.000000	0.000000	11.193724	0.291992
95000	0.990000	0.000000	0.000000	11.195921	0.291962
100000	0.990000	0.000000	0.000000	11.197464	0.291940

var1: 0.000000	 var2: 0.700000
gen	A2		B2		diseq		zbar		sexrat
0	0.990000	0.000000			3.000000	
5000	0.990000	0.000000	0.000000	7.080887	0.372532
10000	0.990000	0.000000	0.000000	8.647131	0.335069
15000	0.990000	0.000000	0.000000	9.527998	0.318152
20000	0.990000	0.000000	0.000000	10.075388	0.308804
25000	0.990000	0.000000	0.000000	10.432076	0.303131
30000	0.990000	0.000000	0.000000	10.670789	0.299503
35000	0.990000	0.000000	0.000000	10.833178	0.297108
40000	0.990000	0.000000	0.000000	10.944811	0.295495
45000	0.990000	0.000000	0.000000	11.022086	0.294394
50000	0.990000	0.000000	0.000000	11.075829	0.293635
55000	0.990000	0.000000	0.000000	11.113325	0.293110
60000	0.990000	0.000000	0.000000	11.139544	0.292744
65000	0.990000	0.000000	0.000000	11.157905	0.292488
70000	0.990000	0.000000	0.000000	11.170777	0.292310
75000	0.990000	0.000000	0.000000	11.179808	0.292185
80000	0.990000	0.000000	0.000000	11.186147	0.292097
85000	0.990000	0.000000	0.000000	11.190598	0.292035
90000	0.990000	0.000000	0.000000	11.193724	0.291992
95000	0.990000	0.000000	0.000000	11.195921	0.291962
100000	0.990000	0.000000	0.000000	11.197464	0.291940

var1: 0.000000	 var2: 0.800000
gen	A2		B2		diseq		zbar		sexrat
0	0.990000	0.000000			3.000000	
5000	0.990000	0.000000	0.000000	7.080887	0.372532
10000	0.990000	0.000000	0.000000	8.647131	0.335069
15000	0.990000	0.000000	0.000000	9.527998	0.318152
20000	0.990000	0.000000	0.000000	10.075388	0.308804
25000	0.990000	0.000000	0.000000	10.432076	0.303131
30000	0.990000	0.000000	0.000000	10.670789	0.299503
35000	0.990000	0.000000	0.000000	10.833178	0.297108
40000	0.990000	0.000000	0.000000	10.944811	0.295495
45000	0.990000	0.000000	0.000000	11.022086	0.294394
50000	0.990000	0.000000	0.000000	11.075829	0.293635
55000	0.990000	0.000000	0.000000	11.113325	0.293110
60000	0.990000	0.000000	0.000000	11.139544	0.292744
65000	0.990000	0.000000	0.000000	11.157905	0.292488
70000	0.990000	0.000000	0.000000	11.170777	0.292310
75000	0.990000	0.000000	0.000000	11.179808	0.292185
80000	0.990000	0.000000	0.000000	11.186147	0.292097
85000	0.990000	0.000000	0.000000	11.190598	0.292035
90000	0.990000	0.000000	0.000000	11.193724	0.291992
95000	0.990000	0.000000	0.000000	11.195921	0.291962
100000	0.990000	0.000000	0.000000	11.197464	0.291940

var1: 0.000000	 var2: 0.900000
gen	A2		B2		diseq		zbar		sexrat
0	0.990000	0.000000			3.000000	
5000	0.990000	0.000000	0.000000	7.080887	0.372532
10000	0.990000	0.000000	0.000000	8.647131	0.335069
15000	0.990000	0.000000	0.000000	9.527998	0.318152
20000	0.990000	0.000000	0.000000	10.075388	0.308804
25000	0.990000	0.000000	0.000000	10.432076	0.303131
30000	0.990000	0.000000	0.000000	10.670789	0.299503
35000	0.990000	0.000000	0.000000	10.833178	0.297108
40000	0.990000	0.000000	0.000000	10.944811	0.295495
45000	0.990000	0.000000	0.000000	11.022086	0.294394
50000	0.990000	0.000000	0.000000	11.075829	0.293635
55000	0.990000	0.000000	0.000000	11.113325	0.293110
60000	0.990000	0.000000	0.000000	11.139544	0.292744
65000	0.990000	0.000000	0.000000	11.157905	0.292488
70000	0.990000	0.000000	0.000000	11.170777	0.292310
75000	0.990000	0.000000	0.000000	11.179808	0.292185
80000	0.990000	0.000000	0.000000	11.186147	0.292097
85000	0.990000	0.000000	0.000000	11.190598	0.292035
90000	0.990000	0.000000	0.000000	11.193724	0.291992
95000	0.990000	0.000000	0.000000	11.195921	0.291962
100000	0.990000	0.000000	0.000000	11.197464	0.291940

var1: 0.000000	 var2: 1.000000
gen	A2		B2		diseq		zbar		sexrat
0	0.990000	0.000000			3.000000	
5000	0.990000	0.000000	0.000000	7.080887	0.372532
10000	0.990000	0.000000	0.000000	8.647131	0.335069
15000	0.990000	0.000000	0.000000	9.527998	0.318152
20000	0.990000	0.000000	0.000000	10.075388	0.308804
25000	0.990000	0.000000	0.000000	10.432076	0.303131
30000	0.990000	0.000000	0.000000	10.670789	0.299503
35000	0.990000	0.000000	0.000000	10.833178	0.297108
40000	0.990000	0.000000	0.000000	10.944811	0.295495
45000	0.990000	0.000000	0.000000	11.022086	0.294394
50000	0.990000	0.000000	0.000000	11.075829	0.293635
55000	0.990000	0.000000	0.000000	11.113325	0.293110
60000	0.990000	0.000000	0.000000	11.139544	0.292744
65000	0.990000	0.000000	0.000000	11.157905	0.292488
70000	0.990000	0.000000	0.000000	11.170777	0.292310
75000	0.990000	0.000000	0.000000	11.179808	0.292185
80000	0.990000	0.000000	0.000000	11.186147	0.292097
85000	0.990000	0.000000	0.000000	11.190598	0.292035
90000	0.990000	0.000000	0.000000	11.193724	0.291992
95000	0.990000	0.000000	0.000000	11.195921	0.291962
100000	0.990000	0.000000	0.000000	11.197464	0.291940

var1: 0.000000	 var2: 1.100000
gen	A2		B2		diseq		zbar		sexrat
0	0.990000	0.000000			3.000000	
5000	0.990000	0.000000	0.000000	7.080887	0.372532
10000	0.990000	0.000000	0.000000	8.647131	0.335069
15000	0.990000	0.000000	0.000000	9.527998	0.318152
20000	0.990000	0.000000	0.000000	10.075388	0.308804
25000	0.990000	0.000000	0.000000	10.432076	0.303131
30000	0.990000	0.000000	0.000000	10.670789	0.299503
35000	0.990000	0.000000	0.000000	10.833178	0.297108
40000	0.990000	0.000000	0.000000	10.944811	0.295495
45000	0.990000	0.000000	0.000000	11.022086	0.294394
50000	0.990000	0.000000	0.000000	11.075829	0.293635
55000	0.990000	0.000000	0.000000	11.113325	0.293110
60000	0.990000	0.000000	0.000000	11.139544	0.292744
65000	0.990000	0.000000	0.000000	11.157905	0.292488
70000	0.990000	0.000000	0.000000	11.170777	0.292310
75000	0.990000	0.000000	0.000000	11.179808	0.292185
80000	0.990000	0.000000	0.000000	11.186147	0.292097
85000	0.990000	0.000000	0.000000	11.190598	0.292035
90000	0.990000	0.000000	0.000000	11.193724	0.291992
95000	0.990000	0.000000	0.000000	11.195921	0.291962
100000	0.990000	0.000000	0.000000	11.197464	0.291940

var1: 0.000000	 var2: 1.200000
gen	A2		B2		diseq		zbar		sexrat
0	0.990000	0.000000			3.000000	
5000	0.990000	0.000000	0.000000	7.080887	0.372532
10000	0.990000	0.000000	0.000000	8.647131	0.335069
15000	0.990000	0.000000	0.000000	9.527998	0.318152
20000	0.990000	0.000000	0.000000	10.075388	0.308804
25000	0.990000	0.000000	0.000000	10.432076	0.303131
30000	0.990000	0.000000	0.000000	10.670789	0.299503
35000	0.990000	0.000000	0.000000	10.833178	0.297108
40000	0.990000	0.000000	0.000000	10.944811	0.295495
45000	0.990000	0.000000	0.000000	11.022086	0.294394
50000	0.990000	0.000000	0.000000	11.075829	0.293635
55000	0.990000	0.000000	0.000000	11.113325	0.293110
60000	0.990000	0.000000	0.000000	11.139544	0.292744
65000	0.990000	0.000000	0.000000	11.157905	0.292488
70000	0.990000	0.000000	0.000000	11.170777	0.292310
75000	0.990000	0.000000	0.000000	11.179808	0.292185
80000	0.990000	0.000000	0.000000	11.186147	0.292097
85000	0.990000	0.000000	0.000000	11.190598	0.292035
90000	0.990000	0.000000	0.000000	11.193724	0.291992
95000	0.990000	0.000000	0.000000	11.195921	0.291962
100000	0.990000	0.000000	0.000000	11.197464	0.291940

var1: 0.000000	 var2: 1.300000
gen	A2		B2		diseq		zbar		sexrat
0	0.990000	0.000000			3.000000	
5000	0.990000	0.000000	0.000000	7.080887	0.372532
10000	0.990000	0.000000	0.000000	8.647131	0.335069
15000	0.990000	0.000000	0.000000	9.527998	0.318152
20000	0.990000	0.000000	0.000000	10.075388	0.308804
25000	0.990000	0.000000	0.000000	10.432076	0.303131
30000	0.990000	0.000000	0.000000	10.670789	0.299503
35000	0.990000	0.000000	0.000000	10.833178	0.297108
40000	0.990000	0.000000	0.000000	10.944811	0.295495
45000	0.990000	0.000000	0.000000	11.022086	0.294394
50000	0.990000	0.000000	0.000000	11.075829	0.293635
55000	0.990000	0.000000	0.000000	11.113325	0.293110
60000	0.990000	0.000000	0.000000	11.139544	0.292744
65000	0.990000	0.000000	0.000000	11.157905	0.292488
70000	0.990000	0.000000	0.000000	11.170777	0.292310
75000	0.990000	0.000000	0.000000	11.179808	0.292185
80000	0.990000	0.000000	0.000000	11.186147	0.292097
85000	0.990000	0.000000	0.000000	11.190598	0.292035
90000	0.990000	0.000000	0.000000	11.193724	0.291992
95000	0.990000	0.000000	0.000000	11.195921	0.291962
100000	0.990000	0.000000	0.000000	11.197464	0.291940

var1: 0.000000	 var2: 1.400000
gen	A2		B2		diseq		zbar		sexrat
0	0.990000	0.000000			3.000000	
5000	0.990000	0.000000	0.000000	7.080887	0.372532
10000	0.990000	0.000000	0.000000	8.647131	0.335069
15000	0.990000	0.000000	0.000000	9.527998	0.318152
20000	0.990000	0.000000	0.000000	10.075388	0.308804
25000	0.990000	0.000000	0.000000	10.432076	0.303131
30000	0.990000	0.000000	0.000000	10.670789	0.299503
35000	0.990000	0.000000	0.000000	10.833178	0.297108
40000	0.990000	0.000000	0.000000	10.944811	0.295495
45000	0.990000	0.000000	0.000000	11.022086	0.294394
50000	0.990000	0.000000	0.000000	11.075829	0.293635
55000	0.990000	0.000000	0.000000	11.113325	0.293110
60000	0.990000	0.000000	0.000000	11.139544	0.292744
65000	0.990000	0.000000	0.000000	11.157905	0.292488
70000	0.990000	0.000000	0.000000	11.170777	0.292310
75000	0.990000	0.000000	0.000000	11.179808	0.292185
80000	0.990000	0.000000	0.000000	11.186147	0.292097
85000	0.990000	0.000000	0.000000	11.190598	0.292035
90000	0.990000	0.000000	0.000000	11.193724	0.291992
95000	0.990000	0.000000	0.000000	11.195921	0.291962
100000	0.990000	0.000000	0.000000	11.197464	0.291940

var1: 0.000000	 var2: 1.500000
gen	A2		B2		diseq		zbar		sexrat
0	0.990000	0.000000			3.000000	
5000	0.990000	0.000000	0.000000	7.080887	0.372532
10000	0.990000	0.000000	0.000000	8.647131	0.335069
15000	0.990000	0.000000	0.000000	9.527998	0.318152
20000	0.990000	0.000000	0.000000	10.075388	0.308804
25000	0.990000	0.000000	0.000000	10.432076	0.303131
30000	0.990000	0.000000	0.000000	10.670789	0.299503
35000	0.990000	0.000000	0.000000	10.833178	0.297108
40000	0.990000	0.000000	0.000000	10.944811	0.295495
45000	0.990000	0.000000	0.000000	11.022086	0.294394
50000	0.990000	0.000000	0.000000	11.075829	0.293635
55000	0.990000	0.000000	0.000000	11.113325	0.293110
60000	0.990000	0.000000	0.000000	11.139544	0.292744
65000	0.990000	0.000000	0.000000	11.157905	0.292488
70000	0.990000	0.000000	0.000000	11.170777	0.292310
75000	0.990000	0.000000	0.000000	11.179808	0.292185
80000	0.990000	0.000000	0.000000	11.186147	0.292097
85000	0.990000	0.000000	0.000000	11.190598	0.292035
90000	0.990000	0.000000	0.000000	11.193724	0.291992
95000	0.990000	0.000000	0.000000	11.195921	0.291962
100000	0.990000	0.000000	0.000000	11.197464	0.291940

var1: 0.000000	 var2: 1.600000
gen	A2		B2		diseq		zbar		sexrat
0	0.990000	0.000000			3.000000	
5000	0.990000	0.000000	0.000000	7.080887	0.372532
10000	0.990000	0.000000	0.000000	8.647131	0.335069
15000	0.990000	0.000000	0.000000	9.527998	0.318152
20000	0.990000	0.000000	0.000000	10.075388	0.308804
25000	0.990000	0.000000	0.000000	10.432076	0.303131
30000	0.990000	0.000000	0.000000	10.670789	0.299503
35000	0.990000	0.000000	0.000000	10.833178	0.297108
40000	0.990000	0.000000	0.000000	10.944811	0.295495
45000	0.990000	0.000000	0.000000	11.022086	0.294394
50000	0.990000	0.000000	0.000000	11.075829	0.293635
55000	0.990000	0.000000	0.000000	11.113325	0.293110
60000	0.990000	0.000000	0.000000	11.139544	0.292744
65000	0.990000	0.000000	0.000000	11.157905	0.292488
70000	0.990000	0.000000	0.000000	11.170777	0.292310
75000	0.990000	0.000000	0.000000	11.179808	0.292185
80000	0.990000	0.000000	0.000000	11.186147	0.292097
85000	0.990000	0.000000	0.000000	11.190598	0.292035
90000	0.990000	0.000000	0.000000	11.193724	0.291992
95000	0.990000	0.000000	0.000000	11.195921	0.291962
100000	0.990000	0.000000	0.000000	11.197464	0.291940

var1: 0.000000	 var2: 1.700000
gen	A2		B2		diseq		zbar		sexrat
0	0.990000	0.000000			3.000000	
5000	0.990000	0.000000	0.000000	7.080887	0.372532
10000	0.990000	0.000000	0.000000	8.647131	0.335069
15000	0.990000	0.000000	0.000000	9.527998	0.318152
20000	0.990000	0.000000	0.000000	10.075388	0.308804
25000	0.990000	0.000000	0.000000	10.432076	0.303131
30000	0.990000	0.000000	0.000000	10.670789	0.299503
35000	0.990000	0.000000	0.000000	10.833178	0.297108
40000	0.990000	0.000000	0.000000	10.944811	0.295495
45000	0.990000	0.000000	0.000000	11.022086	0.294394
50000	0.990000	0.000000	0.000000	11.075829	0.293635
55000	0.990000	0.000000	0.000000	11.113325	0.293110
60000	0.990000	0.000000	0.000000	11.139544	0.292744
65000	0.990000	0.000000	0.000000	11.157905	0.292488
70000	0.990000	0.000000	0.000000	11.170777	0.292310
75000	0.990000	0.000000	0.000000	11.179808	0.292185
80000	0.990000	0.000000	0.000000	11.186147	0.292097
85000	0.990000	0.000000	0.000000	11.190598	0.292035
90000	0.990000	0.000000	0.000000	11.193724	0.291992
95000	0.990000	0.000000	0.000000	11.195921	0.291962
100000	0.990000	0.000000	0.000000	11.197464	0.291940

var1: 0.000000	 var2: 1.800000
gen	A2		B2		diseq		zbar		sexrat
0	0.990000	0.000000			3.000000	
5000	0.990000	0.000000	0.000000	7.080887	0.372532
10000	0.990000	0.000000	0.000000	8.647131	0.335069
15000	0.990000	0.000000	0.000000	9.527998	0.318152
20000	0.990000	0.000000	0.000000	10.075388	0.308804
25000	0.990000	0.000000	0.000000	10.432076	0.303131
30000	0.990000	0.000000	0.000000	10.670789	0.299503
35000	0.990000	0.000000	0.000000	10.833178	0.297108
40000	0.990000	0.000000	0.000000	10.944811	0.295495
45000	0.990000	0.000000	0.000000	11.022086	0.294394
50000	0.990000	0.000000	0.000000	11.075829	0.293635
55000	0.990000	0.000000	0.000000	11.113325	0.293110
60000	0.990000	0.000000	0.000000	11.139544	0.292744
65000	0.990000	0.000000	0.000000	11.157905	0.292488
70000	0.990000	0.000000	0.000000	11.170777	0.292310
75000	0.990000	0.000000	0.000000	11.179808	0.292185
80000	0.990000	0.000000	0.000000	11.186147	0.292097
85000	0.990000	0.000000	0.000000	11.190598	0.292035
90000	0.990000	0.000000	0.000000	11.193724	0.291992
95000	0.990000	0.000000	0.000000	11.195921	0.291962
100000	0.990000	0.000000	0.000000	11.197464	0.291940

var1: 0.000000	 var2: 1.900000
gen	A2		B2		diseq		zbar		sexrat
0	0.990000	0.000000			3.000000	
5000	0.990000	0.000000	0.000000	7.080887	0.372532
10000	0.990000	0.000000	0.000000	8.647131	0.335069
15000	0.990000	0.000000	0.000000	9.527998	0.318152
20000	0.990000	0.000000	0.000000	10.075388	0.308804
25000	0.990000	0.000000	0.000000	10.432076	0.303131
30000	0.990000	0.000000	0.000000	10.670789	0.299503
35000	0.990000	0.000000	0.000000	10.833178	0.297108
40000	0.990000	0.000000	0.000000	10.944811	0.295495
45000	0.990000	0.000000	0.000000	11.022086	0.294394
50000	0.990000	0.000000	0.000000	11.075829	0.293635
55000	0.990000	0.000000	0.000000	11.113325	0.293110
60000	0.990000	0.000000	0.000000	11.139544	0.292744
65000	0.990000	0.000000	0.000000	11.157905	0.292488
70000	0.990000	0.000000	0.000000	11.170777	0.292310
75000	0.990000	0.000000	0.000000	11.179808	0.292185
80000	0.990000	0.000000	0.000000	11.186147	0.292097
85000	0.990000	0.000000	0.000000	11.190598	0.292035
90000	0.990000	0.000000	0.000000	11.193724	0.291992
95000	0.990000	0.000000	0.000000	11.195921	0.291962
100000	0.990000	0.000000	0.000000	11.197464	0.291940

var1: 0.000000	 var2: 2.000000
gen	A2		B2		diseq		zbar		sexrat
0	0.990000	0.000000			3.000000	
5000	0.990000	0.000000	0.000000	7.080887	0.372532
10000	0.990000	0.000000	0.000000	8.647131	0.335069
15000	0.990000	0.000000	0.000000	9.527998	0.318152
20000	0.990000	0.000000	0.000000	10.075388	0.308804
25000	0.990000	0.000000	0.000000	10.432076	0.303131
30000	0.990000	0.000000	0.000000	10.670789	0.299503
35000	0.990000	0.000000	0.000000	10.833178	0.297108
40000	0.990000	0.000000	0.000000	10.944811	0.295495
45000	0.990000	0.000000	0.000000	11.022086	0.294394
50000	0.990000	0.000000	0.000000	11.075829	0.293635
55000	0.990000	0.000000	0.000000	11.113325	0.293110
60000	0.990000	0.000000	0.000000	11.139544	0.292744
65000	0.990000	0.000000	0.000000	11.157905	0.292488
70000	0.990000	0.000000	0.000000	11.170777	0.292310
75000	0.990000	0.000000	0.000000	11.179808	0.292185
80000	0.990000	0.000000	0.000000	11.186147	0.292097
85000	0.990000	0.000000	0.000000	11.190598	0.292035
90000	0.990000	0.000000	0.000000	11.193724	0.291992
95000	0.990000	0.000000	0.000000	11.195921	0.291962
100000	0.990000	0.000000	0.000000	11.197464	0.291940

var1: 0.000000	 var2: 2.100000
gen	A2		B2		diseq		zbar		sexrat
0	0.990000	0.000000			3.000000	
5000	0.990000	0.000000	0.000000	7.080887	0.372532
10000	0.990000	0.000000	0.000000	8.647131	0.335069
15000	0.990000	0.000000	0.000000	9.527998	0.318152
20000	0.990000	0.000000	0.000000	10.075388	0.308804
25000	0.990000	0.000000	0.000000	10.432076	0.303131
30000	0.990000	0.000000	0.000000	10.670789	0.299503
35000	0.990000	0.000000	0.000000	10.833178	0.297108
40000	0.990000	0.000000	0.000000	10.944811	0.295495
45000	0.990000	0.000000	0.000000	11.022086	0.294394
50000	0.990000	0.000000	0.000000	11.075829	0.293635
55000	0.990000	0.000000	0.000000	11.113325	0.293110
60000	0.990000	0.000000	0.000000	11.139544	0.292744
65000	0.990000	0.000000	0.000000	11.157905	0.292488
70000	0.990000	0.000000	0.000000	11.170777	0.292310
75000	0.990000	0.000000	0.000000	11.179808	0.292185
80000	0.990000	0.000000	0.000000	11.186147	0.292097
85000	0.990000	0.000000	0.000000	11.190598	0.292035
90000	0.990000	0.000000	0.000000	11.193724	0.291992
95000	0.990000	0.000000	0.000000	11.195921	0.291962
100000	0.990000	0.000000	0.000000	11.197464	0.291940

var1: 0.000000	 var2: 2.200000
gen	A2		B2		diseq		zbar		sexrat
0	0.990000	0.000000			3.000000	
5000	0.990000	0.000000	0.000000	7.080887	0.372532
10000	0.990000	0.000000	0.000000	8.647131	0.335069
15000	0.990000	0.000000	0.000000	9.527998	0.318152
20000	0.990000	0.000000	0.000000	10.075388	0.308804
25000	0.990000	0.000000	0.000000	10.432076	0.303131
30000	0.990000	0.000000	0.000000	10.670789	0.299503
35000	0.990000	0.000000	0.000000	10.833178	0.297108
40000	0.990000	0.000000	0.000000	10.944811	0.295495
45000	0.990000	0.000000	0.000000	11.022086	0.294394
50000	0.990000	0.000000	0.000000	11.075829	0.293635
55000	0.990000	0.000000	0.000000	11.113325	0.293110
60000	0.990000	0.000000	0.000000	11.139544	0.292744
65000	0.990000	0.000000	0.000000	11.157905	0.292488
70000	0.990000	0.000000	0.000000	11.170777	0.292310
75000	0.990000	0.000000	0.000000	11.179808	0.292185
80000	0.990000	0.000000	0.000000	11.186147	0.292097
85000	0.990000	0.000000	0.000000	11.190598	0.292035
90000	0.990000	0.000000	0.000000	11.193724	0.291992
95000	0.990000	0.000000	0.000000	11.195921	0.291962
100000	0.990000	0.000000	0.000000	11.197464	0.291940

var1: 0.000000	 var2: 2.300000
gen	A2		B2		diseq		zbar		sexrat
0	0.990000	0.000000			3.000000	
5000	0.990000	0.000000	0.000000	7.080887	0.372532
10000	0.990000	0.000000	0.000000	8.647131	0.335069
15000	0.990000	0.000000	0.000000	9.527998	0.318152
20000	0.990000	0.000000	0.000000	10.075388	0.308804
25000	0.990000	0.000000	0.000000	10.432076	0.303131
30000	0.990000	0.000000	0.000000	10.670789	0.299503
35000	0.990000	0.000000	0.000000	10.833178	0.297108
40000	0.990000	0.000000	0.000000	10.944811	0.295495
45000	0.990000	0.000000	0.000000	11.022086	0.294394
50000	0.990000	0.000000	0.000000	11.075829	0.293635
55000	0.990000	0.000000	0.000000	11.113325	0.293110
60000	0.990000	0.000000	0.000000	11.139544	0.292744
65000	0.990000	0.000000	0.000000	11.157905	0.292488
70000	0.990000	0.000000	0.000000	11.170777	0.292310
75000	0.990000	0.000000	0.000000	11.179808	0.292185
80000	0.990000	0.000000	0.000000	11.186147	0.292097
85000	0.990000	0.000000	0.000000	11.190598	0.292035
90000	0.990000	0.000000	0.000000	11.193724	0.291992
95000	0.990000	0.000000	0.000000	11.195921	0.291962
100000	0.990000	0.000000	0.000000	11.197464	0.291940

var1: 0.000000	 var2: 2.400000
gen	A2		B2		diseq		zbar		sexrat
0	0.990000	0.000000			3.000000	
5000	0.990000	0.000000	0.000000	7.080887	0.372532
10000	0.990000	0.000000	0.000000	8.647131	0.335069
15000	0.990000	0.000000	0.000000	9.527998	0.318152
20000	0.990000	0.000000	0.000000	10.075388	0.308804
25000	0.990000	0.000000	0.000000	10.432076	0.303131
30000	0.990000	0.000000	0.000000	10.670789	0.299503
35000	0.990000	0.000000	0.000000	10.833178	0.297108
40000	0.990000	0.000000	0.000000	10.944811	0.295495
45000	0.990000	0.000000	0.000000	11.022086	0.294394
50000	0.990000	0.000000	0.000000	11.075829	0.293635
55000	0.990000	0.000000	0.000000	11.113325	0.293110
60000	0.990000	0.000000	0.000000	11.139544	0.292744
65000	0.990000	0.000000	0.000000	11.157905	0.292488
70000	0.990000	0.000000	0.000000	11.170777	0.292310
75000	0.990000	0.000000	0.000000	11.179808	0.292185
80000	0.990000	0.000000	0.000000	11.186147	0.292097
85000	0.990000	0.000000	0.000000	11.190598	0.292035
90000	0.990000	0.000000	0.000000	11.193724	0.291992
95000	0.990000	0.000000	0.000000	11.195921	0.291962
100000	0.990000	0.000000	0.000000	11.197464	0.291940

var1: 0.000000	 var2: 2.500000
gen	A2		B2		diseq		zbar		sexrat
0	0.990000	0.000000			3.000000	
5000	0.990000	0.000000	0.000000	7.080887	0.372532
10000	0.990000	0.000000	0.000000	8.647131	0.335069
15000	0.990000	0.000000	0.000000	9.527998	0.318152
20000	0.990000	0.000000	0.000000	10.075388	0.308804
25000	0.990000	0.000000	0.000000	10.432076	0.303131
30000	0.990000	0.000000	0.000000	10.670789	0.299503
35000	0.990000	0.000000	0.000000	10.833178	0.297108
40000	0.990000	0.000000	0.000000	10.944811	0.295495
45000	0.990000	0.000000	0.000000	11.022086	0.294394
50000	0.990000	0.000000	0.000000	11.075829	0.293635
55000	0.990000	0.000000	0.000000	11.113325	0.293110
60000	0.990000	0.000000	0.000000	11.139544	0.292744
65000	0.990000	0.000000	0.000000	11.157905	0.292488
70000	0.990000	0.000000	0.000000	11.170777	0.292310
75000	0.990000	0.000000	0.000000	11.179808	0.292185
80000	0.990000	0.000000	0.000000	11.186147	0.292097
85000	0.990000	0.000000	0.000000	11.190598	0.292035
90000	0.990000	0.000000	0.000000	11.193724	0.291992
95000	0.990000	0.000000	0.000000	11.195921	0.291962
100000	0.990000	0.000000	0.000000	11.197464	0.291940

var1: 0.000000	 var2: 2.600000
gen	A2		B2		diseq		zbar		sexrat
0	0.990000	0.000000			3.000000	
5000	0.990000	0.000000	0.000000	7.080887	0.372532
10000	0.990000	0.000000	0.000000	8.647131	0.335069
15000	0.990000	0.000000	0.000000	9.527998	0.318152
20000	0.990000	0.000000	0.000000	10.075388	0.308804
25000	0.990000	0.000000	0.000000	10.432076	0.303131
30000	0.990000	0.000000	0.000000	10.670789	0.299503
35000	0.990000	0.000000	0.000000	10.833178	0.297108
40000	0.990000	0.000000	0.000000	10.944811	0.295495
45000	0.990000	0.000000	0.000000	11.022086	0.294394
50000	0.990000	0.000000	0.000000	11.075829	0.293635
55000	0.990000	0.000000	0.000000	11.113325	0.293110
60000	0.990000	0.000000	0.000000	11.139544	0.292744
65000	0.990000	0.000000	0.000000	11.157905	0.292488
70000	0.990000	0.000000	0.000000	11.170777	0.292310
75000	0.990000	0.000000	0.000000	11.179808	0.292185
80000	0.990000	0.000000	0.000000	11.186147	0.292097
85000	0.990000	0.000000	0.000000	11.190598	0.292035
90000	0.990000	0.000000	0.000000	11.193724	0.291992
95000	0.990000	0.000000	0.000000	11.195921	0.291962
100000	0.990000	0.000000	0.000000	11.197464	0.291940

var1: 0.000000	 var2: 2.700000
gen	A2		B2		diseq		zbar		sexrat
0	0.990000	0.000000			3.000000	
5000	0.990000	0.000000	0.000000	7.080887	0.372532
10000	0.990000	0.000000	0.000000	8.647131	0.335069
15000	0.990000	0.000000	0.000000	9.527998	0.318152
20000	0.990000	0.000000	0.000000	10.075388	0.308804
25000	0.990000	0.000000	0.000000	10.432076	0.303131
30000	0.990000	0.000000	0.000000	10.670789	0.299503
35000	0.990000	0.000000	0.000000	10.833178	0.297108
40000	0.990000	0.000000	0.000000	10.944811	0.295495
45000	0.990000	0.000000	0.000000	11.022086	0.294394
50000	0.990000	0.000000	0.000000	11.075829	0.293635
55000	0.990000	0.000000	0.000000	11.113325	0.293110
60000	0.990000	0.000000	0.000000	11.139544	0.292744
65000	0.990000	0.000000	0.000000	11.157905	0.292488
70000	0.990000	0.000000	0.000000	11.170777	0.292310
75000	0.990000	0.000000	0.000000	11.179808	0.292185
80000	0.990000	0.000000	0.000000	11.186147	0.292097
85000	0.990000	0.000000	0.000000	11.190598	0.292035
90000	0.990000	0.000000	0.000000	11.193724	0.291992
95000	0.990000	0.000000	0.000000	11.195921	0.291962
100000	0.990000	0.000000	0.000000	11.197464	0.291940

var1: 0.000000	 var2: 2.800000
gen	A2		B2		diseq		zbar		sexrat
0	0.990000	0.000000			3.000000	
5000	0.990000	0.000000	0.000000	7.080887	0.372532
10000	0.990000	0.000000	0.000000	8.647131	0.335069
15000	0.990000	0.000000	0.000000	9.527998	0.318152
20000	0.990000	0.000000	0.000000	10.075388	0.308804
25000	0.990000	0.000000	0.000000	10.432076	0.303131
30000	0.990000	0.000000	0.000000	10.670789	0.299503
35000	0.990000	0.000000	0.000000	10.833178	0.297108
40000	0.990000	0.000000	0.000000	10.944811	0.295495
45000	0.990000	0.000000	0.000000	11.022086	0.294394
50000	0.990000	0.000000	0.000000	11.075829	0.293635
55000	0.990000	0.000000	0.000000	11.113325	0.293110
60000	0.990000	0.000000	0.000000	11.139544	0.292744
65000	0.990000	0.000000	0.000000	11.157905	0.292488
70000	0.990000	0.000000	0.000000	11.170777	0.292310
75000	0.990000	0.000000	0.000000	11.179808	0.292185
80000	0.990000	0.000000	0.000000	11.186147	0.292097
85000	0.990000	0.000000	0.000000	11.190598	0.292035
90000	0.990000	0.000000	0.000000	11.193724	0.291992
95000	0.990000	0.000000	0.000000	11.195921	0.291962
100000	0.990000	0.000000	0.000000	11.197464	0.291940

var1: 0.000000	 var2: 2.900000
gen	A2		B2		diseq		zbar		sexrat
0	0.990000	0.000000			3.000000	
5000	0.990000	0.000000	0.000000	7.080887	0.372532
10000	0.990000	0.000000	0.000000	8.647131	0.335069
15000	0.990000	0.000000	0.000000	9.527998	0.318152
20000	0.990000	0.000000	0.000000	10.075388	0.308804
25000	0.990000	0.000000	0.000000	10.432076	0.303131
30000	0.990000	0.000000	0.000000	10.670789	0.299503
35000	0.990000	0.000000	0.000000	10.833178	0.297108
40000	0.990000	0.000000	0.000000	10.944811	0.295495
45000	0.990000	0.000000	0.000000	11.022086	0.294394
50000	0.990000	0.000000	0.000000	11.075829	0.293635
55000	0.990000	0.000000	0.000000	11.113325	0.293110
60000	0.990000	0.000000	0.000000	11.139544	0.292744
65000	0.990000	0.000000	0.000000	11.157905	0.292488
70000	0.990000	0.000000	0.000000	11.170777	0.292310
75000	0.990000	0.000000	0.000000	11.179808	0.292185
80000	0.990000	0.000000	0.000000	11.186147	0.292097
85000	0.990000	0.000000	0.000000	11.190598	0.292035
90000	0.990000	0.000000	0.000000	11.193724	0.291992
95000	0.990000	0.000000	0.000000	11.195921	0.291962
100000	0.990000	0.000000	0.000000	11.197464	0.291940

var1: 0.000000	 var2: 3.000000
gen	A2		B2		diseq		zbar		sexrat
0	0.990000	0.000000			3.000000	
5000	0.990000	0.000000	0.000000	7.080887	0.372532
10000	0.990000	0.000000	0.000000	8.647131	0.335069
15000	0.990000	0.000000	0.000000	9.527998	0.318152
20000	0.990000	0.000000	0.000000	10.075388	0.308804
25000	0.990000	0.000000	0.000000	10.432076	0.303131
30000	0.990000	0.000000	0.000000	10.670789	0.299503
35000	0.990000	0.000000	0.000000	10.833178	0.297108
40000	0.990000	0.000000	0.000000	10.944811	0.295495
45000	0.990000	0.000000	0.000000	11.022086	0.294394
50000	0.990000	0.000000	0.000000	11.075829	0.293635
55000	0.990000	0.000000	0.000000	11.113325	0.293110
60000	0.990000	0.000000	0.000000	11.139544	0.292744
65000	0.990000	0.000000	0.000000	11.157905	0.292488
70000	0.990000	0.000000	0.000000	11.170777	0.292310
75000	0.990000	0.000000	0.000000	11.179808	0.292185
80000	0.990000	0.000000	0.000000	11.186147	0.292097
85000	0.990000	0.000000	0.000000	11.190598	0.292035
90000	0.990000	0.000000	0.000000	11.193724	0.291992
95000	0.990000	0.000000	0.000000	11.195921	0.291962
100000	0.990000	0.000000	0.000000	11.197464	0.291940

var1: 0.000000	 var2: 3.100000
gen	A2		B2		diseq		zbar		sexrat
0	0.990000	0.000000			3.000000	
5000	0.990000	0.000000	0.000000	7.080887	0.372532
10000	0.990000	0.000000	0.000000	8.647131	0.335069
15000	0.990000	0.000000	0.000000	9.527998	0.318152
20000	0.990000	0.000000	0.000000	10.075388	0.308804
25000	0.990000	0.000000	0.000000	10.432076	0.303131
30000	0.990000	0.000000	0.000000	10.670789	0.299503
35000	0.990000	0.000000	0.000000	10.833178	0.297108
40000	0.990000	0.000000	0.000000	10.944811	0.295495
45000	0.990000	0.000000	0.000000	11.022086	0.294394
50000	0.990000	0.000000	0.000000	11.075829	0.293635
55000	0.990000	0.000000	0.000000	11.113325	0.293110
60000	0.990000	0.000000	0.000000	11.139544	0.292744
65000	0.990000	0.000000	0.000000	11.157905	0.292488
70000	0.990000	0.000000	0.000000	11.170777	0.292310
75000	0.990000	0.000000	0.000000	11.179808	0.292185
80000	0.990000	0.000000	0.000000	11.186147	0.292097
85000	0.990000	0.000000	0.000000	11.190598	0.292035
90000	0.990000	0.000000	0.000000	11.193724	0.291992
95000	0.990000	0.000000	0.000000	11.195921	0.291962
100000	0.990000	0.000000	0.000000	11.197464	0.291940

var1: 0.000000	 var2: 3.200000
gen	A2		B2		diseq		zbar		sexrat
0	0.990000	0.000000			3.000000	
5000	0.990000	0.000000	0.000000	7.080887	0.372532
10000	0.990000	0.000000	0.000000	8.647131	0.335069
15000	0.990000	0.000000	0.000000	9.527998	0.318152
20000	0.990000	0.000000	0.000000	10.075388	0.308804
25000	0.990000	0.000000	0.000000	10.432076	0.303131
30000	0.990000	0.000000	0.000000	10.670789	0.299503
35000	0.990000	0.000000	0.000000	10.833178	0.297108
40000	0.990000	0.000000	0.000000	10.944811	0.295495
45000	0.990000	0.000000	0.000000	11.022086	0.294394
50000	0.990000	0.000000	0.000000	11.075829	0.293635
55000	0.990000	0.000000	0.000000	11.113325	0.293110
60000	0.990000	0.000000	0.000000	11.139544	0.292744
65000	0.990000	0.000000	0.000000	11.157905	0.292488
70000	0.990000	0.000000	0.000000	11.170777	0.292310
75000	0.990000	0.000000	0.000000	11.179808	0.292185
80000	0.990000	0.000000	0.000000	11.186147	0.292097
85000	0.990000	0.000000	0.000000	11.190598	0.292035
90000	0.990000	0.000000	0.000000	11.193724	0.291992
95000	0.990000	0.000000	0.000000	11.195921	0.291962
100000	0.990000	0.000000	0.000000	11.197464	0.291940

var1: 0.000000	 var2: 3.300000
gen	A2		B2		diseq		zbar		sexrat
0	0.990000	0.000000			3.000000	
5000	0.990000	0.000000	0.000000	7.080887	0.372532
10000	0.990000	0.000000	0.000000	8.647131	0.335069
15000	0.990000	0.000000	0.000000	9.527998	0.318152
20000	0.990000	0.000000	0.000000	10.075388	0.308804
25000	0.990000	0.000000	0.000000	10.432076	0.303131
30000	0.990000	0.000000	0.000000	10.670789	0.299503
35000	0.990000	0.000000	0.000000	10.833178	0.297108
40000	0.990000	0.000000	0.000000	10.944811	0.295495
45000	0.990000	0.000000	0.000000	11.022086	0.294394
50000	0.990000	0.000000	0.000000	11.075829	0.293635
55000	0.990000	0.000000	0.000000	11.113325	0.293110
60000	0.990000	0.000000	0.000000	11.139544	0.292744
65000	0.990000	0.000000	0.000000	11.157905	0.292488
70000	0.990000	0.000000	0.000000	11.170777	0.292310
75000	0.990000	0.000000	0.000000	11.179808	0.292185
80000	0.990000	0.000000	0.000000	11.186147	0.292097
85000	0.990000	0.000000	0.000000	11.190598	0.292035
90000	0.990000	0.000000	0.000000	11.193724	0.291992
95000	0.990000	0.000000	0.000000	11.195921	0.291962
100000	0.990000	0.000000	0.000000	11.197464	0.291940

var1: 0.000000	 var2: 3.400000
gen	A2		B2		diseq		zbar		sexrat
0	0.990000	0.000000			3.000000	
5000	0.990000	0.000000	0.000000	7.080887	0.372532
10000	0.990000	0.000000	0.000000	8.647131	0.335069
15000	0.990000	0.000000	0.000000	9.527998	0.318152
20000	0.990000	0.000000	0.000000	10.075388	0.308804
25000	0.990000	0.000000	0.000000	10.432076	0.303131
30000	0.990000	0.000000	0.000000	10.670789	0.299503
35000	0.990000	0.000000	0.000000	10.833178	0.297108
40000	0.990000	0.000000	0.000000	10.944811	0.295495
45000	0.990000	0.000000	0.000000	11.022086	0.294394
50000	0.990000	0.000000	0.000000	11.075829	0.293635
55000	0.990000	0.000000	0.000000	11.113325	0.293110
60000	0.990000	0.000000	0.000000	11.139544	0.292744
65000	0.990000	0.000000	0.000000	11.157905	0.292488
70000	0.990000	0.000000	0.000000	11.170777	0.292310
75000	0.990000	0.000000	0.000000	11.179808	0.292185
80000	0.990000	0.000000	0.000000	11.186147	0.292097
85000	0.990000	0.000000	0.000000	11.190598	0.292035
90000	0.990000	0.000000	0.000000	11.193724	0.291992
95000	0.990000	0.000000	0.000000	11.195921	0.291962
100000	0.990000	0.000000	0.000000	11.197464	0.291940

var1: 0.000000	 var2: 3.500000
gen	A2		B2		diseq		zbar		sexrat
0	0.990000	0.000000			3.000000	
5000	0.990000	0.000000	0.000000	7.080887	0.372532
10000	0.990000	0.000000	0.000000	8.647131	0.335069
15000	0.990000	0.000000	0.000000	9.527998	0.318152
20000	0.990000	0.000000	0.000000	10.075388	0.308804
25000	0.990000	0.000000	0.000000	10.432076	0.303131
30000	0.990000	0.000000	0.000000	10.670789	0.299503
35000	0.990000	0.000000	0.000000	10.833178	0.297108
40000	0.990000	0.000000	0.000000	10.944811	0.295495
45000	0.990000	0.000000	0.000000	11.022086	0.294394
50000	0.990000	0.000000	0.000000	11.075829	0.293635
55000	0.990000	0.000000	0.000000	11.113325	0.293110
60000	0.990000	0.000000	0.000000	11.139544	0.292744
65000	0.990000	0.000000	0.000000	11.157905	0.292488
70000	0.990000	0.000000	0.000000	11.170777	0.292310
75000	0.990000	0.000000	0.000000	11.179808	0.292185
80000	0.990000	0.000000	0.000000	11.186147	0.292097
85000	0.990000	0.000000	0.000000	11.190598	0.292035
90000	0.990000	0.000000	0.000000	11.193724	0.291992
95000	0.990000	0.000000	0.000000	11.195921	0.291962
100000	0.990000	0.000000	0.000000	11.197464	0.291940

var1: 0.000000	 var2: 3.600000
gen	A2		B2		diseq		zbar		sexrat
0	0.990000	0.000000			3.000000	
5000	0.990000	0.000000	0.000000	7.080887	0.372532
10000	0.990000	0.000000	0.000000	8.647131	0.335069
15000	0.990000	0.000000	0.000000	9.527998	0.318152
20000	0.990000	0.000000	0.000000	10.075388	0.308804
25000	0.990000	0.000000	0.000000	10.432076	0.303131
30000	0.990000	0.000000	0.000000	10.670789	0.299503
35000	0.990000	0.000000	0.000000	10.833178	0.297108
40000	0.990000	0.000000	0.000000	10.944811	0.295495
45000	0.990000	0.000000	0.000000	11.022086	0.294394
50000	0.990000	0.000000	0.000000	11.075829	0.293635
55000	0.990000	0.000000	0.000000	11.113325	0.293110
60000	0.990000	0.000000	0.000000	11.139544	0.292744
65000	0.990000	0.000000	0.000000	11.157905	0.292488
70000	0.990000	0.000000	0.000000	11.170777	0.292310
75000	0.990000	0.000000	0.000000	11.179808	0.292185
80000	0.990000	0.000000	0.000000	11.186147	0.292097
85000	0.990000	0.000000	0.000000	11.190598	0.292035
90000	0.990000	0.000000	0.000000	11.193724	0.291992
95000	0.990000	0.000000	0.000000	11.195921	0.291962
100000	0.990000	0.000000	0.000000	11.197464	0.291940

var1: 0.000000	 var2: 3.700000
gen	A2		B2		diseq		zbar		sexrat
0	0.990000	0.000000			3.000000	
5000	0.990000	0.000000	0.000000	7.080887	0.372532
10000	0.990000	0.000000	0.000000	8.647131	0.335069
15000	0.990000	0.000000	0.000000	9.527998	0.318152
20000	0.990000	0.000000	0.000000	10.075388	0.308804
25000	0.990000	0.000000	0.000000	10.432076	0.303131
30000	0.990000	0.000000	0.000000	10.670789	0.299503
35000	0.990000	0.000000	0.000000	10.833178	0.297108
40000	0.990000	0.000000	0.000000	10.944811	0.295495
45000	0.990000	0.000000	0.000000	11.022086	0.294394
50000	0.990000	0.000000	0.000000	11.075829	0.293635
55000	0.990000	0.000000	0.000000	11.113325	0.293110
60000	0.990000	0.000000	0.000000	11.139544	0.292744
65000	0.990000	0.000000	0.000000	11.157905	0.292488
70000	0.990000	0.000000	0.000000	11.170777	0.292310
75000	0.990000	0.000000	0.000000	11.179808	0.292185
80000	0.990000	0.000000	0.000000	11.186147	0.292097
85000	0.990000	0.000000	0.000000	11.190598	0.292035
90000	0.990000	0.000000	0.000000	11.193724	0.291992
95000	0.990000	0.000000	0.000000	11.195921	0.291962
100000	0.990000	0.000000	0.000000	11.197464	0.291940

var1: 0.000000	 var2: 3.800000
gen	A2		B2		diseq		zbar		sexrat
0	0.990000	0.000000			3.000000	
5000	0.990000	0.000000	0.000000	7.080887	0.372532
10000	0.990000	0.000000	0.000000	8.647131	0.335069
15000	0.990000	0.000000	0.000000	9.527998	0.318152
20000	0.990000	0.000000	0.000000	10.075388	0.308804
25000	0.990000	0.000000	0.000000	10.432076	0.303131
30000	0.990000	0.000000	0.000000	10.670789	0.299503
35000	0.990000	0.000000	0.000000	10.833178	0.297108
40000	0.990000	0.000000	0.000000	10.944811	0.295495
45000	0.990000	0.000000	0.000000	11.022086	0.294394
50000	0.990000	0.000000	0.000000	11.075829	0.293635
55000	0.990000	0.000000	0.000000	11.113325	0.293110
60000	0.990000	0.000000	0.000000	11.139544	0.292744
65000	0.990000	0.000000	0.000000	11.157905	0.292488
70000	0.990000	0.000000	0.000000	11.170777	0.292310
75000	0.990000	0.000000	0.000000	11.179808	0.292185
80000	0.990000	0.000000	0.000000	11.186147	0.292097
85000	0.990000	0.000000	0.000000	11.190598	0.292035
90000	0.990000	0.000000	0.000000	11.193724	0.291992
95000	0.990000	0.000000	0.000000	11.195921	0.291962
100000	0.990000	0.000000	0.000000	11.197464	0.291940

var1: 0.000000	 var2: 3.900000
gen	A2		B2		diseq		zbar		sexrat
0	0.990000	0.000000			3.000000	
5000	0.990000	0.000000	0.000000	7.080887	0.372532
10000	0.990000	0.000000	0.000000	8.647131	0.335069
15000	0.990000	0.000000	0.000000	9.527998	0.318152
20000	0.990000	0.000000	0.000000	10.075388	0.308804
25000	0.990000	0.000000	0.000000	10.432076	0.303131
30000	0.990000	0.000000	0.000000	10.670789	0.299503
35000	0.990000	0.000000	0.000000	10.833178	0.297108
40000	0.990000	0.000000	0.000000	10.944811	0.295495
45000	0.990000	0.000000	0.000000	11.022086	0.294394
50000	0.990000	0.000000	0.000000	11.075829	0.293635
55000	0.990000	0.000000	0.000000	11.113325	0.293110
60000	0.990000	0.000000	0.000000	11.139544	0.292744
65000	0.990000	0.000000	0.000000	11.157905	0.292488
70000	0.990000	0.000000	0.000000	11.170777	0.292310
75000	0.990000	0.000000	0.000000	11.179808	0.292185
80000	0.990000	0.000000	0.000000	11.186147	0.292097
85000	0.990000	0.000000	0.000000	11.190598	0.292035
90000	0.990000	0.000000	0.000000	11.193724	0.291992
95000	0.990000	0.000000	0.000000	11.195921	0.291962
100000	0.990000	0.000000	0.000000	11.197464	0.291940

var1: 0.000000	 var2: 4.000000
gen	A2		B2		diseq		zbar		sexrat
0	0.990000	0.000000			3.000000	
5000	0.990000	0.000000	0.000000	7.080887	0.372532
10000	0.990000	0.000000	0.000000	8.647131	0.335069
15000	0.990000	0.000000	0.000000	9.527998	0.318152
20000	0.990000	0.000000	0.000000	10.075388	0.308804
25000	0.990000	0.000000	0.000000	10.432076	0.303131
30000	0.990000	0.000000	0.000000	10.670789	0.299503
35000	0.990000	0.000000	0.000000	10.833178	0.297108
40000	0.990000	0.000000	0.000000	10.944811	0.295495
45000	0.990000	0.000000	0.000000	11.022086	0.294394
50000	0.990000	0.000000	0.000000	11.075829	0.293635
55000	0.990000	0.000000	0.000000	11.113325	0.293110
60000	0.990000	0.000000	0.000000	11.139544	0.292744
65000	0.990000	0.000000	0.000000	11.157905	0.292488
70000	0.990000	0.000000	0.000000	11.170777	0.292310
75000	0.990000	0.000000	0.000000	11.179808	0.292185
80000	0.990000	0.000000	0.000000	11.186147	0.292097
85000	0.990000	0.000000	0.000000	11.190598	0.292035
90000	0.990000	0.000000	0.000000	11.193724	0.291992
95000	0.990000	0.000000	0.000000	11.195921	0.291962
100000	0.990000	0.000000	0.000000	11.197464	0.291940

var1: 0.002500	 var2: 0.000000
gen	A2		B2		diseq		zbar		sexrat
0	0.990000	0.000000			3.000000	
5000	0.990000	0.000000	0.000000	7.055488	0.387563
10000	0.990000	0.000000	0.000000	8.554454	0.351189
15000	0.990000	0.000000	0.000000	9.365713	0.335196
20000	0.990000	0.000000	0.000000	9.849764	0.326628
25000	0.990000	0.000000	0.000000	10.151963	0.321604
30000	0.990000	0.000000	0.000000	10.345364	0.318511
35000	0.990000	0.000000	0.000000	10.470965	0.316551
40000	0.990000	0.000000	0.000000	10.553278	0.315286
45000	0.990000	0.000000	0.000000	10.607535	0.314461
50000	0.990000	0.000000	0.000000	10.643432	0.313919
55000	0.990000	0.000000	0.000000	10.667239	0.313561
60000	0.990000	0.000000	0.000000	10.683054	0.313324
65000	0.990000	0.000000	0.000000	10.693571	0.313167
70000	0.990000	0.000000	0.000000	10.700570	0.313062
75000	0.990000	0.000000	0.000000	10.705229	0.312993
80000	0.990000	0.000000	0.000000	10.708332	0.312946
85000	0.990000	0.000000	0.000000	10.710399	0.312916
90000	0.990000	0.000000	0.000000	10.711776	0.312895
95000	0.990000	0.000000	0.000000	10.712693	0.312881
100000	0.990000	0.000000	0.000000	10.713305	0.312872

var1: 0.002500	 var2: 0.100000
gen	A2		B2		diseq		zbar		sexrat
0	0.990000	0.000000			3.000000	
5000	0.990000	0.000000	0.000000	7.055488	0.387563
10000	0.990000	0.000000	0.000000	8.554454	0.351189
15000	0.990000	0.000000	0.000000	9.365713	0.335196
20000	0.990000	0.000000	0.000000	9.849764	0.326628
25000	0.990000	0.000000	0.000000	10.151963	0.321604
30000	0.990000	0.000000	0.000000	10.345364	0.318511
35000	0.990000	0.000000	0.000000	10.470965	0.316551
40000	0.990000	0.000000	0.000000	10.553278	0.315286
45000	0.990000	0.000000	0.000000	10.607535	0.314461
50000	0.990000	0.000000	0.000000	10.643432	0.313919
55000	0.990000	0.000000	0.000000	10.667239	0.313561
60000	0.990000	0.000000	0.000000	10.683054	0.313324
65000	0.990000	0.000000	0.000000	10.693571	0.313167
70000	0.990000	0.000000	0.000000	10.700570	0.313062
75000	0.990000	0.000000	0.000000	10.705229	0.312993
80000	0.990000	0.000000	0.000000	10.708332	0.312946
85000	0.990000	0.000000	0.000000	10.710399	0.312916
90000	0.990000	0.000000	0.000000	10.711776	0.312895
95000	0.990000	0.000000	0.000000	10.712693	0.312881
100000	0.990000	0.000000	0.000000	10.713305	0.312872

var1: 0.002500	 var2: 0.200000
gen	A2		B2		diseq		zbar		sexrat
0	0.990000	0.000000			3.000000	
5000	0.990000	0.000000	0.000000	7.055488	0.387563
10000	0.990000	0.000000	0.000000	8.554454	0.351189
15000	0.990000	0.000000	0.000000	9.365713	0.335196
20000	0.990000	0.000000	0.000000	9.849764	0.326628
25000	0.990000	0.000000	0.000000	10.151963	0.321604
30000	0.990000	0.000000	0.000000	10.345364	0.318511
35000	0.990000	0.000000	0.000000	10.470965	0.316551
40000	0.990000	0.000000	0.000000	10.553278	0.315286
45000	0.990000	0.000000	0.000000	10.607535	0.314461
50000	0.990000	0.000000	0.000000	10.643432	0.313919
55000	0.990000	0.000000	0.000000	10.667239	0.313561
60000	0.990000	0.000000	0.000000	10.683054	0.313324
65000	0.990000	0.000000	0.000000	10.693571	0.313167
70000	0.990000	0.000000	0.000000	10.700570	0.313062
75000	0.990000	0.000000	0.000000	10.705229	0.312993
80000	0.990000	0.000000	0.000000	10.708332	0.312946
85000	0.990000	0.000000	0.000000	10.710399	0.312916
90000	0.990000	0.000000	0.000000	10.711776	0.312895
95000	0.990000	0.000000	0.000000	10.712693	0.312881
100000	0.990000	0.000000	0.000000	10.713305	0.312872

var1: 0.002500	 var2: 0.300000
gen	A2		B2		diseq		zbar		sexrat
0	0.990000	0.000000			3.000000	
5000	0.990000	0.000000	0.000000	7.055488	0.387563
10000	0.990000	0.000000	0.000000	8.554454	0.351189
15000	0.990000	0.000000	0.000000	9.365713	0.335196
20000	0.990000	0.000000	0.000000	9.849764	0.326628
25000	0.990000	0.000000	0.000000	10.151963	0.321604
30000	0.990000	0.000000	0.000000	10.345364	0.318511
35000	0.990000	0.000000	0.000000	10.470965	0.316551
40000	0.990000	0.000000	0.000000	10.553278	0.315286
45000	0.990000	0.000000	0.000000	10.607535	0.314461
50000	0.990000	0.000000	0.000000	10.643432	0.313919
55000	0.990000	0.000000	0.000000	10.667239	0.313561
60000	0.990000	0.000000	0.000000	10.683054	0.313324
65000	0.990000	0.000000	0.000000	10.693571	0.313167
70000	0.990000	0.000000	0.000000	10.700570	0.313062
75000	0.990000	0.000000	0.000000	10.705229	0.312993
80000	0.990000	0.000000	0.000000	10.708332	0.312946
85000	0.990000	0.000000	0.000000	10.710399	0.312916
90000	0.990000	0.000000	0.000000	10.711776	0.312895
95000	0.990000	0.000000	0.000000	10.712693	0.312881
100000	0.990000	0.000000	0.000000	10.713305	0.312872

var1: 0.002500	 var2: 0.400000
gen	A2		B2		diseq		zbar		sexrat
0	0.990000	0.000000			3.000000	
5000	0.990000	0.000000	0.000000	7.055488	0.387563
10000	0.990000	0.000000	0.000000	8.554454	0.351189
15000	0.990000	0.000000	0.000000	9.365713	0.335196
20000	0.990000	0.000000	0.000000	9.849764	0.326628
25000	0.990000	0.000000	0.000000	10.151963	0.321604
30000	0.990000	0.000000	0.000000	10.345364	0.318511
35000	0.990000	0.000000	0.000000	10.470965	0.316551
40000	0.990000	0.000000	0.000000	10.553278	0.315286
45000	0.990000	0.000000	0.000000	10.607535	0.314461
50000	0.990000	0.000000	0.000000	10.643432	0.313919
55000	0.990000	0.000000	0.000000	10.667239	0.313561
60000	0.990000	0.000000	0.000000	10.683054	0.313324
65000	0.990000	0.000000	0.000000	10.693571	0.313167
70000	0.990000	0.000000	0.000000	10.700570	0.313062
75000	0.990000	0.000000	0.000000	10.705229	0.312993
80000	0.990000	0.000000	0.000000	10.708332	0.312946
85000	0.990000	0.000000	0.000000	10.710399	0.312916
90000	0.990000	0.000000	0.000000	10.711776	0.312895
95000	0.990000	0.000000	0.000000	10.712693	0.312881
100000	0.990000	0.000000	0.000000	10.713305	0.312872

var1: 0.002500	 var2: 0.500000
gen	A2		B2		diseq		zbar		sexrat
0	0.990000	0.000000			3.000000	
5000	0.990000	0.000000	0.000000	7.055488	0.387563
10000	0.990000	0.000000	0.000000	8.554454	0.351189
15000	0.990000	0.000000	0.000000	9.365713	0.335196
20000	0.990000	0.000000	0.000000	9.849764	0.326628
25000	0.990000	0.000000	0.000000	10.151963	0.321604
30000	0.990000	0.000000	0.000000	10.345364	0.318511
35000	0.990000	0.000000	0.000000	10.470965	0.316551
40000	0.990000	0.000000	0.000000	10.553278	0.315286
45000	0.990000	0.000000	0.000000	10.607535	0.314461
50000	0.990000	0.000000	0.000000	10.643432	0.313919
55000	0.990000	0.000000	0.000000	10.667239	0.313561
60000	0.990000	0.000000	0.000000	10.683054	0.313324
65000	0.990000	0.000000	0.000000	10.693571	0.313167
70000	0.990000	0.000000	0.000000	10.700570	0.313062
75000	0.990000	0.000000	0.000000	10.705229	0.312993
80000	0.990000	0.000000	0.000000	10.708332	0.312946
85000	0.990000	0.000000	0.000000	10.710399	0.312916
90000	0.990000	0.000000	0.000000	10.711776	0.312895
95000	0.990000	0.000000	0.000000	10.712693	0.312881
100000	0.990000	0.000000	0.000000	10.713305	0.312872

var1: 0.002500	 var2: 0.600000
gen	A2		B2		diseq		zbar		sexrat
0	0.990000	0.000000			3.000000	
5000	0.990000	0.000000	0.000000	7.055488	0.387563
10000	0.990000	0.000000	0.000000	8.554454	0.351189
15000	0.990000	0.000000	0.000000	9.365713	0.335196
20000	0.990000	0.000000	0.000000	9.849764	0.326628
25000	0.990000	0.000000	0.000000	10.151963	0.321604
30000	0.990000	0.000000	0.000000	10.345364	0.318511
35000	0.990000	0.000000	0.000000	10.470965	0.316551
40000	0.990000	0.000000	0.000000	10.553278	0.315286
45000	0.990000	0.000000	0.000000	10.607535	0.314461
50000	0.990000	0.000000	0.000000	10.643432	0.313919
55000	0.990000	0.000000	0.000000	10.667239	0.313561
60000	0.990000	0.000000	0.000000	10.683054	0.313324
65000	0.990000	0.000000	0.000000	10.693571	0.313167
70000	0.990000	0.000000	0.000000	10.700570	0.313062
75000	0.990000	0.000000	0.000000	10.705229	0.312993
80000	0.990000	0.000000	0.000000	10.708332	0.312946
85000	0.990000	0.000000	0.000000	10.710399	0.312916
90000	0.990000	0.000000	0.000000	10.711776	0.312895
95000	0.990000	0.000000	0.000000	10.712693	0.312881
100000	0.990000	0.000000	0.000000	10.713305	0.312872

var1: 0.002500	 var2: 0.700000
gen	A2		B2		diseq		zbar		sexrat
0	0.990000	0.000000			3.000000	
5000	0.990000	0.000000	0.000000	7.055488	0.387563
10000	0.990000	0.000000	0.000000	8.554454	0.351189
15000	0.990000	0.000000	0.000000	9.365713	0.335196
20000	0.990000	0.000000	0.000000	9.849764	0.326628
25000	0.990000	0.000000	0.000000	10.151963	0.321604
30000	0.990000	0.000000	0.000000	10.345364	0.318511
35000	0.990000	0.000000	0.000000	10.470965	0.316551
40000	0.990000	0.000000	0.000000	10.553278	0.315286
45000	0.990000	0.000000	0.000000	10.607535	0.314461
50000	0.990000	0.000000	0.000000	10.643432	0.313919
55000	0.990000	0.000000	0.000000	10.667239	0.313561
60000	0.990000	0.000000	0.000000	10.683054	0.313324
65000	0.990000	0.000000	0.000000	10.693571	0.313167
70000	0.990000	0.000000	0.000000	10.700570	0.313062
75000	0.990000	0.000000	0.000000	10.705229	0.312993
80000	0.990000	0.000000	0.000000	10.708332	0.312946
85000	0.990000	0.000000	0.000000	10.710399	0.312916
90000	0.990000	0.000000	0.000000	10.711776	0.312895
95000	0.990000	0.000000	0.000000	10.712693	0.312881
100000	0.990000	0.000000	0.000000	10.713305	0.312872

var1: 0.002500	 var2: 0.800000
gen	A2		B2		diseq		zbar		sexrat
0	0.990000	0.000000			3.000000	
5000	0.990000	0.000000	0.000000	7.055488	0.387563
10000	0.990000	0.000000	0.000000	8.554454	0.351189
15000	0.990000	0.000000	0.000000	9.365713	0.335196
20000	0.990000	0.000000	0.000000	9.849764	0.326628
25000	0.990000	0.000000	0.000000	10.151963	0.321604
30000	0.990000	0.000000	0.000000	10.345364	0.318511
35000	0.990000	0.000000	0.000000	10.470965	0.316551
40000	0.990000	0.000000	0.000000	10.553278	0.315286
45000	0.990000	0.000000	0.000000	10.607535	0.314461
50000	0.990000	0.000000	0.000000	10.643432	0.313919
55000	0.990000	0.000000	0.000000	10.667239	0.313561
60000	0.990000	0.000000	0.000000	10.683054	0.313324
65000	0.990000	0.000000	0.000000	10.693571	0.313167
70000	0.990000	0.000000	0.000000	10.700570	0.313062
75000	0.990000	0.000000	0.000000	10.705229	0.312993
80000	0.990000	0.000000	0.000000	10.708332	0.312946
85000	0.990000	0.000000	0.000000	10.710399	0.312916
90000	0.990000	0.000000	0.000000	10.711776	0.312895
95000	0.990000	0.000000	0.000000	10.712693	0.312881
100000	0.990000	0.000000	0.000000	10.713305	0.312872

var1: 0.002500	 var2: 0.900000
gen	A2		B2		diseq		zbar		sexrat
0	0.990000	0.000000			3.000000	
5000	0.990000	0.000000	0.000000	7.055488	0.387563
10000	0.990000	0.000000	0.000000	8.554454	0.351189
15000	0.990000	0.000000	0.000000	9.365713	0.335196
20000	0.990000	0.000000	0.000000	9.849764	0.326628
25000	0.990000	0.000000	0.000000	10.151963	0.321604
30000	0.990000	0.000000	0.000000	10.345364	0.318511
35000	0.990000	0.000000	0.000000	10.470965	0.316551
40000	0.990000	0.000000	0.000000	10.553278	0.315286
45000	0.990000	0.000000	0.000000	10.607535	0.314461
50000	0.990000	0.000000	0.000000	10.643432	0.313919
55000	0.990000	0.000000	0.000000	10.667239	0.313561
60000	0.990000	0.000000	0.000000	10.683054	0.313324
65000	0.990000	0.000000	0.000000	10.693571	0.313167
70000	0.990000	0.000000	0.000000	10.700570	0.313062
75000	0.990000	0.000000	0.000000	10.705229	0.312993
80000	0.990000	0.000000	0.000000	10.708332	0.312946
85000	0.990000	0.000000	0.000000	10.710399	0.312916
90000	0.990000	0.000000	0.000000	10.711776	0.312895
95000	0.990000	0.000000	0.000000	10.712693	0.312881
100000	0.990000	0.000000	0.000000	10.713305	0.312872

var1: 0.002500	 var2: 1.000000
gen	A2		B2		diseq		zbar		sexrat
0	0.990000	0.000000			3.000000	
5000	0.990000	0.000000	0.000000	7.055488	0.387563
10000	0.990000	0.000000	0.000000	8.554454	0.351189
15000	0.990000	0.000000	0.000000	9.365713	0.335196
20000	0.990000	0.000000	0.000000	9.849764	0.326628
25000	0.990000	0.000000	0.000000	10.151963	0.321604
30000	0.990000	0.000000	0.000000	10.345364	0.318511
35000	0.990000	0.000000	0.000000	10.470965	0.316551
40000	0.990000	0.000000	0.000000	10.553278	0.315286
45000	0.990000	0.000000	0.000000	10.607535	0.314461
50000	0.990000	0.000000	0.000000	10.643432	0.313919
55000	0.990000	0.000000	0.000000	10.667239	0.313561
60000	0.990000	0.000000	0.000000	10.683054	0.313324
65000	0.990000	0.000000	0.000000	10.693571	0.313167
70000	0.990000	0.000000	0.000000	10.700570	0.313062
75000	0.990000	0.000000	0.000000	10.705229	0.312993
80000	0.990000	0.000000	0.000000	10.708332	0.312946
85000	0.990000	0.000000	0.000000	10.710399	0.312916
90000	0.990000	0.000000	0.000000	10.711776	0.312895
95000	0.990000	0.000000	0.000000	10.712693	0.312881
100000	0.990000	0.000000	0.000000	10.713305	0.312872

var1: 0.002500	 var2: 1.100000
gen	A2		B2		diseq		zbar		sexrat
0	0.990000	0.000000			3.000000	
5000	0.990000	0.000000	0.000000	7.055488	0.387563
10000	0.990000	0.000000	0.000000	8.554454	0.351189
15000	0.990000	0.000000	0.000000	9.365713	0.335196
20000	0.990000	0.000000	0.000000	9.849764	0.326628
25000	0.990000	0.000000	0.000000	10.151963	0.321604
30000	0.990000	0.000000	0.000000	10.345364	0.318511
35000	0.990000	0.000000	0.000000	10.470965	0.316551
40000	0.990000	0.000000	0.000000	10.553278	0.315286
45000	0.990000	0.000000	0.000000	10.607535	0.314461
50000	0.990000	0.000000	0.000000	10.643432	0.313919
55000	0.990000	0.000000	0.000000	10.667239	0.313561
60000	0.990000	0.000000	0.000000	10.683054	0.313324
65000	0.990000	0.000000	0.000000	10.693571	0.313167
70000	0.990000	0.000000	0.000000	10.700570	0.313062
75000	0.990000	0.000000	0.000000	10.705229	0.312993
80000	0.990000	0.000000	0.000000	10.708332	0.312946
85000	0.990000	0.000000	0.000000	10.710399	0.312916
90000	0.990000	0.000000	0.000000	10.711776	0.312895
95000	0.990000	0.000000	0.000000	10.712693	0.312881
100000	0.990000	0.000000	0.000000	10.713305	0.312872

var1: 0.002500	 var2: 1.200000
gen	A2		B2		diseq		zbar		sexrat
0	0.990000	0.000000			3.000000	
5000	0.990000	0.000000	0.000000	7.055488	0.387563
10000	0.990000	0.000000	0.000000	8.554454	0.351189
15000	0.990000	0.000000	0.000000	9.365713	0.335196
20000	0.990000	0.000000	0.000000	9.849764	0.326628
25000	0.990000	0.000000	0.000000	10.151963	0.321604
30000	0.990000	0.000000	0.000000	10.345364	0.318511
35000	0.990000	0.000000	0.000000	10.470965	0.316551
40000	0.990000	0.000000	0.000000	10.553278	0.315286
45000	0.990000	0.000000	0.000000	10.607535	0.314461
50000	0.990000	0.000000	0.000000	10.643432	0.313919
55000	0.990000	0.000000	0.000000	10.667239	0.313561
60000	0.990000	0.000000	0.000000	10.683054	0.313324
65000	0.990000	0.000000	0.000000	10.693571	0.313167
70000	0.990000	0.000000	0.000000	10.700570	0.313062
75000	0.990000	0.000000	0.000000	10.705229	0.312993
80000	0.990000	0.000000	0.000000	10.708332	0.312946
85000	0.990000	0.000000	0.000000	10.710399	0.312916
90000	0.990000	0.000000	0.000000	10.711776	0.312895
95000	0.990000	0.000000	0.000000	10.712693	0.312881
100000	0.990000	0.000000	0.000000	10.713305	0.312872

var1: 0.002500	 var2: 1.300000
gen	A2		B2		diseq		zbar		sexrat
0	0.990000	0.000000			3.000000	
5000	0.990000	0.000000	0.000000	7.055488	0.387563
10000	0.990000	0.000000	0.000000	8.554454	0.351189
15000	0.990000	0.000000	0.000000	9.365713	0.335196
20000	0.990000	0.000000	0.000000	9.849764	0.326628
25000	0.990000	0.000000	0.000000	10.151963	0.321604
30000	0.990000	0.000000	0.000000	10.345364	0.318511
35000	0.990000	0.000000	0.000000	10.470965	0.316551
40000	0.990000	0.000000	0.000000	10.553278	0.315286
45000	0.990000	0.000000	0.000000	10.607535	0.314461
50000	0.990000	0.000000	0.000000	10.643432	0.313919
55000	0.990000	0.000000	0.000000	10.667239	0.313561
60000	0.990000	0.000000	0.000000	10.683054	0.313324
65000	0.990000	0.000000	0.000000	10.693571	0.313167
70000	0.990000	0.000000	0.000000	10.700570	0.313062
75000	0.990000	0.000000	0.000000	10.705229	0.312993
80000	0.990000	0.000000	0.000000	10.708332	0.312946
85000	0.990000	0.000000	0.000000	10.710399	0.312916
90000	0.990000	0.000000	0.000000	10.711776	0.312895
95000	0.990000	0.000000	0.000000	10.712693	0.312881
100000	0.990000	0.000000	0.000000	10.713305	0.312872

var1: 0.002500	 var2: 1.400000
gen	A2		B2		diseq		zbar		sexrat
0	0.990000	0.000000			3.000000	
5000	0.990000	0.000000	0.000000	7.055488	0.387563
10000	0.990000	0.000000	0.000000	8.554454	0.351189
15000	0.990000	0.000000	0.000000	9.365713	0.335196
20000	0.990000	0.000000	0.000000	9.849764	0.326628
25000	0.990000	0.000000	0.000000	10.151963	0.321604
30000	0.990000	0.000000	0.000000	10.345364	0.318511
35000	0.990000	0.000000	0.000000	10.470965	0.316551
40000	0.990000	0.000000	0.000000	10.553278	0.315286
45000	0.990000	0.000000	0.000000	10.607535	0.314461
50000	0.990000	0.000000	0.000000	10.643432	0.313919
55000	0.990000	0.000000	0.000000	10.667239	0.313561
60000	0.990000	0.000000	0.000000	10.683054	0.313324
65000	0.990000	0.000000	0.000000	10.693571	0.313167
70000	0.990000	0.000000	0.000000	10.700570	0.313062
75000	0.990000	0.000000	0.000000	10.705229	0.312993
80000	0.990000	0.000000	0.000000	10.708332	0.312946
85000	0.990000	0.000000	0.000000	10.710399	0.312916
90000	0.990000	0.000000	0.000000	10.711776	0.312895
95000	0.990000	0.000000	0.000000	10.712693	0.312881
100000	0.990000	0.000000	0.000000	10.713305	0.312872

var1: 0.002500	 var2: 1.500000
gen	A2		B2		diseq		zbar		sexrat
0	0.990000	0.000000			3.000000	
5000	0.990000	0.000000	0.000000	7.055488	0.387563
10000	0.990000	0.000000	0.000000	8.554454	0.351189
15000	0.990000	0.000000	0.000000	9.365713	0.335196
20000	0.990000	0.000000	0.000000	9.849764	0.326628
25000	0.990000	0.000000	0.000000	10.151963	0.321604
30000	0.990000	0.000000	0.000000	10.345364	0.318511
35000	0.990000	0.000000	0.000000	10.470965	0.316551
40000	0.990000	0.000000	0.000000	10.553278	0.315286
45000	0.990000	0.000000	0.000000	10.607535	0.314461
50000	0.990000	0.000000	0.000000	10.643432	0.313919
55000	0.990000	0.000000	0.000000	10.667239	0.313561
60000	0.990000	0.000000	0.000000	10.683054	0.313324
65000	0.990000	0.000000	0.000000	10.693571	0.313167
70000	0.990000	0.000000	0.000000	10.700570	0.313062
75000	0.990000	0.000000	0.000000	10.705229	0.312993
80000	0.990000	0.000000	0.000000	10.708332	0.312946
85000	0.990000	0.000000	0.000000	10.710399	0.312916
90000	0.990000	0.000000	0.000000	10.711776	0.312895
95000	0.990000	0.000000	0.000000	10.712693	0.312881
100000	0.990000	0.000000	0.000000	10.713305	0.312872

var1: 0.002500	 var2: 1.600000
gen	A2		B2		diseq		zbar		sexrat
0	0.990000	0.000000			3.000000	
5000	0.990000	0.000000	0.000000	7.055488	0.387563
10000	0.990000	0.000000	0.000000	8.554454	0.351189
15000	0.990000	0.000000	0.000000	9.365713	0.335196
20000	0.990000	0.000000	0.000000	9.849764	0.326628
25000	0.990000	0.000000	0.000000	10.151963	0.321604
30000	0.990000	0.000000	0.000000	10.345364	0.318511
35000	0.990000	0.000000	0.000000	10.470965	0.316551
40000	0.990000	0.000000	0.000000	10.553278	0.315286
45000	0.990000	0.000000	0.000000	10.607535	0.314461
50000	0.990000	0.000000	0.000000	10.643432	0.313919
55000	0.990000	0.000000	0.000000	10.667239	0.313561
60000	0.990000	0.000000	0.000000	10.683054	0.313324
65000	0.990000	0.000000	0.000000	10.693571	0.313167
70000	0.990000	0.000000	0.000000	10.700570	0.313062
75000	0.990000	0.000000	0.000000	10.705229	0.312993
80000	0.990000	0.000000	0.000000	10.708332	