
########################### Run 1 ######################
var1: 0.000000	 var2: 0.000000
gen	A2		B2		diseq		zbar		sexrat
0	0.990000	0.000000			3.000000	
5000	0.990000	0.000000	0.000000	6.425582	0.739493
10000	0.990000	0.000000	0.000000	7.788994	0.702096
15000	0.990000	0.000000	0.000000	8.566853	0.682617
20000	0.990000	0.000000	0.000000	9.056254	0.670980
25000	0.990000	0.000000	0.000000	9.378834	0.663554
30000	0.990000	0.000000	0.000000	9.597114	0.658636
35000	0.990000	0.000000	0.000000	9.747220	0.655302
40000	0.990000	0.000000	0.000000	9.851527	0.653008
45000	0.990000	0.000000	0.000000	9.924513	0.651413
50000	0.990000	0.000000	0.000000	9.975826	0.650298
55000	0.990000	0.000000	0.000000	10.012019	0.649514
60000	0.990000	0.000000	0.000000	10.037606	0.648961
65000	0.990000	0.000000	0.000000	10.055722	0.648570
70000	0.990000	0.000000	0.000000	10.068564	0.648293
75000	0.990000	0.000000	0.000000	10.077674	0.648097
80000	0.990000	0.000000	0.000000	10.084140	0.647958
85000	0.990000	0.000000	0.000000	10.088732	0.647859
90000	0.990000	0.000000	0.000000	10.091993	0.647789
95000	0.990000	0.000000	0.000000	10.094310	0.647739
100000	0.990000	0.000000	0.000000	10.095957	0.647704

var1: 0.000000	 var2: 0.100000
gen	A2		B2		diseq		zbar		sexrat
0	0.990000	0.000000			3.000000	
5000	0.990000	0.000000	0.000000	6.425582	0.739493
10000	0.990000	0.000000	0.000000	7.788994	0.702096
15000	0.990000	0.000000	0.000000	8.566853	0.682617
20000	0.990000	0.000000	0.000000	9.056254	0.670980
25000	0.990000	0.000000	0.000000	9.378834	0.663554
30000	0.990000	0.000000	0.000000	9.597114	0.658636
35000	0.990000	0.000000	0.000000	9.747220	0.655302
40000	0.990000	0.000000	0.000000	9.851527	0.653008
45000	0.990000	0.000000	0.000000	9.924513	0.651413
50000	0.990000	0.000000	0.000000	9.975826	0.650298
55000	0.990000	0.000000	0.000000	10.012019	0.649514
60000	0.990000	0.000000	0.000000	10.037606	0.648961
65000	0.990000	0.000000	0.000000	10.055722	0.648570
70000	0.990000	0.000000	0.000000	10.068564	0.648293
75000	0.990000	0.000000	0.000000	10.077674	0.648097
80000	0.990000	0.000000	0.000000	10.084140	0.647958
85000	0.990000	0.000000	0.000000	10.088732	0.647859
90000	0.990000	0.000000	0.000000	10.091993	0.647789
95000	0.990000	0.000000	0.000000	10.094310	0.647739
100000	0.990000	0.000000	0.000000	10.095957	0.647704

var1: 0.000000	 var2: 0.200000
gen	A2		B2		diseq		zbar		sexrat
0	0.990000	0.000000			3.000000	
5000	0.990000	0.000000	0.000000	6.425582	0.739493
10000	0.990000	0.000000	0.000000	7.788994	0.702096
15000	0.990000	0.000000	0.000000	8.566853	0.682617
20000	0.990000	0.000000	0.000000	9.056254	0.670980
25000	0.990000	0.000000	0.000000	9.378834	0.663554
30000	0.990000	0.000000	0.000000	9.597114	0.658636
35000	0.990000	0.000000	0.000000	9.747220	0.655302
40000	0.990000	0.000000	0.000000	9.851527	0.653008
45000	0.990000	0.000000	0.000000	9.924513	0.651413
50000	0.990000	0.000000	0.000000	9.975826	0.650298
55000	0.990000	0.000000	0.000000	10.012019	0.649514
60000	0.990000	0.000000	0.000000	10.037606	0.648961
65000	0.990000	0.000000	0.000000	10.055722	0.648570
70000	0.990000	0.000000	0.000000	10.068564	0.648293
75000	0.990000	0.000000	0.000000	10.077674	0.648097
80000	0.990000	0.000000	0.000000	10.084140	0.647958
85000	0.990000	0.000000	0.000000	10.088732	0.647859
90000	0.990000	0.000000	0.000000	10.091993	0.647789
95000	0.990000	0.000000	0.000000	10.094310	0.647739
100000	0.990000	0.000000	0.000000	10.095957	0.647704

var1: 0.000000	 var2: 0.300000
gen	A2		B2		diseq		zbar		sexrat
0	0.990000	0.000000			3.000000	
5000	0.990000	0.000000	0.000000	6.425582	0.739493
10000	0.990000	0.000000	0.000000	7.788994	0.702096
15000	0.990000	0.000000	0.000000	8.566853	0.682617
20000	0.990000	0.000000	0.000000	9.056254	0.670980
25000	0.990000	0.000000	0.000000	9.378834	0.663554
30000	0.990000	0.000000	0.000000	9.597114	0.658636
35000	0.990000	0.000000	0.000000	9.747220	0.655302
40000	0.990000	0.000000	0.000000	9.851527	0.653008
45000	0.990000	0.000000	0.000000	9.924513	0.651413
50000	0.990000	0.000000	0.000000	9.975826	0.650298
55000	0.990000	0.000000	0.000000	10.012019	0.649514
60000	0.990000	0.000000	0.000000	10.037606	0.648961
65000	0.990000	0.000000	0.000000	10.055722	0.648570
70000	0.990000	0.000000	0.000000	10.068564	0.648293
75000	0.990000	0.000000	0.000000	10.077674	0.648097
80000	0.990000	0.000000	0.000000	10.084140	0.647958
85000	0.990000	0.000000	0.000000	10.088732	0.647859
90000	0.990000	0.000000	0.000000	10.091993	0.647789
95000	0.990000	0.000000	0.000000	10.094310	0.647739
100000	0.990000	0.000000	0.000000	10.095957	0.647704

var1: 0.000000	 var2: 0.400000
gen	A2		B2		diseq		zbar		sexrat
0	0.990000	0.000000			3.000000	
5000	0.990000	0.000000	0.000000	6.425582	0.739493
10000	0.990000	0.000000	0.000000	7.788994	0.702096
15000	0.990000	0.000000	0.000000	8.566853	0.682617
20000	0.990000	0.000000	0.000000	9.056254	0.670980
25000	0.990000	0.000000	0.000000	9.378834	0.663554
30000	0.990000	0.000000	0.000000	9.597114	0.658636
35000	0.990000	0.000000	0.000000	9.747220	0.655302
40000	0.990000	0.000000	0.000000	9.851527	0.653008
45000	0.990000	0.000000	0.000000	9.924513	0.651413
50000	0.990000	0.000000	0.000000	9.975826	0.650298
55000	0.990000	0.000000	0.000000	10.012019	0.649514
60000	0.990000	0.000000	0.000000	10.037606	0.648961
65000	0.990000	0.000000	0.000000	10.055722	0.648570
70000	0.990000	0.000000	0.000000	10.068564	0.648293
75000	0.990000	0.000000	0.000000	10.077674	0.648097
80000	0.990000	0.000000	0.000000	10.084140	0.647958
85000	0.990000	0.000000	0.000000	10.088732	0.647859
90000	0.990000	0.000000	0.000000	10.091993	0.647789
95000	0.990000	0.000000	0.000000	10.094310	0.647739
100000	0.990000	0.000000	0.000000	10.095957	0.647704

var1: 0.000000	 var2: 0.500000
gen	A2		B2		diseq		zbar		sexrat
0	0.990000	0.000000			3.000000	
5000	0.990000	0.000000	0.000000	6.425582	0.739493
10000	0.990000	0.000000	0.000000	7.788994	0.702096
15000	0.990000	0.000000	0.000000	8.566853	0.682617
20000	0.990000	0.000000	0.000000	9.056254	0.670980
25000	0.990000	0.000000	0.000000	9.378834	0.663554
30000	0.990000	0.000000	0.000000	9.597114	0.658636
35000	0.990000	0.000000	0.000000	9.747220	0.655302
40000	0.990000	0.000000	0.000000	9.851527	0.653008
45000	0.990000	0.000000	0.000000	9.924513	0.651413
50000	0.990000	0.000000	0.000000	9.975826	0.650298
55000	0.990000	0.000000	0.000000	10.012019	0.649514
60000	0.990000	0.000000	0.000000	10.037606	0.648961
65000	0.990000	0.000000	0.000000	10.055722	0.648570
70000	0.990000	0.000000	0.000000	10.068564	0.648293
75000	0.990000	0.000000	0.000000	10.077674	0.648097
80000	0.990000	0.000000	0.000000	10.084140	0.647958
85000	0.990000	0.000000	0.000000	10.088732	0.647859
90000	0.990000	0.000000	0.000000	10.091993	0.647789
95000	0.990000	0.000000	0.000000	10.094310	0.647739
100000	0.990000	0.000000	0.000000	10.095957	0.647704

var1: 0.000000	 var2: 0.600000
gen	A2		B2		diseq		zbar		sexrat
0	0.990000	0.000000			3.000000	
5000	0.990000	0.000000	0.000000	6.425582	0.739493
10000	0.990000	0.000000	0.000000	7.788994	0.702096
15000	0.990000	0.000000	0.000000	8.566853	0.682617
20000	0.990000	0.000000	0.000000	9.056254	0.670980
25000	0.990000	0.000000	0.000000	9.378834	0.663554
30000	0.990000	0.000000	0.000000	9.597114	0.658636
35000	0.990000	0.000000	0.000000	9.747220	0.655302
40000	0.990000	0.000000	0.000000	9.851527	0.653008
45000	0.990000	0.000000	0.000000	9.924513	0.651413
50000	0.990000	0.000000	0.000000	9.975826	0.650298
55000	0.990000	0.000000	0.000000	10.012019	0.649514
60000	0.990000	0.000000	0.000000	10.037606	0.648961
65000	0.990000	0.000000	0.000000	10.055722	0.648570
70000	0.990000	0.000000	0.000000	10.068564	0.648293
75000	0.990000	0.000000	0.000000	10.077674	0.648097
80000	0.990000	0.000000	0.000000	10.084140	0.647958
85000	0.990000	0.000000	0.000000	10.088732	0.647859
90000	0.990000	0.000000	0.000000	10.091993	0.647789
95000	0.990000	0.000000	0.000000	10.094310	0.647739
100000	0.990000	0.000000	0.000000	10.095957	0.647704

var1: 0.000000	 var2: 0.700000
gen	A2		B2		diseq		zbar		sexrat
0	0.990000	0.000000			3.000000	
5000	0.990000	0.000000	0.000000	6.425582	0.739493
10000	0.990000	0.000000	0.000000	7.788994	0.702096
15000	0.990000	0.000000	0.000000	8.566853	0.682617
20000	0.990000	0.000000	0.000000	9.056254	0.670980
25000	0.990000	0.000000	0.000000	9.378834	0.663554
30000	0.990000	0.000000	0.000000	9.597114	0.658636
35000	0.990000	0.000000	0.000000	9.747220	0.655302
40000	0.990000	0.000000	0.000000	9.851527	0.653008
45000	0.990000	0.000000	0.000000	9.924513	0.651413
50000	0.990000	0.000000	0.000000	9.975826	0.650298
55000	0.990000	0.000000	0.000000	10.012019	0.649514
60000	0.990000	0.000000	0.000000	10.037606	0.648961
65000	0.990000	0.000000	0.000000	10.055722	0.648570
70000	0.990000	0.000000	0.000000	10.068564	0.648293
75000	0.990000	0.000000	0.000000	10.077674	0.648097
80000	0.990000	0.000000	0.000000	10.084140	0.647958
85000	0.990000	0.000000	0.000000	10.088732	0.647859
90000	0.990000	0.000000	0.000000	10.091993	0.647789
95000	0.990000	0.000000	0.000000	10.094310	0.647739
100000	0.990000	0.000000	0.000000	10.095957	0.647704

var1: 0.000000	 var2: 0.800000
gen	A2		B2		diseq		zbar		sexrat
0	0.990000	0.000000			3.000000	
5000	0.990000	0.000000	0.000000	6.425582	0.739493
10000	0.990000	0.000000	0.000000	7.788994	0.702096
15000	0.990000	0.000000	0.000000	8.566853	0.682617
20000	0.990000	0.000000	0.000000	9.056254	0.670980
25000	0.990000	0.000000	0.000000	9.378834	0.663554
30000	0.990000	0.000000	0.000000	9.597114	0.658636
35000	0.990000	0.000000	0.000000	9.747220	0.655302
40000	0.990000	0.000000	0.000000	9.851527	0.653008
45000	0.990000	0.000000	0.000000	9.924513	0.651413
50000	0.990000	0.000000	0.000000	9.975826	0.650298
55000	0.990000	0.000000	0.000000	10.012019	0.649514
60000	0.990000	0.000000	0.000000	10.037606	0.648961
65000	0.990000	0.000000	0.000000	10.055722	0.648570
70000	0.990000	0.000000	0.000000	10.068564	0.648293
75000	0.990000	0.000000	0.000000	10.077674	0.648097
80000	0.990000	0.000000	0.000000	10.084140	0.647958
85000	0.990000	0.000000	0.000000	10.088732	0.647859
90000	0.990000	0.000000	0.000000	10.091993	0.647789
95000	0.990000	0.000000	0.000000	10.094310	0.647739
100000	0.990000	0.000000	0.000000	10.095957	0.647704

var1: 0.000000	 var2: 0.900000
gen	A2		B2		diseq		zbar		sexrat
0	0.990000	0.000000			3.000000	
5000	0.990000	0.000000	0.000000	6.425582	0.739493
10000	0.990000	0.000000	0.000000	7.788994	0.702096
15000	0.990000	0.000000	0.000000	8.566853	0.682617
20000	0.990000	0.000000	0.000000	9.056254	0.670980
25000	0.990000	0.000000	0.000000	9.378834	0.663554
30000	0.990000	0.000000	0.000000	9.597114	0.658636
35000	0.990000	0.000000	0.000000	9.747220	0.655302
40000	0.990000	0.000000	0.000000	9.851527	0.653008
45000	0.990000	0.000000	0.000000	9.924513	0.651413
50000	0.990000	0.000000	0.000000	9.975826	0.650298
55000	0.990000	0.000000	0.000000	10.012019	0.649514
60000	0.990000	0.000000	0.000000	10.037606	0.648961
65000	0.990000	0.000000	0.000000	10.055722	0.648570
70000	0.990000	0.000000	0.000000	10.068564	0.648293
75000	0.990000	0.000000	0.000000	10.077674	0.648097
80000	0.990000	0.000000	0.000000	10.084140	0.647958
85000	0.990000	0.000000	0.000000	10.088732	0.647859
90000	0.990000	0.000000	0.000000	10.091993	0.647789
95000	0.990000	0.000000	0.000000	10.094310	0.647739
100000	0.990000	0.000000	0.000000	10.095957	0.647704

var1: 0.000000	 var2: 1.000000
gen	A2		B2		diseq		zbar		sexrat
0	0.990000	0.000000			3.000000	
5000	0.990000	0.000000	0.000000	6.425582	0.739493
10000	0.990000	0.000000	0.000000	7.788994	0.702096
15000	0.990000	0.000000	0.000000	8.566853	0.682617
20000	0.990000	0.000000	0.000000	9.056254	0.670980
25000	0.990000	0.000000	0.000000	9.378834	0.663554
30000	0.990000	0.000000	0.000000	9.597114	0.658636
35000	0.990000	0.000000	0.000000	9.747220	0.655302
40000	0.990000	0.000000	0.000000	9.851527	0.653008
45000	0.990000	0.000000	0.000000	9.924513	0.651413
50000	0.990000	0.000000	0.000000	9.975826	0.650298
55000	0.990000	0.000000	0.000000	10.012019	0.649514
60000	0.990000	0.000000	0.000000	10.037606	0.648961
65000	0.990000	0.000000	0.000000	10.055722	0.648570
70000	0.990000	0.000000	0.000000	10.068564	0.648293
75000	0.990000	0.000000	0.000000	10.077674	0.648097
80000	0.990000	0.000000	0.000000	10.084140	0.647958
85000	0.990000	0.000000	0.000000	10.088732	0.647859
90000	0.990000	0.000000	0.000000	10.091993	0.647789
95000	0.990000	0.000000	0.000000	10.094310	0.647739
100000	0.990000	0.000000	0.000000	10.095957	0.647704

var1: 0.000000	 var2: 1.100000
gen	A2		B2		diseq		zbar		sexrat
0	0.990000	0.000000			3.000000	
5000	0.990000	0.000000	0.000000	6.425582	0.739493
10000	0.990000	0.000000	0.000000	7.788994	0.702096
15000	0.990000	0.000000	0.000000	8.566853	0.682617
20000	0.990000	0.000000	0.000000	9.056254	0.670980
25000	0.990000	0.000000	0.000000	9.378834	0.663554
30000	0.990000	0.000000	0.000000	9.597114	0.658636
35000	0.990000	0.000000	0.000000	9.747220	0.655302
40000	0.990000	0.000000	0.000000	9.851527	0.653008
45000	0.990000	0.000000	0.000000	9.924513	0.651413
50000	0.990000	0.000000	0.000000	9.975826	0.650298
55000	0.990000	0.000000	0.000000	10.012019	0.649514
60000	0.990000	0.000000	0.000000	10.037606	0.648961
65000	0.990000	0.000000	0.000000	10.055722	0.648570
70000	0.990000	0.000000	0.000000	10.068564	0.648293
75000	0.990000	0.000000	0.000000	10.077674	0.648097
80000	0.990000	0.000000	0.000000	10.084140	0.647958
85000	0.990000	0.000000	0.000000	10.088732	0.647859
90000	0.990000	0.000000	0.000000	10.091993	0.647789
95000	0.990000	0.000000	0.000000	10.094310	0.647739
100000	0.990000	0.000000	0.000000	10.095957	0.647704

var1: 0.000000	 var2: 1.200000
gen	A2		B2		diseq		zbar		sexrat
0	0.990000	0.000000			3.000000	
5000	0.990000	0.000000	0.000000	6.425582	0.739493
10000	0.990000	0.000000	0.000000	7.788994	0.702096
15000	0.990000	0.000000	0.000000	8.566853	0.682617
20000	0.990000	0.000000	0.000000	9.056254	0.670980
25000	0.990000	0.000000	0.000000	9.378834	0.663554
30000	0.990000	0.000000	0.000000	9.597114	0.658636
35000	0.990000	0.000000	0.000000	9.747220	0.655302
40000	0.990000	0.000000	0.000000	9.851527	0.653008
45000	0.990000	0.000000	0.000000	9.924513	0.651413
50000	0.990000	0.000000	0.000000	9.975826	0.650298
55000	0.990000	0.000000	0.000000	10.012019	0.649514
60000	0.990000	0.000000	0.000000	10.037606	0.648961
65000	0.990000	0.000000	0.000000	10.055722	0.648570
70000	0.990000	0.000000	0.000000	10.068564	0.648293
75000	0.990000	0.000000	0.000000	10.077674	0.648097
80000	0.990000	0.000000	0.000000	10.084140	0.647958
85000	0.990000	0.000000	0.000000	10.088732	0.647859
90000	0.990000	0.000000	0.000000	10.091993	0.647789
95000	0.990000	0.000000	0.000000	10.094310	0.647739
100000	0.990000	0.000000	0.000000	10.095957	0.647704

var1: 0.000000	 var2: 1.300000
gen	A2		B2		diseq		zbar		sexrat
0	0.990000	0.000000			3.000000	
5000	0.990000	0.000000	0.000000	6.425582	0.739493
10000	0.990000	0.000000	0.000000	7.788994	0.702096
15000	0.990000	0.000000	0.000000	8.566853	0.682617
20000	0.990000	0.000000	0.000000	9.056254	0.670980
25000	0.990000	0.000000	0.000000	9.378834	0.663554
30000	0.990000	0.000000	0.000000	9.597114	0.658636
35000	0.990000	0.000000	0.000000	9.747220	0.655302
40000	0.990000	0.000000	0.000000	9.851527	0.653008
45000	0.990000	0.000000	0.000000	9.924513	0.651413
50000	0.990000	0.000000	0.000000	9.975826	0.650298
55000	0.990000	0.000000	0.000000	10.012019	0.649514
60000	0.990000	0.000000	0.000000	10.037606	0.648961
65000	0.990000	0.000000	0.000000	10.055722	0.648570
70000	0.990000	0.000000	0.000000	10.068564	0.648293
75000	0.990000	0.000000	0.000000	10.077674	0.648097
80000	0.990000	0.000000	0.000000	10.084140	0.647958
85000	0.990000	0.000000	0.000000	10.088732	0.647859
90000	0.990000	0.000000	0.000000	10.091993	0.647789
95000	0.990000	0.000000	0.000000	10.094310	0.647739
100000	0.990000	0.000000	0.000000	10.095957	0.647704

var1: 0.000000	 var2: 1.400000
gen	A2		B2		diseq		zbar		sexrat
0	0.990000	0.000000			3.000000	
5000	0.990000	0.000000	0.000000	6.425582	0.739493
10000	0.990000	0.000000	0.000000	7.788994	0.702096
15000	0.990000	0.000000	0.000000	8.566853	0.682617
20000	0.990000	0.000000	0.000000	9.056254	0.670980
25000	0.990000	0.000000	0.000000	9.378834	0.663554
30000	0.990000	0.000000	0.000000	9.597114	0.658636
35000	0.990000	0.000000	0.000000	9.747220	0.655302
40000	0.990000	0.000000	0.000000	9.851527	0.653008
45000	0.990000	0.000000	0.000000	9.924513	0.651413
50000	0.990000	0.000000	0.000000	9.975826	0.650298
55000	0.990000	0.000000	0.000000	10.012019	0.649514
60000	0.990000	0.000000	0.000000	10.037606	0.648961
65000	0.990000	0.000000	0.000000	10.055722	0.648570
70000	0.990000	0.000000	0.000000	10.068564	0.648293
75000	0.990000	0.000000	0.000000	10.077674	0.648097
80000	0.990000	0.000000	0.000000	10.084140	0.647958
85000	0.990000	0.000000	0.000000	10.088732	0.647859
90000	0.990000	0.000000	0.000000	10.091993	0.647789
95000	0.990000	0.000000	0.000000	10.094310	0.647739
100000	0.990000	0.000000	0.000000	10.095957	0.647704

var1: 0.000000	 var2: 1.500000
gen	A2		B2		diseq		zbar		sexrat
0	0.990000	0.000000			3.000000	
5000	0.990000	0.000000	0.000000	6.425582	0.739493
10000	0.990000	0.000000	0.000000	7.788994	0.702096
15000	0.990000	0.000000	0.000000	8.566853	0.682617
20000	0.990000	0.000000	0.000000	9.056254	0.670980
25000	0.990000	0.000000	0.000000	9.378834	0.663554
30000	0.990000	0.000000	0.000000	9.597114	0.658636
35000	0.990000	0.000000	0.000000	9.747220	0.655302
40000	0.990000	0.000000	0.000000	9.851527	0.653008
45000	0.990000	0.000000	0.000000	9.924513	0.651413
50000	0.990000	0.000000	0.000000	9.975826	0.650298
55000	0.990000	0.000000	0.000000	10.012019	0.649514
60000	0.990000	0.000000	0.000000	10.037606	0.648961
65000	0.990000	0.000000	0.000000	10.055722	0.648570
70000	0.990000	0.000000	0.000000	10.068564	0.648293
75000	0.990000	0.000000	0.000000	10.077674	0.648097
80000	0.990000	0.000000	0.000000	10.084140	0.647958
85000	0.990000	0.000000	0.000000	10.088732	0.647859
90000	0.990000	0.000000	0.000000	10.091993	0.647789
95000	0.990000	0.000000	0.000000	10.094310	0.647739
100000	0.990000	0.000000	0.000000	10.095957	0.647704

var1: 0.000000	 var2: 1.600000
gen	A2		B2		diseq		zbar		sexrat
0	0.990000	0.000000			3.000000	
5000	0.990000	0.000000	0.000000	6.425582	0.739493
10000	0.990000	0.000000	0.000000	7.788994	0.702096
15000	0.990000	0.000000	0.000000	8.566853	0.682617
20000	0.990000	0.000000	0.000000	9.056254	0.670980
25000	0.990000	0.000000	0.000000	9.378834	0.663554
30000	0.990000	0.000000	0.000000	9.597114	0.658636
35000	0.990000	0.000000	0.000000	9.747220	0.655302
40000	0.990000	0.000000	0.000000	9.851527	0.653008
45000	0.990000	0.000000	0.000000	9.924513	0.651413
50000	0.990000	0.000000	0.000000	9.975826	0.650298
55000	0.990000	0.000000	0.000000	10.012019	0.649514
60000	0.990000	0.000000	0.000000	10.037606	0.648961
65000	0.990000	0.000000	0.000000	10.055722	0.648570
70000	0.990000	0.000000	0.000000	10.068564	0.648293
75000	0.990000	0.000000	0.000000	10.077674	0.648097
80000	0.990000	0.000000	0.000000	10.084140	0.647958
85000	0.990000	0.000000	0.000000	10.088732	0.647859
90000	0.990000	0.000000	0.000000	10.091993	0.647789
95000	0.990000	0.000000	0.000000	10.094310	0.647739
100000	0.990000	0.000000	0.000000	10.095957	0.647704

var1: 0.000000	 var2: 1.700000
gen	A2		B2		diseq		zbar		sexrat
0	0.990000	0.000000			3.000000	
5000	0.990000	0.000000	0.000000	6.425582	0.739493
10000	0.990000	0.000000	0.000000	7.788994	0.702096
15000	0.990000	0.000000	0.000000	8.566853	0.682617
20000	0.990000	0.000000	0.000000	9.056254	0.670980
25000	0.990000	0.000000	0.000000	9.378834	0.663554
30000	0.990000	0.000000	0.000000	9.597114	0.658636
35000	0.990000	0.000000	0.000000	9.747220	0.655302
40000	0.990000	0.000000	0.000000	9.851527	0.653008
45000	0.990000	0.000000	0.000000	9.924513	0.651413
50000	0.990000	0.000000	0.000000	9.975826	0.650298
55000	0.990000	0.000000	0.000000	10.012019	0.649514
60000	0.990000	0.000000	0.000000	10.037606	0.648961
65000	0.990000	0.000000	0.000000	10.055722	0.648570
70000	0.990000	0.000000	0.000000	10.068564	0.648293
75000	0.990000	0.000000	0.000000	10.077674	0.648097
80000	0.990000	0.000000	0.000000	10.084140	0.647958
85000	0.990000	0.000000	0.000000	10.088732	0.647859
90000	0.990000	0.000000	0.000000	10.091993	0.647789
95000	0.990000	0.000000	0.000000	10.094310	0.647739
100000	0.990000	0.000000	0.000000	10.095957	0.647704

var1: 0.000000	 var2: 1.800000
gen	A2		B2		diseq		zbar		sexrat
0	0.990000	0.000000			3.000000	
5000	0.990000	0.000000	0.000000	6.425582	0.739493
10000	0.990000	0.000000	0.000000	7.788994	0.702096
15000	0.990000	0.000000	0.000000	8.566853	0.682617
20000	0.990000	0.000000	0.000000	9.056254	0.670980
25000	0.990000	0.000000	0.000000	9.378834	0.663554
30000	0.990000	0.000000	0.000000	9.597114	0.658636
35000	0.990000	0.000000	0.000000	9.747220	0.655302
40000	0.990000	0.000000	0.000000	9.851527	0.653008
45000	0.990000	0.000000	0.000000	9.924513	0.651413
50000	0.990000	0.000000	0.000000	9.975826	0.650298
55000	0.990000	0.000000	0.000000	10.012019	0.649514
60000	0.990000	0.000000	0.000000	10.037606	0.648961
65000	0.990000	0.000000	0.000000	10.055722	0.648570
70000	0.990000	0.000000	0.000000	10.068564	0.648293
75000	0.990000	0.000000	0.000000	10.077674	0.648097
80000	0.990000	0.000000	0.000000	10.084140	0.647958
85000	0.990000	0.000000	0.000000	10.088732	0.647859
90000	0.990000	0.000000	0.000000	10.091993	0.647789
95000	0.990000	0.000000	0.000000	10.094310	0.647739
100000	0.990000	0.000000	0.000000	10.095957	0.647704

var1: 0.000000	 var2: 1.900000
gen	A2		B2		diseq		zbar		sexrat
0	0.990000	0.000000			3.000000	
5000	0.990000	0.000000	0.000000	6.425582	0.739493
10000	0.990000	0.000000	0.000000	7.788994	0.702096
15000	0.990000	0.000000	0.000000	8.566853	0.682617
20000	0.990000	0.000000	0.000000	9.056254	0.670980
25000	0.990000	0.000000	0.000000	9.378834	0.663554
30000	0.990000	0.000000	0.000000	9.597114	0.658636
35000	0.990000	0.000000	0.000000	9.747220	0.655302
40000	0.990000	0.000000	0.000000	9.851527	0.653008
45000	0.990000	0.000000	0.000000	9.924513	0.651413
50000	0.990000	0.000000	0.000000	9.975826	0.650298
55000	0.990000	0.000000	0.000000	10.012019	0.649514
60000	0.990000	0.000000	0.000000	10.037606	0.648961
65000	0.990000	0.000000	0.000000	10.055722	0.648570
70000	0.990000	0.000000	0.000000	10.068564	0.648293
75000	0.990000	0.000000	0.000000	10.077674	0.648097
80000	0.990000	0.000000	0.000000	10.084140	0.647958
85000	0.990000	0.000000	0.000000	10.088732	0.647859
90000	0.990000	0.000000	0.000000	10.091993	0.647789
95000	0.990000	0.000000	0.000000	10.094310	0.647739
100000	0.990000	0.000000	0.000000	10.095957	0.647704

var1: 0.000000	 var2: 2.000000
gen	A2		B2		diseq		zbar		sexrat
0	0.990000	0.000000			3.000000	
5000	0.990000	0.000000	0.000000	6.425582	0.739493
10000	0.990000	0.000000	0.000000	7.788994	0.702096
15000	0.990000	0.000000	0.000000	8.566853	0.682617
20000	0.990000	0.000000	0.000000	9.056254	0.670980
25000	0.990000	0.000000	0.000000	9.378834	0.663554
30000	0.990000	0.000000	0.000000	9.597114	0.658636
35000	0.990000	0.000000	0.000000	9.747220	0.655302
40000	0.990000	0.000000	0.000000	9.851527	0.653008
45000	0.990000	0.000000	0.000000	9.924513	0.651413
50000	0.990000	0.000000	0.000000	9.975826	0.650298
55000	0.990000	0.000000	0.000000	10.012019	0.649514
60000	0.990000	0.000000	0.000000	10.037606	0.648961
65000	0.990000	0.000000	0.000000	10.055722	0.648570
70000	0.990000	0.000000	0.000000	10.068564	0.648293
75000	0.990000	0.000000	0.000000	10.077674	0.648097
80000	0.990000	0.000000	0.000000	10.084140	0.647958
85000	0.990000	0.000000	0.000000	10.088732	0.647859
90000	0.990000	0.000000	0.000000	10.091993	0.647789
95000	0.990000	0.000000	0.000000	10.094310	0.647739
100000	0.990000	0.000000	0.000000	10.095957	0.647704

var1: 0.000000	 var2: 2.100000
gen	A2		B2		diseq		zbar		sexrat
0	0.990000	0.000000			3.000000	
5000	0.990000	0.000000	0.000000	6.425582	0.739493
10000	0.990000	0.000000	0.000000	7.788994	0.702096
15000	0.990000	0.000000	0.000000	8.566853	0.682617
20000	0.990000	0.000000	0.000000	9.056254	0.670980
25000	0.990000	0.000000	0.000000	9.378834	0.663554
30000	0.990000	0.000000	0.000000	9.597114	0.658636
35000	0.990000	0.000000	0.000000	9.747220	0.655302
40000	0.990000	0.000000	0.000000	9.851527	0.653008
45000	0.990000	0.000000	0.000000	9.924513	0.651413
50000	0.990000	0.000000	0.000000	9.975826	0.650298
55000	0.990000	0.000000	0.000000	10.012019	0.649514
60000	0.990000	0.000000	0.000000	10.037606	0.648961
65000	0.990000	0.000000	0.000000	10.055722	0.648570
70000	0.990000	0.000000	0.000000	10.068564	0.648293
75000	0.990000	0.000000	0.000000	10.077674	0.648097
80000	0.990000	0.000000	0.000000	10.084140	0.647958
85000	0.990000	0.000000	0.000000	10.088732	0.647859
90000	0.990000	0.000000	0.000000	10.091993	0.647789
95000	0.990000	0.000000	0.000000	10.094310	0.647739
100000	0.990000	0.000000	0.000000	10.095957	0.647704

var1: 0.000000	 var2: 2.200000
gen	A2		B2		diseq		zbar		sexrat
0	0.990000	0.000000			3.000000	
5000	0.990000	0.000000	0.000000	6.425582	0.739493
10000	0.990000	0.000000	0.000000	7.788994	0.702096
15000	0.990000	0.000000	0.000000	8.566853	0.682617
20000	0.990000	0.000000	0.000000	9.056254	0.670980
25000	0.990000	0.000000	0.000000	9.378834	0.663554
30000	0.990000	0.000000	0.000000	9.597114	0.658636
35000	0.990000	0.000000	0.000000	9.747220	0.655302
40000	0.990000	0.000000	0.000000	9.851527	0.653008
45000	0.990000	0.000000	0.000000	9.924513	0.651413
50000	0.990000	0.000000	0.000000	9.975826	0.650298
55000	0.990000	0.000000	0.000000	10.012019	0.649514
60000	0.990000	0.000000	0.000000	10.037606	0.648961
65000	0.990000	0.000000	0.000000	10.055722	0.648570
70000	0.990000	0.000000	0.000000	10.068564	0.648293
75000	0.990000	0.000000	0.000000	10.077674	0.648097
80000	0.990000	0.000000	0.000000	10.084140	0.647958
85000	0.990000	0.000000	0.000000	10.088732	0.647859
90000	0.990000	0.000000	0.000000	10.091993	0.647789
95000	0.990000	0.000000	0.000000	10.094310	0.647739
100000	0.990000	0.000000	0.000000	10.095957	0.647704

var1: 0.000000	 var2: 2.300000
gen	A2		B2		diseq		zbar		sexrat
0	0.990000	0.000000			3.000000	
5000	0.990000	0.000000	0.000000	6.425582	0.739493
10000	0.990000	0.000000	0.000000	7.788994	0.702096
15000	0.990000	0.000000	0.000000	8.566853	0.682617
20000	0.990000	0.000000	0.000000	9.056254	0.670980
25000	0.990000	0.000000	0.000000	9.378834	0.663554
30000	0.990000	0.000000	0.000000	9.597114	0.658636
35000	0.990000	0.000000	0.000000	9.747220	0.655302
40000	0.990000	0.000000	0.000000	9.851527	0.653008
45000	0.990000	0.000000	0.000000	9.924513	0.651413
50000	0.990000	0.000000	0.000000	9.975826	0.650298
55000	0.990000	0.000000	0.000000	10.012019	0.649514
60000	0.990000	0.000000	0.000000	10.037606	0.648961
65000	0.990000	0.000000	0.000000	10.055722	0.648570
70000	0.990000	0.000000	0.000000	10.068564	0.648293
75000	0.990000	0.000000	0.000000	10.077674	0.648097
80000	0.990000	0.000000	0.000000	10.084140	0.647958
85000	0.990000	0.000000	0.000000	10.088732	0.647859
90000	0.990000	0.000000	0.000000	10.091993	0.647789
95000	0.990000	0.000000	0.000000	10.094310	0.647739
100000	0.990000	0.000000	0.000000	10.095957	0.647704

var1: 0.000000	 var2: 2.400000
gen	A2		B2		diseq		zbar		sexrat
0	0.990000	0.000000			3.000000	
5000	0.990000	0.000000	0.000000	6.425582	0.739493
10000	0.990000	0.000000	0.000000	7.788994	0.702096
15000	0.990000	0.000000	0.000000	8.566853	0.682617
20000	0.990000	0.000000	0.000000	9.056254	0.670980
25000	0.990000	0.000000	0.000000	9.378834	0.663554
30000	0.990000	0.000000	0.000000	9.597114	0.658636
35000	0.990000	0.000000	0.000000	9.747220	0.655302
40000	0.990000	0.000000	0.000000	9.851527	0.653008
45000	0.990000	0.000000	0.000000	9.924513	0.651413
50000	0.990000	0.000000	0.000000	9.975826	0.650298
55000	0.990000	0.000000	0.000000	10.012019	0.649514
60000	0.990000	0.000000	0.000000	10.037606	0.648961
65000	0.990000	0.000000	0.000000	10.055722	0.648570
70000	0.990000	0.000000	0.000000	10.068564	0.648293
75000	0.990000	0.000000	0.000000	10.077674	0.648097
80000	0.990000	0.000000	0.000000	10.084140	0.647958
85000	0.990000	0.000000	0.000000	10.088732	0.647859
90000	0.990000	0.000000	0.000000	10.091993	0.647789
95000	0.990000	0.000000	0.000000	10.094310	0.647739
100000	0.990000	0.000000	0.000000	10.095957	0.647704

var1: 0.000000	 var2: 2.500000
gen	A2		B2		diseq		zbar		sexrat
0	0.990000	0.000000			3.000000	
5000	0.990000	0.000000	0.000000	6.425582	0.739493
10000	0.990000	0.000000	0.000000	7.788994	0.702096
15000	0.990000	0.000000	0.000000	8.566853	0.682617
20000	0.990000	0.000000	0.000000	9.056254	0.670980
25000	0.990000	0.000000	0.000000	9.378834	0.663554
30000	0.990000	0.000000	0.000000	9.597114	0.658636
35000	0.990000	0.000000	0.000000	9.747220	0.655302
40000	0.990000	0.000000	0.000000	9.851527	0.653008
45000	0.990000	0.000000	0.000000	9.924513	0.651413
50000	0.990000	0.000000	0.000000	9.975826	0.650298
55000	0.990000	0.000000	0.000000	10.012019	0.649514
60000	0.990000	0.000000	0.000000	10.037606	0.648961
65000	0.990000	0.000000	0.000000	10.055722	0.648570
70000	0.990000	0.000000	0.000000	10.068564	0.648293
75000	0.990000	0.000000	0.000000	10.077674	0.648097
80000	0.990000	0.000000	0.000000	10.084140	0.647958
85000	0.990000	0.000000	0.000000	10.088732	0.647859
90000	0.990000	0.000000	0.000000	10.091993	0.647789
95000	0.990000	0.000000	0.000000	10.094310	0.647739
100000	0.990000	0.000000	0.000000	10.095957	0.647704

var1: 0.000000	 var2: 2.600000
gen	A2		B2		diseq		zbar		sexrat
0	0.990000	0.000000			3.000000	
5000	0.990000	0.000000	0.000000	6.425582	0.739493
10000	0.990000	0.000000	0.000000	7.788994	0.702096
15000	0.990000	0.000000	0.000000	8.566853	0.682617
20000	0.990000	0.000000	0.000000	9.056254	0.670980
25000	0.990000	0.000000	0.000000	9.378834	0.663554
30000	0.990000	0.000000	0.000000	9.597114	0.658636
35000	0.990000	0.000000	0.000000	9.747220	0.655302
40000	0.990000	0.000000	0.000000	9.851527	0.653008
45000	0.990000	0.000000	0.000000	9.924513	0.651413
50000	0.990000	0.000000	0.000000	9.975826	0.650298
55000	0.990000	0.000000	0.000000	10.012019	0.649514
60000	0.990000	0.000000	0.000000	10.037606	0.648961
65000	0.990000	0.000000	0.000000	10.055722	0.648570
70000	0.990000	0.000000	0.000000	10.068564	0.648293
75000	0.990000	0.000000	0.000000	10.077674	0.648097
80000	0.990000	0.000000	0.000000	10.084140	0.647958
85000	0.990000	0.000000	0.000000	10.088732	0.647859
90000	0.990000	0.000000	0.000000	10.091993	0.647789
95000	0.990000	0.000000	0.000000	10.094310	0.647739
100000	0.990000	0.000000	0.000000	10.095957	0.647704

var1: 0.000000	 var2: 2.700000
gen	A2		B2		diseq		zbar		sexrat
0	0.990000	0.000000			3.000000	
5000	0.990000	0.000000	0.000000	6.425582	0.739493
10000	0.990000	0.000000	0.000000	7.788994	0.702096
15000	0.990000	0.000000	0.000000	8.566853	0.682617
20000	0.990000	0.000000	0.000000	9.056254	0.670980
25000	0.990000	0.000000	0.000000	9.378834	0.663554
30000	0.990000	0.000000	0.000000	9.597114	0.658636
35000	0.990000	0.000000	0.000000	9.747220	0.655302
40000	0.990000	0.000000	0.000000	9.851527	0.653008
45000	0.990000	0.000000	0.000000	9.924513	0.651413
50000	0.990000	0.000000	0.000000	9.975826	0.650298
55000	0.990000	0.000000	0.000000	10.012019	0.649514
60000	0.990000	0.000000	0.000000	10.037606	0.648961
65000	0.990000	0.000000	0.000000	10.055722	0.648570
70000	0.990000	0.000000	0.000000	10.068564	0.648293
75000	0.990000	0.000000	0.000000	10.077674	0.648097
80000	0.990000	0.000000	0.000000	10.084140	0.647958
85000	0.990000	0.000000	0.000000	10.088732	0.647859
90000	0.990000	0.000000	0.000000	10.091993	0.647789
95000	0.990000	0.000000	0.000000	10.094310	0.647739
100000	0.990000	0.000000	0.000000	10.095957	0.647704

var1: 0.000000	 var2: 2.800000
gen	A2		B2		diseq		zbar		sexrat
0	0.990000	0.000000			3.000000	
5000	0.990000	0.000000	0.000000	6.425582	0.739493
10000	0.990000	0.000000	0.000000	7.788994	0.702096
15000	0.990000	0.000000	0.000000	8.566853	0.682617
20000	0.990000	0.000000	0.000000	9.056254	0.670980
25000	0.990000	0.000000	0.000000	9.378834	0.663554
30000	0.990000	0.000000	0.000000	9.597114	0.658636
35000	0.990000	0.000000	0.000000	9.747220	0.655302
40000	0.990000	0.000000	0.000000	9.851527	0.653008
45000	0.990000	0.000000	0.000000	9.924513	0.651413
50000	0.990000	0.000000	0.000000	9.975826	0.650298
55000	0.990000	0.000000	0.000000	10.012019	0.649514
60000	0.990000	0.000000	0.000000	10.037606	0.648961
65000	0.990000	0.000000	0.000000	10.055722	0.648570
70000	0.990000	0.000000	0.000000	10.068564	0.648293
75000	0.990000	0.000000	0.000000	10.077674	0.648097
80000	0.990000	0.000000	0.000000	10.084140	0.647958
85000	0.990000	0.000000	0.000000	10.088732	0.647859
90000	0.990000	0.000000	0.000000	10.091993	0.647789
95000	0.990000	0.000000	0.000000	10.094310	0.647739
100000	0.990000	0.000000	0.000000	10.095957	0.647704

var1: 0.000000	 var2: 2.900000
gen	A2		B2		diseq		zbar		sexrat
0	0.990000	0.000000			3.000000	
5000	0.990000	0.000000	0.000000	6.425582	0.739493
10000	0.990000	0.000000	0.000000	7.788994	0.702096
15000	0.990000	0.000000	0.000000	8.566853	0.682617
20000	0.990000	0.000000	0.000000	9.056254	0.670980
25000	0.990000	0.000000	0.000000	9.378834	0.663554
30000	0.990000	0.000000	0.000000	9.597114	0.658636
35000	0.990000	0.000000	0.000000	9.747220	0.655302
40000	0.990000	0.000000	0.000000	9.851527	0.653008
45000	0.990000	0.000000	0.000000	9.924513	0.651413
50000	0.990000	0.000000	0.000000	9.975826	0.650298
55000	0.990000	0.000000	0.000000	10.012019	0.649514
60000	0.990000	0.000000	0.000000	10.037606	0.648961
65000	0.990000	0.000000	0.000000	10.055722	0.648570
70000	0.990000	0.000000	0.000000	10.068564	0.648293
75000	0.990000	0.000000	0.000000	10.077674	0.648097
80000	0.990000	0.000000	0.000000	10.084140	0.647958
85000	0.990000	0.000000	0.000000	10.088732	0.647859
90000	0.990000	0.000000	0.000000	10.091993	0.647789
95000	0.990000	0.000000	0.000000	10.094310	0.647739
100000	0.990000	0.000000	0.000000	10.095957	0.647704

var1: 0.000000	 var2: 3.000000
gen	A2		B2		diseq		zbar		sexrat
0	0.990000	0.000000			3.000000	
5000	0.990000	0.000000	0.000000	6.425582	0.739493
10000	0.990000	0.000000	0.000000	7.788994	0.702096
15000	0.990000	0.000000	0.000000	8.566853	0.682617
20000	0.990000	0.000000	0.000000	9.056254	0.670980
25000	0.990000	0.000000	0.000000	9.378834	0.663554
30000	0.990000	0.000000	0.000000	9.597114	0.658636
35000	0.990000	0.000000	0.000000	9.747220	0.655302
40000	0.990000	0.000000	0.000000	9.851527	0.653008
45000	0.990000	0.000000	0.000000	9.924513	0.651413
50000	0.990000	0.000000	0.000000	9.975826	0.650298
55000	0.990000	0.000000	0.000000	10.012019	0.649514
60000	0.990000	0.000000	0.000000	10.037606	0.648961
65000	0.990000	0.000000	0.000000	10.055722	0.648570
70000	0.990000	0.000000	0.000000	10.068564	0.648293
75000	0.990000	0.000000	0.000000	10.077674	0.648097
80000	0.990000	0.000000	0.000000	10.084140	0.647958
85000	0.990000	0.000000	0.000000	10.088732	0.647859
90000	0.990000	0.000000	0.000000	10.091993	0.647789
95000	0.990000	0.000000	0.000000	10.094310	0.647739
100000	0.990000	0.000000	0.000000	10.095957	0.647704

var1: 0.000000	 var2: 3.100000
gen	A2		B2		diseq		zbar		sexrat
0	0.990000	0.000000			3.000000	
5000	0.990000	0.000000	0.000000	6.425582	0.739493
10000	0.990000	0.000000	0.000000	7.788994	0.702096
15000	0.990000	0.000000	0.000000	8.566853	0.682617
20000	0.990000	0.000000	0.000000	9.056254	0.670980
25000	0.990000	0.000000	0.000000	9.378834	0.663554
30000	0.990000	0.000000	0.000000	9.597114	0.658636
35000	0.990000	0.000000	0.000000	9.747220	0.655302
40000	0.990000	0.000000	0.000000	9.851527	0.653008
45000	0.990000	0.000000	0.000000	9.924513	0.651413
50000	0.990000	0.000000	0.000000	9.975826	0.650298
55000	0.990000	0.000000	0.000000	10.012019	0.649514
60000	0.990000	0.000000	0.000000	10.037606	0.648961
65000	0.990000	0.000000	0.000000	10.055722	0.648570
70000	0.990000	0.000000	0.000000	10.068564	0.648293
75000	0.990000	0.000000	0.000000	10.077674	0.648097
80000	0.990000	0.000000	0.000000	10.084140	0.647958
85000	0.990000	0.000000	0.000000	10.088732	0.647859
90000	0.990000	0.000000	0.000000	10.091993	0.647789
95000	0.990000	0.000000	0.000000	10.094310	0.647739
100000	0.990000	0.000000	0.000000	10.095957	0.647704

var1: 0.000000	 var2: 3.200000
gen	A2		B2		diseq		zbar		sexrat
0	0.990000	0.000000			3.000000	
5000	0.990000	0.000000	0.000000	6.425582	0.739493
10000	0.990000	0.000000	0.000000	7.788994	0.702096
15000	0.990000	0.000000	0.000000	8.566853	0.682617
20000	0.990000	0.000000	0.000000	9.056254	0.670980
25000	0.990000	0.000000	0.000000	9.378834	0.663554
30000	0.990000	0.000000	0.000000	9.597114	0.658636
35000	0.990000	0.000000	0.000000	9.747220	0.655302
40000	0.990000	0.000000	0.000000	9.851527	0.653008
45000	0.990000	0.000000	0.000000	9.924513	0.651413
50000	0.990000	0.000000	0.000000	9.975826	0.650298
55000	0.990000	0.000000	0.000000	10.012019	0.649514
60000	0.990000	0.000000	0.000000	10.037606	0.648961
65000	0.990000	0.000000	0.000000	10.055722	0.648570
70000	0.990000	0.000000	0.000000	10.068564	0.648293
75000	0.990000	0.000000	0.000000	10.077674	0.648097
80000	0.990000	0.000000	0.000000	10.084140	0.647958
85000	0.990000	0.000000	0.000000	10.088732	0.647859
90000	0.990000	0.000000	0.000000	10.091993	0.647789
95000	0.990000	0.000000	0.000000	10.094310	0.647739
100000	0.990000	0.000000	0.000000	10.095957	0.647704

var1: 0.000000	 var2: 3.300000
gen	A2		B2		diseq		zbar		sexrat
0	0.990000	0.000000			3.000000	
5000	0.990000	0.000000	0.000000	6.425582	0.739493
10000	0.990000	0.000000	0.000000	7.788994	0.702096
15000	0.990000	0.000000	0.000000	8.566853	0.682617
20000	0.990000	0.000000	0.000000	9.056254	0.670980
25000	0.990000	0.000000	0.000000	9.378834	0.663554
30000	0.990000	0.000000	0.000000	9.597114	0.658636
35000	0.990000	0.000000	0.000000	9.747220	0.655302
40000	0.990000	0.000000	0.000000	9.851527	0.653008
45000	0.990000	0.000000	0.000000	9.924513	0.651413
50000	0.990000	0.000000	0.000000	9.975826	0.650298
55000	0.990000	0.000000	0.000000	10.012019	0.649514
60000	0.990000	0.000000	0.000000	10.037606	0.648961
65000	0.990000	0.000000	0.000000	10.055722	0.648570
70000	0.990000	0.000000	0.000000	10.068564	0.648293
75000	0.990000	0.000000	0.000000	10.077674	0.648097
80000	0.990000	0.000000	0.000000	10.084140	0.647958
85000	0.990000	0.000000	0.000000	10.088732	0.647859
90000	0.990000	0.000000	0.000000	10.091993	0.647789
95000	0.990000	0.000000	0.000000	10.094310	0.647739
100000	0.990000	0.000000	0.000000	10.095957	0.647704

var1: 0.000000	 var2: 3.400000
gen	A2		B2		diseq		zbar		sexrat
0	0.990000	0.000000			3.000000	
5000	0.990000	0.000000	0.000000	6.425582	0.739493
10000	0.990000	0.000000	0.000000	7.788994	0.702096
15000	0.990000	0.000000	0.000000	8.566853	0.682617
20000	0.990000	0.000000	0.000000	9.056254	0.670980
25000	0.990000	0.000000	0.000000	9.378834	0.663554
30000	0.990000	0.000000	0.000000	9.597114	0.658636
35000	0.990000	0.000000	0.000000	9.747220	0.655302
40000	0.990000	0.000000	0.000000	9.851527	0.653008
45000	0.990000	0.000000	0.000000	9.924513	0.651413
50000	0.990000	0.000000	0.000000	9.975826	0.650298
55000	0.990000	0.000000	0.000000	10.012019	0.649514
60000	0.990000	0.000000	0.000000	10.037606	0.648961
65000	0.990000	0.000000	0.000000	10.055722	0.648570
70000	0.990000	0.000000	0.000000	10.068564	0.648293
75000	0.990000	0.000000	0.000000	10.077674	0.648097
80000	0.990000	0.000000	0.000000	10.084140	0.647958
85000	0.990000	0.000000	0.000000	10.088732	0.647859
90000	0.990000	0.000000	0.000000	10.091993	0.647789
95000	0.990000	0.000000	0.000000	10.094310	0.647739
100000	0.990000	0.000000	0.000000	10.095957	0.647704

var1: 0.000000	 var2: 3.500000
gen	A2		B2		diseq		zbar		sexrat
0	0.990000	0.000000			3.000000	
5000	0.990000	0.000000	0.000000	6.425582	0.739493
10000	0.990000	0.000000	0.000000	7.788994	0.702096
15000	0.990000	0.000000	0.000000	8.566853	0.682617
20000	0.990000	0.000000	0.000000	9.056254	0.670980
25000	0.990000	0.000000	0.000000	9.378834	0.663554
30000	0.990000	0.000000	0.000000	9.597114	0.658636
35000	0.990000	0.000000	0.000000	9.747220	0.655302
40000	0.990000	0.000000	0.000000	9.851527	0.653008
45000	0.990000	0.000000	0.000000	9.924513	0.651413
50000	0.990000	0.000000	0.000000	9.975826	0.650298
55000	0.990000	0.000000	0.000000	10.012019	0.649514
60000	0.990000	0.000000	0.000000	10.037606	0.648961
65000	0.990000	0.000000	0.000000	10.055722	0.648570
70000	0.990000	0.000000	0.000000	10.068564	0.648293
75000	0.990000	0.000000	0.000000	10.077674	0.648097
80000	0.990000	0.000000	0.000000	10.084140	0.647958
85000	0.990000	0.000000	0.000000	10.088732	0.647859
90000	0.990000	0.000000	0.000000	10.091993	0.647789
95000	0.990000	0.000000	0.000000	10.094310	0.647739
100000	0.990000	0.000000	0.000000	10.095957	0.647704

var1: 0.000000	 var2: 3.600000
gen	A2		B2		diseq		zbar		sexrat
0	0.990000	0.000000			3.000000	
5000	0.990000	0.000000	0.000000	6.425582	0.739493
10000	0.990000	0.000000	0.000000	7.788994	0.702096
15000	0.990000	0.000000	0.000000	8.566853	0.682617
20000	0.990000	0.000000	0.000000	9.056254	0.670980
25000	0.990000	0.000000	0.000000	9.378834	0.663554
30000	0.990000	0.000000	0.000000	9.597114	0.658636
35000	0.990000	0.000000	0.000000	9.747220	0.655302
40000	0.990000	0.000000	0.000000	9.851527	0.653008
45000	0.990000	0.000000	0.000000	9.924513	0.651413
50000	0.990000	0.000000	0.000000	9.975826	0.650298
55000	0.990000	0.000000	0.000000	10.012019	0.649514
60000	0.990000	0.000000	0.000000	10.037606	0.648961
65000	0.990000	0.000000	0.000000	10.055722	0.648570
70000	0.990000	0.000000	0.000000	10.068564	0.648293
75000	0.990000	0.000000	0.000000	10.077674	0.648097
80000	0.990000	0.000000	0.000000	10.084140	0.647958
85000	0.990000	0.000000	0.000000	10.088732	0.647859
90000	0.990000	0.000000	0.000000	10.091993	0.647789
95000	0.990000	0.000000	0.000000	10.094310	0.647739
100000	0.990000	0.000000	0.000000	10.095957	0.647704

var1: 0.000000	 var2: 3.700000
gen	A2		B2		diseq		zbar		sexrat
0	0.990000	0.000000			3.000000	
5000	0.990000	0.000000	0.000000	6.425582	0.739493
10000	0.990000	0.000000	0.000000	7.788994	0.702096
15000	0.990000	0.000000	0.000000	8.566853	0.682617
20000	0.990000	0.000000	0.000000	9.056254	0.670980
25000	0.990000	0.000000	0.000000	9.378834	0.663554
30000	0.990000	0.000000	0.000000	9.597114	0.658636
35000	0.990000	0.000000	0.000000	9.747220	0.655302
40000	0.990000	0.000000	0.000000	9.851527	0.653008
45000	0.990000	0.000000	0.000000	9.924513	0.651413
50000	0.990000	0.000000	0.000000	9.975826	0.650298
55000	0.990000	0.000000	0.000000	10.012019	0.649514
60000	0.990000	0.000000	0.000000	10.037606	0.648961
65000	0.990000	0.000000	0.000000	10.055722	0.648570
70000	0.990000	0.000000	0.000000	10.068564	0.648293
75000	0.990000	0.000000	0.000000	10.077674	0.648097
80000	0.990000	0.000000	0.000000	10.084140	0.647958
85000	0.990000	0.000000	0.000000	10.088732	0.647859
90000	0.990000	0.000000	0.000000	10.091993	0.647789
95000	0.990000	0.000000	0.000000	10.094310	0.647739
100000	0.990000	0.000000	0.000000	10.095957	0.647704

var1: 0.000000	 var2: 3.800000
gen	A2		B2		diseq		zbar		sexrat
0	0.990000	0.000000			3.000000	
5000	0.990000	0.000000	0.000000	6.425582	0.739493
10000	0.990000	0.000000	0.000000	7.788994	0.702096
15000	0.990000	0.000000	0.000000	8.566853	0.682617
20000	0.990000	0.000000	0.000000	9.056254	0.670980
25000	0.990000	0.000000	0.000000	9.378834	0.663554
30000	0.990000	0.000000	0.000000	9.597114	0.658636
35000	0.990000	0.000000	0.000000	9.747220	0.655302
40000	0.990000	0.000000	0.000000	9.851527	0.653008
45000	0.990000	0.000000	0.000000	9.924513	0.651413
50000	0.990000	0.000000	0.000000	9.975826	0.650298
55000	0.990000	0.000000	0.000000	10.012019	0.649514
60000	0.990000	0.000000	0.000000	10.037606	0.648961
65000	0.990000	0.000000	0.000000	10.055722	0.648570
70000	0.990000	0.000000	0.000000	10.068564	0.648293
75000	0.990000	0.000000	0.000000	10.077674	0.648097
80000	0.990000	0.000000	0.000000	10.084140	0.647958
85000	0.990000	0.000000	0.000000	10.088732	0.647859
90000	0.990000	0.000000	0.000000	10.091993	0.647789
95000	0.990000	0.000000	0.000000	10.094310	0.647739
100000	0.990000	0.000000	0.000000	10.095957	0.647704

var1: 0.000000	 var2: 3.900000
gen	A2		B2		diseq		zbar		sexrat
0	0.990000	0.000000			3.000000	
5000	0.990000	0.000000	0.000000	6.425582	0.739493
10000	0.990000	0.000000	0.000000	7.788994	0.702096
15000	0.990000	0.000000	0.000000	8.566853	0.682617
20000	0.990000	0.000000	0.000000	9.056254	0.670980
25000	0.990000	0.000000	0.000000	9.378834	0.663554
30000	0.990000	0.000000	0.000000	9.597114	0.658636
35000	0.990000	0.000000	0.000000	9.747220	0.655302
40000	0.990000	0.000000	0.000000	9.851527	0.653008
45000	0.990000	0.000000	0.000000	9.924513	0.651413
50000	0.990000	0.000000	0.000000	9.975826	0.650298
55000	0.990000	0.000000	0.000000	10.012019	0.649514
60000	0.990000	0.000000	0.000000	10.037606	0.648961
65000	0.990000	0.000000	0.000000	10.055722	0.648570
70000	0.990000	0.000000	0.000000	10.068564	0.648293
75000	0.990000	0.000000	0.000000	10.077674	0.648097
80000	0.990000	0.000000	0.000000	10.084140	0.647958
85000	0.990000	0.000000	0.000000	10.088732	0.647859
90000	0.990000	0.000000	0.000000	10.091993	0.647789
95000	0.990000	0.000000	0.000000	10.094310	0.647739
100000	0.990000	0.000000	0.000000	10.095957	0.647704

var1: 0.000000	 var2: 4.000000
gen	A2		B2		diseq		zbar		sexrat
0	0.990000	0.000000			3.000000	
5000	0.990000	0.000000	0.000000	6.425582	0.739493
10000	0.990000	0.000000	0.000000	7.788994	0.702096
15000	0.990000	0.000000	0.000000	8.566853	0.682617
20000	0.990000	0.000000	0.000000	9.056254	0.670980
25000	0.990000	0.000000	0.000000	9.378834	0.663554
30000	0.990000	0.000000	0.000000	9.597114	0.658636
35000	0.990000	0.000000	0.000000	9.747220	0.655302
40000	0.990000	0.000000	0.000000	9.851527	0.653008
45000	0.990000	0.000000	0.000000	9.924513	0.651413
50000	0.990000	0.000000	0.000000	9.975826	0.650298
55000	0.990000	0.000000	0.000000	10.012019	0.649514
60000	0.990000	0.000000	0.000000	10.037606	0.648961
65000	0.990000	0.000000	0.000000	10.055722	0.648570
70000	0.990000	0.000000	0.000000	10.068564	0.648293
75000	0.990000	0.000000	0.000000	10.077674	0.648097
80000	0.990000	0.000000	0.000000	10.084140	0.647958
85000	0.990000	0.000000	0.000000	10.088732	0.647859
90000	0.990000	0.000000	0.000000	10.091993	0.647789
95000	0.990000	0.000000	0.000000	10.094310	0.647739
100000	0.990000	0.000000	0.000000	10.095957	0.647704

var1: 0.002500	 var2: 0.000000
gen	A2		B2		diseq		zbar		sexrat
0	0.990000	0.000000			3.000000	
5000	0.990000	0.000000	0.000000	6.365072	0.793869
10000	0.990000	0.000000	0.000000	7.610524	0.764420
15000	0.990000	0.000000	0.000000	8.267227	0.749932
20000	0.990000	0.000000	0.000000	8.646859	0.741859
25000	0.990000	0.000000	0.000000	8.875644	0.737095
30000	0.990000	0.000000	0.000000	9.016602	0.734198
35000	0.990000	0.000000	0.000000	9.104557	0.732404
40000	0.990000	0.000000	0.000000	9.159857	0.731281
45000	0.990000	0.000000	0.000000	9.194786	0.730575
50000	0.990000	0.000000	0.000000	9.216914	0.730128
55000	0.990000	0.000000	0.000000	9.230956	0.729845
60000	0.990000	0.000000	0.000000	9.239878	0.729665
65000	0.990000	0.000000	0.000000	9.245550	0.729551
70000	0.990000	0.000000	0.000000	9.249158	0.729478
75000	0.990000	0.000000	0.000000	9.251454	0.729432
80000	0.990000	0.000000	0.000000	9.252915	0.729402
85000	0.990000	0.000000	0.000000	9.253845	0.729384
90000	0.990000	0.000000	0.000000	9.254437	0.729372
95000	0.990000	0.000000	0.000000	9.254814	0.729364
100000	0.990000	0.000000	0.000000	9.255054	0.729359

var1: 0.002500	 var2: 0.100000
gen	A2		B2		diseq		zbar		sexrat
0	0.990000	0.000000			3.000000	
5000	0.990000	0.000000	0.000000	6.365072	0.793869
10000	0.990000	0.000000	0.000000	7.610524	0.764420
15000	0.990000	0.000000	0.000000	8.267227	0.749932
20000	0.990000	0.000000	0.000000	8.646859	0.741859
25000	0.990000	0.000000	0.000000	8.875644	0.737095
30000	0.990000	0.000000	0.000000	9.016602	0.734198
35000	0.990000	0.000000	0.000000	9.104557	0.732404
40000	0.990000	0.000000	0.000000	9.159857	0.731281
45000	0.990000	0.000000	0.000000	9.194786	0.730575
50000	0.990000	0.000000	0.000000	9.216914	0.730128
55000	0.990000	0.000000	0.000000	9.230956	0.729845
60000	0.990000	0.000000	0.000000	9.239878	0.729665
65000	0.990000	0.000000	0.000000	9.245550	0.729551
70000	0.990000	0.000000	0.000000	9.249158	0.729478
75000	0.990000	0.000000	0.000000	9.251454	0.729432
80000	0.990000	0.000000	0.000000	9.252915	0.729402
85000	0.990000	0.000000	0.000000	9.253845	0.729384
90000	0.990000	0.000000	0.000000	9.254437	0.729372
95000	0.990000	0.000000	0.000000	9.254814	0.729364
100000	0.990000	0.000000	0.000000	9.255054	0.729359

var1: 0.002500	 var2: 0.200000
gen	A2		B2		diseq		zbar		sexrat
0	0.990000	0.000000			3.000000	
5000	0.990000	0.000000	0.000000	6.365072	0.793869
10000	0.990000	0.000000	0.000000	7.610524	0.764420
15000	0.990000	0.000000	0.000000	8.267227	0.749932
20000	0.990000	0.000000	0.000000	8.646859	0.741859
25000	0.990000	0.000000	0.000000	8.875644	0.737095
30000	0.990000	0.000000	0.000000	9.016602	0.734198
35000	0.990000	0.000000	0.000000	9.104557	0.732404
40000	0.990000	0.000000	0.000000	9.159857	0.731281
45000	0.990000	0.000000	0.000000	9.194786	0.730575
50000	0.990000	0.000000	0.000000	9.216914	0.730128
55000	0.990000	0.000000	0.000000	9.230956	0.729845
60000	0.990000	0.000000	0.000000	9.239878	0.729665
65000	0.990000	0.000000	0.000000	9.245550	0.729551
70000	0.990000	0.000000	0.000000	9.249158	0.729478
75000	0.990000	0.000000	0.000000	9.251454	0.729432
80000	0.990000	0.000000	0.000000	9.252915	0.729402
85000	0.990000	0.000000	0.000000	9.253845	0.729384
90000	0.990000	0.000000	0.000000	9.254437	0.729372
95000	0.990000	0.000000	0.000000	9.254814	0.729364
100000	0.990000	0.000000	0.000000	9.255054	0.729359

var1: 0.002500	 var2: 0.300000
gen	A2		B2		diseq		zbar		sexrat
0	0.990000	0.000000			3.000000	
5000	0.990000	0.000000	0.000000	6.365072	0.793869
10000	0.990000	0.000000	0.000000	7.610524	0.764420
15000	0.990000	0.000000	0.000000	8.267227	0.749932
20000	0.990000	0.000000	0.000000	8.646859	0.741859
25000	0.990000	0.000000	0.000000	8.875644	0.737095
30000	0.990000	0.000000	0.000000	9.016602	0.734198
35000	0.990000	0.000000	0.000000	9.104557	0.732404
40000	0.990000	0.000000	0.000000	9.159857	0.731281
45000	0.990000	0.000000	0.000000	9.194786	0.730575
50000	0.990000	0.000000	0.000000	9.216914	0.730128
55000	0.990000	0.000000	0.000000	9.230956	0.729845
60000	0.990000	0.000000	0.000000	9.239878	0.729665
65000	0.990000	0.000000	0.000000	9.245550	0.729551
70000	0.990000	0.000000	0.000000	9.249158	0.729478
75000	0.990000	0.000000	0.000000	9.251454	0.729432
80000	0.990000	0.000000	0.000000	9.252915	0.729402
85000	0.990000	0.000000	0.000000	9.253845	0.729384
90000	0.990000	0.000000	0.000000	9.254437	0.729372
95000	0.990000	0.000000	0.000000	9.254814	0.729364
100000	0.990000	0.000000	0.000000	9.255054	0.729359

var1: 0.002500	 var2: 0.400000
gen	A2		B2		diseq		zbar		sexrat
0	0.990000	0.000000			3.000000	
5000	0.990000	0.000000	0.000000	6.365072	0.793869
10000	0.990000	0.000000	0.000000	7.610524	0.764420
15000	0.990000	0.000000	0.000000	8.267227	0.749932
20000	0.990000	0.000000	0.000000	8.646859	0.741859
25000	0.990000	0.000000	0.000000	8.875644	0.737095
30000	0.990000	0.000000	0.000000	9.016602	0.734198
35000	0.990000	0.000000	0.000000	9.104557	0.732404
40000	0.990000	0.000000	0.000000	9.159857	0.731281
45000	0.990000	0.000000	0.000000	9.194786	0.730575
50000	0.990000	0.000000	0.000000	9.216914	0.730128
55000	0.990000	0.000000	0.000000	9.230956	0.729845
60000	0.990000	0.000000	0.000000	9.239878	0.729665
65000	0.990000	0.000000	0.000000	9.245550	0.729551
70000	0.990000	0.000000	0.000000	9.249158	0.729478
75000	0.990000	0.000000	0.000000	9.251454	0.729432
80000	0.990000	0.000000	0.000000	9.252915	0.729402
85000	0.990000	0.000000	0.000000	9.253845	0.729384
90000	0.990000	0.000000	0.000000	9.254437	0.729372
95000	0.990000	0.000000	0.000000	9.254814	0.729364
100000	0.990000	0.000000	0.000000	9.255054	0.729359

var1: 0.002500	 var2: 0.500000
gen	A2		B2		diseq		zbar		sexrat
0	0.990000	0.000000			3.000000	
5000	0.990000	0.000000	0.000000	6.365072	0.793869
10000	0.990000	0.000000	0.000000	7.610524	0.764420
15000	0.990000	0.000000	0.000000	8.267227	0.749932
20000	0.990000	0.000000	0.000000	8.646859	0.741859
25000	0.990000	0.000000	0.000000	8.875644	0.737095
30000	0.990000	0.000000	0.000000	9.016602	0.734198
35000	0.990000	0.000000	0.000000	9.104557	0.732404
40000	0.990000	0.000000	0.000000	9.159857	0.731281
45000	0.990000	0.000000	0.000000	9.194786	0.730575
50000	0.990000	0.000000	0.000000	9.216914	0.730128
55000	0.990000	0.000000	0.000000	9.230956	0.729845
60000	0.990000	0.000000	0.000000	9.239878	0.729665
65000	0.990000	0.000000	0.000000	9.245550	0.729551
70000	0.990000	0.000000	0.000000	9.249158	0.729478
75000	0.990000	0.000000	0.000000	9.251454	0.729432
80000	0.990000	0.000000	0.000000	9.252915	0.729402
85000	0.990000	0.000000	0.000000	9.253845	0.729384
90000	0.990000	0.000000	0.000000	9.254437	0.729372
95000	0.990000	0.000000	0.000000	9.254814	0.729364
100000	0.990000	0.000000	0.000000	9.255054	0.729359

var1: 0.002500	 var2: 0.600000
gen	A2		B2		diseq		zbar		sexrat
0	0.990000	0.000000			3.000000	
5000	0.990000	0.000000	0.000000	6.365072	0.793869
10000	0.990000	0.000000	0.000000	7.610524	0.764420
15000	0.990000	0.000000	0.000000	8.267227	0.749932
20000	0.990000	0.000000	0.000000	8.646859	0.741859
25000	0.990000	0.000000	0.000000	8.875644	0.737095
30000	0.990000	0.000000	0.000000	9.016602	0.734198
35000	0.990000	0.000000	0.000000	9.104557	0.732404
40000	0.990000	0.000000	0.000000	9.159857	0.731281
45000	0.990000	0.000000	0.000000	9.194786	0.730575
50000	0.990000	0.000000	0.000000	9.216914	0.730128
55000	0.990000	0.000000	0.000000	9.230956	0.729845
60000	0.990000	0.000000	0.000000	9.239878	0.729665
65000	0.990000	0.000000	0.000000	9.245550	0.729551
70000	0.990000	0.000000	0.000000	9.249158	0.729478
75000	0.990000	0.000000	0.000000	9.251454	0.729432
80000	0.990000	0.000000	0.000000	9.252915	0.729402
85000	0.990000	0.000000	0.000000	9.253845	0.729384
90000	0.990000	0.000000	0.000000	9.254437	0.729372
95000	0.990000	0.000000	0.000000	9.254814	0.729364
100000	0.990000	0.000000	0.000000	9.255054	0.729359

var1: 0.002500	 var2: 0.700000
gen	A2		B2		diseq		zbar		sexrat
0	0.990000	0.000000			3.000000	
5000	0.990000	0.000000	0.000000	6.365072	0.793869
10000	0.990000	0.000000	0.000000	7.610524	0.764420
15000	0.990000	0.000000	0.000000	8.267227	0.749932
20000	0.990000	0.000000	0.000000	8.646859	0.741859
25000	0.990000	0.000000	0.000000	8.875644	0.737095
30000	0.990000	0.000000	0.000000	9.016602	0.734198
35000	0.990000	0.000000	0.000000	9.104557	0.732404
40000	0.990000	0.000000	0.000000	9.159857	0.731281
45000	0.990000	0.000000	0.000000	9.194786	0.730575
50000	0.990000	0.000000	0.000000	9.216914	0.730128
55000	0.990000	0.000000	0.000000	9.230956	0.729845
60000	0.990000	0.000000	0.000000	9.239878	0.729665
65000	0.990000	0.000000	0.000000	9.245550	0.729551
70000	0.990000	0.000000	0.000000	9.249158	0.729478
75000	0.990000	0.000000	0.000000	9.251454	0.729432
80000	0.990000	0.000000	0.000000	9.252915	0.729402
85000	0.990000	0.000000	0.000000	9.253845	0.729384
90000	0.990000	0.000000	0.000000	9.254437	0.729372
95000	0.990000	0.000000	0.000000	9.254814	0.729364
100000	0.990000	0.000000	0.000000	9.255054	0.729359

var1: 0.002500	 var2: 0.800000
gen	A2		B2		diseq		zbar		sexrat
0	0.990000	0.000000			3.000000	
5000	0.990000	0.000000	0.000000	6.365072	0.793869
10000	0.990000	0.000000	0.000000	7.610524	0.764420
15000	0.990000	0.000000	0.000000	8.267227	0.749932
20000	0.990000	0.000000	0.000000	8.646859	0.741859
25000	0.990000	0.000000	0.000000	8.875644	0.737095
30000	0.990000	0.000000	0.000000	9.016602	0.734198
35000	0.990000	0.000000	0.000000	9.104557	0.732404
40000	0.990000	0.000000	0.000000	9.159857	0.731281
45000	0.990000	0.000000	0.000000	9.194786	0.730575
50000	0.990000	0.000000	0.000000	9.216914	0.730128
55000	0.990000	0.000000	0.000000	9.230956	0.729845
60000	0.990000	0.000000	0.000000	9.239878	0.729665
65000	0.990000	0.000000	0.000000	9.245550	0.729551
70000	0.990000	0.000000	0.000000	9.249158	0.729478
75000	0.990000	0.000000	0.000000	9.251454	0.729432
80000	0.990000	0.000000	0.000000	9.252915	0.729402
85000	0.990000	0.000000	0.000000	9.253845	0.729384
90000	0.990000	0.000000	0.000000	9.254437	0.729372
95000	0.990000	0.000000	0.000000	9.254814	0.729364
100000	0.990000	0.000000	0.000000	9.255054	0.729359

var1: 0.002500	 var2: 0.900000
gen	A2		B2		diseq		zbar		sexrat
0	0.990000	0.000000			3.000000	
5000	0.990000	0.000000	0.000000	6.365072	0.793869
10000	0.990000	0.000000	0.000000	7.610524	0.764420
15000	0.990000	0.000000	0.000000	8.267227	0.749932
20000	0.990000	0.000000	0.000000	8.646859	0.741859
25000	0.990000	0.000000	0.000000	8.875644	0.737095
30000	0.990000	0.000000	0.000000	9.016602	0.734198
35000	0.990000	0.000000	0.000000	9.104557	0.732404
40000	0.990000	0.000000	0.000000	9.159857	0.731281
45000	0.990000	0.000000	0.000000	9.194786	0.730575
50000	0.990000	0.000000	0.000000	9.216914	0.730128
55000	0.990000	0.000000	0.000000	9.230956	0.729845
60000	0.990000	0.000000	0.000000	9.239878	0.729665
65000	0.990000	0.000000	0.000000	9.245550	0.729551
70000	0.990000	0.000000	0.000000	9.249158	0.729478
75000	0.990000	0.000000	0.000000	9.251454	0.729432
80000	0.990000	0.000000	0.000000	9.252915	0.729402
85000	0.990000	0.000000	0.000000	9.253845	0.729384
90000	0.990000	0.000000	0.000000	9.254437	0.729372
95000	0.990000	0.000000	0.000000	9.254814	0.729364
100000	0.990000	0.000000	0.000000	9.255054	0.729359

var1: 0.002500	 var2: 1.000000
gen	A2		B2		diseq		zbar		sexrat
0	0.990000	0.000000			3.000000	
5000	0.990000	0.000000	0.000000	6.365072	0.793869
10000	0.990000	0.000000	0.000000	7.610524	0.764420
15000	0.990000	0.000000	0.000000	8.267227	0.749932
20000	0.990000	0.000000	0.000000	8.646859	0.741859
25000	0.990000	0.000000	0.000000	8.875644	0.737095
30000	0.990000	0.000000	0.000000	9.016602	0.734198
35000	0.990000	0.000000	0.000000	9.104557	0.732404
40000	0.990000	0.000000	0.000000	9.159857	0.731281
45000	0.990000	0.000000	0.000000	9.194786	0.730575
50000	0.990000	0.000000	0.000000	9.216914	0.730128
55000	0.990000	0.000000	0.000000	9.230956	0.729845
60000	0.990000	0.000000	0.000000	9.239878	0.729665
65000	0.990000	0.000000	0.000000	9.245550	0.729551
70000	0.990000	0.000000	0.000000	9.249158	0.729478
75000	0.990000	0.000000	0.000000	9.251454	0.729432
80000	0.990000	0.000000	0.000000	9.252915	0.729402
85000	0.990000	0.000000	0.000000	9.253845	0.729384
90000	0.990000	0.000000	0.000000	9.254437	0.729372
95000	0.990000	0.000000	0.000000	9.254814	0.729364
100000	0.990000	0.000000	0.000000	9.255054	0.729359

var1: 0.002500	 var2: 1.100000
gen	A2		B2		diseq		zbar		sexrat
0	0.990000	0.000000			3.000000	
5000	0.990000	0.000000	0.000000	6.365072	0.793869
10000	0.990000	0.000000	0.000000	7.610524	0.764420
15000	0.990000	0.000000	0.000000	8.267227	0.749932
20000	0.990000	0.000000	0.000000	8.646859	0.741859
25000	0.990000	0.000000	0.000000	8.875644	0.737095
30000	0.990000	0.000000	0.000000	9.016602	0.734198
35000	0.990000	0.000000	0.000000	9.104557	0.732404
40000	0.990000	0.000000	0.000000	9.159857	0.731281
45000	0.990000	0.000000	0.000000	9.194786	0.730575
50000	0.990000	0.000000	0.000000	9.216914	0.730128
55000	0.990000	0.000000	0.000000	9.230956	0.729845
60000	0.990000	0.000000	0.000000	9.239878	0.729665
65000	0.990000	0.000000	0.000000	9.245550	0.729551
70000	0.990000	0.000000	0.000000	9.249158	0.729478
75000	0.990000	0.000000	0.000000	9.251454	0.729432
80000	0.990000	0.000000	0.000000	9.252915	0.729402
85000	0.990000	0.000000	0.000000	9.253845	0.729384
90000	0.990000	0.000000	0.000000	9.254437	0.729372
95000	0.990000	0.000000	0.000000	9.254814	0.729364
100000	0.990000	0.000000	0.000000	9.255054	0.729359

var1: 0.002500	 var2: 1.200000
gen	A2		B2		diseq		zbar		sexrat
0	0.990000	0.000000			3.000000	
5000	0.990000	0.000000	0.000000	6.365072	0.793869
10000	0.990000	0.000000	0.000000	7.610524	0.764420
15000	0.990000	0.000000	0.000000	8.267227	0.749932
20000	0.990000	0.000000	0.000000	8.646859	0.741859
25000	0.990000	0.000000	0.000000	8.875644	0.737095
30000	0.990000	0.000000	0.000000	9.016602	0.734198
35000	0.990000	0.000000	0.000000	9.104557	0.732404
40000	0.990000	0.000000	0.000000	9.159857	0.731281
45000	0.990000	0.000000	0.000000	9.194786	0.730575
50000	0.990000	0.000000	0.000000	9.216914	0.730128
55000	0.990000	0.000000	0.000000	9.230956	0.729845
60000	0.990000	0.000000	0.000000	9.239878	0.729665
65000	0.990000	0.000000	0.000000	9.245550	0.729551
70000	0.990000	0.000000	0.000000	9.249158	0.729478
75000	0.990000	0.000000	0.000000	9.251454	0.729432
80000	0.990000	0.000000	0.000000	9.252915	0.729402
85000	0.990000	0.000000	0.000000	9.253845	0.729384
90000	0.990000	0.000000	0.000000	9.254437	0.729372
95000	0.990000	0.000000	0.000000	9.254814	0.729364
100000	0.990000	0.000000	0.000000	9.255054	0.729359

var1: 0.002500	 var2: 1.300000
gen	A2		B2		diseq		zbar		sexrat
0	0.990000	0.000000			3.000000	
5000	0.990000	0.000000	0.000000	6.365072	0.793869
10000	0.990000	0.000000	0.000000	7.610524	0.764420
15000	0.990000	0.000000	0.000000	8.267227	0.749932
20000	0.990000	0.000000	0.000000	8.646859	0.741859
25000	0.990000	0.000000	0.000000	8.875644	0.737095
30000	0.990000	0.000000	0.000000	9.016602	0.734198
35000	0.990000	0.000000	0.000000	9.104557	0.732404
40000	0.990000	0.000000	0.000000	9.159857	0.731281
45000	0.990000	0.000000	0.000000	9.194786	0.730575
50000	0.990000	0.000000	0.000000	9.216914	0.730128
55000	0.990000	0.000000	0.000000	9.230956	0.729845
60000	0.990000	0.000000	0.000000	9.239878	0.729665
65000	0.990000	0.000000	0.000000	9.245550	0.729551
70000	0.990000	0.000000	0.000000	9.249158	0.729478
75000	0.990000	0.000000	0.000000	9.251454	0.729432
80000	0.990000	0.000000	0.000000	9.252915	0.729402
85000	0.990000	0.000000	0.000000	9.253845	0.729384
90000	0.990000	0.000000	0.000000	9.254437	0.729372
95000	0.990000	0.000000	0.000000	9.254814	0.729364
100000	0.990000	0.000000	0.000000	9.255054	0.729359

var1: 0.002500	 var2: 1.400000
gen	A2		B2		diseq		zbar		sexrat
0	0.990000	0.000000			3.000000	
5000	0.990000	0.000000	0.000000	6.365072	0.793869
10000	0.990000	0.000000	0.000000	7.610524	0.764420
15000	0.990000	0.000000	0.000000	8.267227	0.749932
20000	0.990000	0.000000	0.000000	8.646859	0.741859
25000	0.990000	0.000000	0.000000	8.875644	0.737095
30000	0.990000	0.000000	0.000000	9.016602	0.734198
35000	0.990000	0.000000	0.000000	9.104557	0.732404
40000	0.990000	0.000000	0.000000	9.159857	0.731281
45000	0.990000	0.000000	0.000000	9.194786	0.730575
50000	0.990000	0.000000	0.000000	9.216914	0.730128
55000	0.990000	0.000000	0.000000	9.230956	0.729845
60000	0.990000	0.000000	0.000000	9.239878	0.729665
65000	0.990000	0.000000	0.000000	9.245550	0.729551
70000	0.990000	0.000000	0.000000	9.249158	0.729478
75000	0.990000	0.000000	0.000000	9.251454	0.729432
80000	0.990000	0.000000	0.000000	9.252915	0.729402
85000	0.990000	0.000000	0.000000	9.253845	0.729384
90000	0.990000	0.000000	0.000000	9.254437	0.729372
95000	0.990000	0.000000	0.000000	9.254814	0.729364
100000	0.990000	0.000000	0.000000	9.255054	0.729359

var1: 0.002500	 var2: 1.500000
gen	A2		B2		diseq		zbar		sexrat
0	0.990000	0.000000			3.000000	
5000	0.990000	0.000000	0.000000	6.365072	0.793869
10000	0.990000	0.000000	0.000000	7.610524	0.764420
15000	0.990000	0.000000	0.000000	8.267227	0.749932
20000	0.990000	0.000000	0.000000	8.646859	0.741859
25000	0.990000	0.000000	0.000000	8.875644	0.737095
30000	0.990000	0.000000	0.000000	9.016602	0.734198
35000	0.990000	0.000000	0.000000	9.104557	0.732404
40000	0.990000	0.000000	0.000000	9.159857	0.731281
45000	0.990000	0.000000	0.000000	9.194786	0.730575
50000	0.990000	0.000000	0.000000	9.216914	0.730128
55000	0.990000	0.000000	0.000000	9.230956	0.729845
60000	0.990000	0.000000	0.000000	9.239878	0.729665
65000	0.990000	0.000000	0.000000	9.245550	0.729551
70000	0.990000	0.000000	0.000000	9.249158	0.729478
75000	0.990000	0.000000	0.000000	9.251454	0.729432
80000	0.990000	0.000000	0.000000	9.252915	0.729402
85000	0.990000	0.000000	0.000000	9.253845	0.729384
90000	0.990000	0.000000	0.000000	9.254437	0.729372
95000	0.990000	0.000000	0.000000	9.254814	0.729364
100000	0.990000	0.000000	0.000000	9.255054	0.729359

var1: 0.002500	 var2: 1.600000
gen	A2		B2		diseq		zbar		sexrat
0	0.990000	0.000000			3.000000	
5000	0.990000	0.000000	0.000000	6.365072	0.793869
10000	0.990000	0.000000	0.000000	7.610524	0.764420
15000	0.990000	0.000000	0.000000	8.267227	0.749932
20000	0.990000	0.000000	0.000000	8.646859	0.741859
25000	0.990000	0.000000	0.000000	8.875644	0.737095
30000	0.990000	0.000000	0.000000	9.016602	0.734198
35000	0.990000	0.000000	0.000000	9.104557	0.732404
40000	0.990000	0.000000	0.000000	9.159857	0.731281
45000	0.990000	0.000000	0.000000	9.194786	0.730575
50000	0.990000	0.000000	0.000000	9.216914	0.730128
55000	0.990000	0.000000	0.000000	9.230956	0.729845
60000	0.990000	0.000000	0.000000	9.239878	0.729665
65000	0.990000	0.000000	0.000000	9.245550	0.729551
70000	0.990000	0.000000	0.000000	9.249158	0.729478
75000	0.990000	0.000000	0.000000	9.251454	0.729432
80000	0.990000	0.000000	0.000000	9.252915	0.729402
85000	0.990000	0.000000	0.000000	9.253845	0.729384
90000	0.990000	0.000000	0.000000	9.254437	0.729372
95000	0.990000	0.000000	0.000000	9.254814	0.729364
100000	0.990000	0.000000	0.000000	9.255054	0.729359

var1: 0.002500	 var2: 1.700000
gen	A2		B2		diseq		zbar		sexrat
0	0.990000	0.000000			3.000000	
5000	0.990000	0.000000	0.000000	6.365072	0.793869
10000	0.990000	0.000000	0.000000	7.610524	0.764420
15000	0.990000	0.000000	0.000000	8.267227	0.749932
20000	0.990000	0.000000	0.000000	8.646859	0.741859
25000	0.990000	0.000000	0.000000	8.875644	