
########################### Run 1 ######################
var1: 0.000000	 var2: 0.000000
gen	A2		B2		diseq		zbar		sexrat
0	0.990000	0.000000			3.000000	
5000	0.990000	0.000000	0.000000	7.790415	0.702086
10000	0.990000	0.000000	0.000000	9.056842	0.670974
15000	0.990000	0.000000	0.000000	9.597394	0.658633
20000	0.990000	0.000000	0.000000	9.851667	0.653006
25000	0.990000	0.000000	0.000000	9.975899	0.650297
30000	0.990000	0.000000	0.000000	10.037643	0.648960
35000	0.990000	0.000000	0.000000	10.068584	0.648293
40000	0.990000	0.000000	0.000000	10.084151	0.647958
45000	0.990000	0.000000	0.000000	10.091999	0.647789
50000	0.990000	0.000000	0.000000	10.095959	0.647704
55000	0.990000	0.000000	0.000000	10.097959	0.647661
60000	0.990000	0.000000	0.000000	10.098969	0.647639
65000	0.990000	0.000000	0.000000	10.099479	0.647628
70000	0.990000	0.000000	0.000000	10.099737	0.647622
75000	0.990000	0.000000	0.000000	10.099867	0.647620
80000	0.990000	0.000000	0.000000	10.099933	0.647618
85000	0.990000	0.000000	0.000000	10.099966	0.647617
90000	0.990000	0.000000	0.000000	10.099983	0.647617
95000	0.990000	0.000000	0.000000	10.099991	0.647617
100000	0.990000	0.000000	0.000000	10.099996	0.647617

var1: 0.000000	 var2: 0.100000
gen	A2		B2		diseq		zbar		sexrat
0	0.990000	0.000000			3.000000	
5000	0.990000	0.000000	0.000000	7.790415	0.702086
10000	0.990000	0.000000	0.000000	9.056842	0.670974
15000	0.990000	0.000000	0.000000	9.597394	0.658633
20000	0.990000	0.000000	0.000000	9.851667	0.653006
25000	0.990000	0.000000	0.000000	9.975899	0.650297
30000	0.990000	0.000000	0.000000	10.037643	0.648960
35000	0.990000	0.000000	0.000000	10.068584	0.648293
40000	0.990000	0.000000	0.000000	10.084151	0.647958
45000	0.990000	0.000000	0.000000	10.091999	0.647789
50000	0.990000	0.000000	0.000000	10.095959	0.647704
55000	0.990000	0.000000	0.000000	10.097959	0.647661
60000	0.990000	0.000000	0.000000	10.098969	0.647639
65000	0.990000	0.000000	0.000000	10.099479	0.647628
70000	0.990000	0.000000	0.000000	10.099737	0.647622
75000	0.990000	0.000000	0.000000	10.099867	0.647620
80000	0.990000	0.000000	0.000000	10.099933	0.647618
85000	0.990000	0.000000	0.000000	10.099966	0.647617
90000	0.990000	0.000000	0.000000	10.099983	0.647617
95000	0.990000	0.000000	0.000000	10.099991	0.647617
100000	0.990000	0.000000	0.000000	10.099996	0.647617

var1: 0.000000	 var2: 0.200000
gen	A2		B2		diseq		zbar		sexrat
0	0.990000	0.000000			3.000000	
5000	0.990000	0.000000	0.000000	7.790415	0.702086
10000	0.990000	0.000000	0.000000	9.056842	0.670974
15000	0.990000	0.000000	0.000000	9.597394	0.658633
20000	0.990000	0.000000	0.000000	9.851667	0.653006
25000	0.990000	0.000000	0.000000	9.975899	0.650297
30000	0.990000	0.000000	0.000000	10.037643	0.648960
35000	0.990000	0.000000	0.000000	10.068584	0.648293
40000	0.990000	0.000000	0.000000	10.084151	0.647958
45000	0.990000	0.000000	0.000000	10.091999	0.647789
50000	0.990000	0.000000	0.000000	10.095959	0.647704
55000	0.990000	0.000000	0.000000	10.097959	0.647661
60000	0.990000	0.000000	0.000000	10.098969	0.647639
65000	0.990000	0.000000	0.000000	10.099479	0.647628
70000	0.990000	0.000000	0.000000	10.099737	0.647622
75000	0.990000	0.000000	0.000000	10.099867	0.647620
80000	0.990000	0.000000	0.000000	10.099933	0.647618
85000	0.990000	0.000000	0.000000	10.099966	0.647617
90000	0.990000	0.000000	0.000000	10.099983	0.647617
95000	0.990000	0.000000	0.000000	10.099991	0.647617
100000	0.990000	0.000000	0.000000	10.099996	0.647617

var1: 0.000000	 var2: 0.300000
gen	A2		B2		diseq		zbar		sexrat
0	0.990000	0.000000			3.000000	
5000	0.990000	0.000000	0.000000	7.790415	0.702086
10000	0.990000	0.000000	0.000000	9.056842	0.670974
15000	0.990000	0.000000	0.000000	9.597394	0.658633
20000	0.990000	0.000000	0.000000	9.851667	0.653006
25000	0.990000	0.000000	0.000000	9.975899	0.650297
30000	0.990000	0.000000	0.000000	10.037643	0.648960
35000	0.990000	0.000000	0.000000	10.068584	0.648293
40000	0.990000	0.000000	0.000000	10.084151	0.647958
45000	0.990000	0.000000	0.000000	10.091999	0.647789
50000	0.990000	0.000000	0.000000	10.095959	0.647704
55000	0.990000	0.000000	0.000000	10.097959	0.647661
60000	0.990000	0.000000	0.000000	10.098969	0.647639
65000	0.990000	0.000000	0.000000	10.099479	0.647628
70000	0.990000	0.000000	0.000000	10.099737	0.647622
75000	0.990000	0.000000	0.000000	10.099867	0.647620
80000	0.990000	0.000000	0.000000	10.099933	0.647618
85000	0.990000	0.000000	0.000000	10.099966	0.647617
90000	0.990000	0.000000	0.000000	10.099983	0.647617
95000	0.990000	0.000000	0.000000	10.099991	0.647617
100000	0.990000	0.000000	0.000000	10.099996	0.647617

var1: 0.000000	 var2: 0.400000
gen	A2		B2		diseq		zbar		sexrat
0	0.990000	0.000000			3.000000	
5000	0.990000	0.000000	0.000000	7.790415	0.702086
10000	0.990000	0.000000	0.000000	9.056842	0.670974
15000	0.990000	0.000000	0.000000	9.597394	0.658633
20000	0.990000	0.000000	0.000000	9.851667	0.653006
25000	0.990000	0.000000	0.000000	9.975899	0.650297
30000	0.990000	0.000000	0.000000	10.037643	0.648960
35000	0.990000	0.000000	0.000000	10.068584	0.648293
40000	0.990000	0.000000	0.000000	10.084151	0.647958
45000	0.990000	0.000000	0.000000	10.091999	0.647789
50000	0.990000	0.000000	0.000000	10.095959	0.647704
55000	0.990000	0.000000	0.000000	10.097959	0.647661
60000	0.990000	0.000000	0.000000	10.098969	0.647639
65000	0.990000	0.000000	0.000000	10.099479	0.647628
70000	0.990000	0.000000	0.000000	10.099737	0.647622
75000	0.990000	0.000000	0.000000	10.099867	0.647620
80000	0.990000	0.000000	0.000000	10.099933	0.647618
85000	0.990000	0.000000	0.000000	10.099966	0.647617
90000	0.990000	0.000000	0.000000	10.099983	0.647617
95000	0.990000	0.000000	0.000000	10.099991	0.647617
100000	0.990000	0.000000	0.000000	10.099996	0.647617

var1: 0.000000	 var2: 0.500000
gen	A2		B2		diseq		zbar		sexrat
0	0.990000	0.000000			3.000000	
5000	0.990000	0.000000	0.000000	7.790415	0.702086
10000	0.990000	0.000000	0.000000	9.056842	0.670974
15000	0.990000	0.000000	0.000000	9.597394	0.658633
20000	0.990000	0.000000	0.000000	9.851667	0.653006
25000	0.990000	0.000000	0.000000	9.975899	0.650297
30000	0.990000	0.000000	0.000000	10.037643	0.648960
35000	0.990000	0.000000	0.000000	10.068584	0.648293
40000	0.990000	0.000000	0.000000	10.084151	0.647958
45000	0.990000	0.000000	0.000000	10.091999	0.647789
50000	0.990000	0.000000	0.000000	10.095959	0.647704
55000	0.990000	0.000000	0.000000	10.097959	0.647661
60000	0.990000	0.000000	0.000000	10.098969	0.647639
65000	0.990000	0.000000	0.000000	10.099479	0.647628
70000	0.990000	0.000000	0.000000	10.099737	0.647622
75000	0.990000	0.000000	0.000000	10.099867	0.647620
80000	0.990000	0.000000	0.000000	10.099933	0.647618
85000	0.990000	0.000000	0.000000	10.099966	0.647617
90000	0.990000	0.000000	0.000000	10.099983	0.647617
95000	0.990000	0.000000	0.000000	10.099991	0.647617
100000	0.990000	0.000000	0.000000	10.099996	0.647617

var1: 0.000000	 var2: 0.600000
gen	A2		B2		diseq		zbar		sexrat
0	0.990000	0.000000			3.000000	
5000	0.990000	0.000000	0.000000	7.790415	0.702086
10000	0.990000	0.000000	0.000000	9.056842	0.670974
15000	0.990000	0.000000	0.000000	9.597394	0.658633
20000	0.990000	0.000000	0.000000	9.851667	0.653006
25000	0.990000	0.000000	0.000000	9.975899	0.650297
30000	0.990000	0.000000	0.000000	10.037643	0.648960
35000	0.990000	0.000000	0.000000	10.068584	0.648293
40000	0.990000	0.000000	0.000000	10.084151	0.647958
45000	0.990000	0.000000	0.000000	10.091999	0.647789
50000	0.990000	0.000000	0.000000	10.095959	0.647704
55000	0.990000	0.000000	0.000000	10.097959	0.647661
60000	0.990000	0.000000	0.000000	10.098969	0.647639
65000	0.990000	0.000000	0.000000	10.099479	0.647628
70000	0.990000	0.000000	0.000000	10.099737	0.647622
75000	0.990000	0.000000	0.000000	10.099867	0.647620
80000	0.990000	0.000000	0.000000	10.099933	0.647618
85000	0.990000	0.000000	0.000000	10.099966	0.647617
90000	0.990000	0.000000	0.000000	10.099983	0.647617
95000	0.990000	0.000000	0.000000	10.099991	0.647617
100000	0.990000	0.000000	0.000000	10.099996	0.647617

var1: 0.000000	 var2: 0.700000
gen	A2		B2		diseq		zbar		sexrat
0	0.990000	0.000000			3.000000	
5000	0.990000	0.000000	0.000000	7.790415	0.702086
10000	0.990000	0.000000	0.000000	9.056842	0.670974
15000	0.990000	0.000000	0.000000	9.597394	0.658633
20000	0.990000	0.000000	0.000000	9.851667	0.653006
25000	0.990000	0.000000	0.000000	9.975899	0.650297
30000	0.990000	0.000000	0.000000	10.037643	0.648960
35000	0.990000	0.000000	0.000000	10.068584	0.648293
40000	0.990000	0.000000	0.000000	10.084151	0.647958
45000	0.990000	0.000000	0.000000	10.091999	0.647789
50000	0.990000	0.000000	0.000000	10.095959	0.647704
55000	0.990000	0.000000	0.000000	10.097959	0.647661
60000	0.990000	0.000000	0.000000	10.098969	0.647639
65000	0.990000	0.000000	0.000000	10.099479	0.647628
70000	0.990000	0.000000	0.000000	10.099737	0.647622
75000	0.990000	0.000000	0.000000	10.099867	0.647620
80000	0.990000	0.000000	0.000000	10.099933	0.647618
85000	0.990000	0.000000	0.000000	10.099966	0.647617
90000	0.990000	0.000000	0.000000	10.099983	0.647617
95000	0.990000	0.000000	0.000000	10.099991	0.647617
100000	0.990000	0.000000	0.000000	10.099996	0.647617

var1: 0.000000	 var2: 0.800000
gen	A2		B2		diseq		zbar		sexrat
0	0.990000	0.000000			3.000000	
5000	0.990000	0.000000	0.000000	7.790415	0.702086
10000	0.990000	0.000000	0.000000	9.056842	0.670974
15000	0.990000	0.000000	0.000000	9.597394	0.658633
20000	0.990000	0.000000	0.000000	9.851667	0.653006
25000	0.990000	0.000000	0.000000	9.975899	0.650297
30000	0.990000	0.000000	0.000000	10.037643	0.648960
35000	0.990000	0.000000	0.000000	10.068584	0.648293
40000	0.990000	0.000000	0.000000	10.084151	0.647958
45000	0.990000	0.000000	0.000000	10.091999	0.647789
50000	0.990000	0.000000	0.000000	10.095959	0.647704
55000	0.990000	0.000000	0.000000	10.097959	0.647661
60000	0.990000	0.000000	0.000000	10.098969	0.647639
65000	0.990000	0.000000	0.000000	10.099479	0.647628
70000	0.990000	0.000000	0.000000	10.099737	0.647622
75000	0.990000	0.000000	0.000000	10.099867	0.647620
80000	0.990000	0.000000	0.000000	10.099933	0.647618
85000	0.990000	0.000000	0.000000	10.099966	0.647617
90000	0.990000	0.000000	0.000000	10.099983	0.647617
95000	0.990000	0.000000	0.000000	10.099991	0.647617
100000	0.990000	0.000000	0.000000	10.099996	0.647617

var1: 0.000000	 var2: 0.900000
gen	A2		B2		diseq		zbar		sexrat
0	0.990000	0.000000			3.000000	
5000	0.990000	0.000000	0.000000	7.790415	0.702086
10000	0.990000	0.000000	0.000000	9.056842	0.670974
15000	0.990000	0.000000	0.000000	9.597394	0.658633
20000	0.990000	0.000000	0.000000	9.851667	0.653006
25000	0.990000	0.000000	0.000000	9.975899	0.650297
30000	0.990000	0.000000	0.000000	10.037643	0.648960
35000	0.990000	0.000000	0.000000	10.068584	0.648293
40000	0.990000	0.000000	0.000000	10.084151	0.647958
45000	0.990000	0.000000	0.000000	10.091999	0.647789
50000	0.990000	0.000000	0.000000	10.095959	0.647704
55000	0.990000	0.000000	0.000000	10.097959	0.647661
60000	0.990000	0.000000	0.000000	10.098969	0.647639
65000	0.990000	0.000000	0.000000	10.099479	0.647628
70000	0.990000	0.000000	0.000000	10.099737	0.647622
75000	0.990000	0.000000	0.000000	10.099867	0.647620
80000	0.990000	0.000000	0.000000	10.099933	0.647618
85000	0.990000	0.000000	0.000000	10.099966	0.647617
90000	0.990000	0.000000	0.000000	10.099983	0.647617
95000	0.990000	0.000000	0.000000	10.099991	0.647617
100000	0.990000	0.000000	0.000000	10.099996	0.647617

var1: 0.000000	 var2: 1.000000
gen	A2		B2		diseq		zbar		sexrat
0	0.990000	0.000000			3.000000	
5000	0.990000	0.000000	0.000000	7.790415	0.702086
10000	0.990000	0.000000	0.000000	9.056842	0.670974
15000	0.990000	0.000000	0.000000	9.597394	0.658633
20000	0.990000	0.000000	0.000000	9.851667	0.653006
25000	0.990000	0.000000	0.000000	9.975899	0.650297
30000	0.990000	0.000000	0.000000	10.037643	0.648960
35000	0.990000	0.000000	0.000000	10.068584	0.648293
40000	0.990000	0.000000	0.000000	10.084151	0.647958
45000	0.990000	0.000000	0.000000	10.091999	0.647789
50000	0.990000	0.000000	0.000000	10.095959	0.647704
55000	0.990000	0.000000	0.000000	10.097959	0.647661
60000	0.990000	0.000000	0.000000	10.098969	0.647639
65000	0.990000	0.000000	0.000000	10.099479	0.647628
70000	0.990000	0.000000	0.000000	10.099737	0.647622
75000	0.990000	0.000000	0.000000	10.099867	0.647620
80000	0.990000	0.000000	0.000000	10.099933	0.647618
85000	0.990000	0.000000	0.000000	10.099966	0.647617
90000	0.990000	0.000000	0.000000	10.099983	0.647617
95000	0.990000	0.000000	0.000000	10.099991	0.647617
100000	0.990000	0.000000	0.000000	10.099996	0.647617

var1: 0.000000	 var2: 1.100000
gen	A2		B2		diseq		zbar		sexrat
0	0.990000	0.000000			3.000000	
5000	0.990000	0.000000	0.000000	7.790415	0.702086
10000	0.990000	0.000000	0.000000	9.056842	0.670974
15000	0.990000	0.000000	0.000000	9.597394	0.658633
20000	0.990000	0.000000	0.000000	9.851667	0.653006
25000	0.990000	0.000000	0.000000	9.975899	0.650297
30000	0.990000	0.000000	0.000000	10.037643	0.648960
35000	0.990000	0.000000	0.000000	10.068584	0.648293
40000	0.990000	0.000000	0.000000	10.084151	0.647958
45000	0.990000	0.000000	0.000000	10.091999	0.647789
50000	0.990000	0.000000	0.000000	10.095959	0.647704
55000	0.990000	0.000000	0.000000	10.097959	0.647661
60000	0.990000	0.000000	0.000000	10.098969	0.647639
65000	0.990000	0.000000	0.000000	10.099479	0.647628
70000	0.990000	0.000000	0.000000	10.099737	0.647622
75000	0.990000	0.000000	0.000000	10.099867	0.647620
80000	0.990000	0.000000	0.000000	10.099933	0.647618
85000	0.990000	0.000000	0.000000	10.099966	0.647617
90000	0.990000	0.000000	0.000000	10.099983	0.647617
95000	0.990000	0.000000	0.000000	10.099991	0.647617
100000	0.990000	0.000000	0.000000	10.099996	0.647617

var1: 0.000000	 var2: 1.200000
gen	A2		B2		diseq		zbar		sexrat
0	0.990000	0.000000			3.000000	
5000	0.990000	0.000000	0.000000	7.790415	0.702086
10000	0.990000	0.000000	0.000000	9.056842	0.670974
15000	0.990000	0.000000	0.000000	9.597394	0.658633
20000	0.990000	0.000000	0.000000	9.851667	0.653006
25000	0.990000	0.000000	0.000000	9.975899	0.650297
30000	0.990000	0.000000	0.000000	10.037643	0.648960
35000	0.990000	0.000000	0.000000	10.068584	0.648293
40000	0.990000	0.000000	0.000000	10.084151	0.647958
45000	0.990000	0.000000	0.000000	10.091999	0.647789
50000	0.990000	0.000000	0.000000	10.095959	0.647704
55000	0.990000	0.000000	0.000000	10.097959	0.647661
60000	0.990000	0.000000	0.000000	10.098969	0.647639
65000	0.990000	0.000000	0.000000	10.099479	0.647628
70000	0.990000	0.000000	0.000000	10.099737	0.647622
75000	0.990000	0.000000	0.000000	10.099867	0.647620
80000	0.990000	0.000000	0.000000	10.099933	0.647618
85000	0.990000	0.000000	0.000000	10.099966	0.647617
90000	0.990000	0.000000	0.000000	10.099983	0.647617
95000	0.990000	0.000000	0.000000	10.099991	0.647617
100000	0.990000	0.000000	0.000000	10.099996	0.647617

var1: 0.000000	 var2: 1.300000
gen	A2		B2		diseq		zbar		sexrat
0	0.990000	0.000000			3.000000	
5000	0.990000	0.000000	0.000000	7.790415	0.702086
10000	0.990000	0.000000	0.000000	9.056842	0.670974
15000	0.990000	0.000000	0.000000	9.597394	0.658633
20000	0.990000	0.000000	0.000000	9.851667	0.653006
25000	0.990000	0.000000	0.000000	9.975899	0.650297
30000	0.990000	0.000000	0.000000	10.037643	0.648960
35000	0.990000	0.000000	0.000000	10.068584	0.648293
40000	0.990000	0.000000	0.000000	10.084151	0.647958
45000	0.990000	0.000000	0.000000	10.091999	0.647789
50000	0.990000	0.000000	0.000000	10.095959	0.647704
55000	0.990000	0.000000	0.000000	10.097959	0.647661
60000	0.990000	0.000000	0.000000	10.098969	0.647639
65000	0.990000	0.000000	0.000000	10.099479	0.647628
70000	0.990000	0.000000	0.000000	10.099737	0.647622
75000	0.990000	0.000000	0.000000	10.099867	0.647620
80000	0.990000	0.000000	0.000000	10.099933	0.647618
85000	0.990000	0.000000	0.000000	10.099966	0.647617
90000	0.990000	0.000000	0.000000	10.099983	0.647617
95000	0.990000	0.000000	0.000000	10.099991	0.647617
100000	0.990000	0.000000	0.000000	10.099996	0.647617

var1: 0.000000	 var2: 1.400000
gen	A2		B2		diseq		zbar		sexrat
0	0.990000	0.000000			3.000000	
5000	0.990000	0.000000	0.000000	7.790415	0.702086
10000	0.990000	0.000000	0.000000	9.056842	0.670974
15000	0.990000	0.000000	0.000000	9.597394	0.658633
20000	0.990000	0.000000	0.000000	9.851667	0.653006
25000	0.990000	0.000000	0.000000	9.975899	0.650297
30000	0.990000	0.000000	0.000000	10.037643	0.648960
35000	0.990000	0.000000	0.000000	10.068584	0.648293
40000	0.990000	0.000000	0.000000	10.084151	0.647958
45000	0.990000	0.000000	0.000000	10.091999	0.647789
50000	0.990000	0.000000	0.000000	10.095959	0.647704
55000	0.990000	0.000000	0.000000	10.097959	0.647661
60000	0.990000	0.000000	0.000000	10.098969	0.647639
65000	0.990000	0.000000	0.000000	10.099479	0.647628
70000	0.990000	0.000000	0.000000	10.099737	0.647622
75000	0.990000	0.000000	0.000000	10.099867	0.647620
80000	0.990000	0.000000	0.000000	10.099933	0.647618
85000	0.990000	0.000000	0.000000	10.099966	0.647617
90000	0.990000	0.000000	0.000000	10.099983	0.647617
95000	0.990000	0.000000	0.000000	10.099991	0.647617
100000	0.990000	0.000000	0.000000	10.099996	0.647617

var1: 0.000000	 var2: 1.500000
gen	A2		B2		diseq		zbar		sexrat
0	0.990000	0.000000			3.000000	
5000	0.990000	0.000000	0.000000	7.790415	0.702086
10000	0.990000	0.000000	0.000000	9.056842	0.670974
15000	0.990000	0.000000	0.000000	9.597394	0.658633
20000	0.990000	0.000000	0.000000	9.851667	0.653006
25000	0.990000	0.000000	0.000000	9.975899	0.650297
30000	0.990000	0.000000	0.000000	10.037643	0.648960
35000	0.990000	0.000000	0.000000	10.068584	0.648293
40000	0.990000	0.000000	0.000000	10.084151	0.647958
45000	0.990000	0.000000	0.000000	10.091999	0.647789
50000	0.990000	0.000000	0.000000	10.095959	0.647704
55000	0.990000	0.000000	0.000000	10.097959	0.647661
60000	0.990000	0.000000	0.000000	10.098969	0.647639
65000	0.990000	0.000000	0.000000	10.099479	0.647628
70000	0.990000	0.000000	0.000000	10.099737	0.647622
75000	0.990000	0.000000	0.000000	10.099867	0.647620
80000	0.990000	0.000000	0.000000	10.099933	0.647618
85000	0.990000	0.000000	0.000000	10.099966	0.647617
90000	0.990000	0.000000	0.000000	10.099983	0.647617
95000	0.990000	0.000000	0.000000	10.099991	0.647617
100000	0.990000	0.000000	0.000000	10.099996	0.647617

var1: 0.000000	 var2: 1.600000
gen	A2		B2		diseq		zbar		sexrat
0	0.990000	0.000000			3.000000	
5000	0.990000	0.000000	0.000000	7.790415	0.702086
10000	0.990000	0.000000	0.000000	9.056842	0.670974
15000	0.990000	0.000000	0.000000	9.597394	0.658633
20000	0.990000	0.000000	0.000000	9.851667	0.653006
25000	0.990000	0.000000	0.000000	9.975899	0.650297
30000	0.990000	0.000000	0.000000	10.037643	0.648960
35000	0.990000	0.000000	0.000000	10.068584	0.648293
40000	0.990000	0.000000	0.000000	10.084151	0.647958
45000	0.990000	0.000000	0.000000	10.091999	0.647789
50000	0.990000	0.000000	0.000000	10.095959	0.647704
55000	0.990000	0.000000	0.000000	10.097959	0.647661
60000	0.990000	0.000000	0.000000	10.098969	0.647639
65000	0.990000	0.000000	0.000000	10.099479	0.647628
70000	0.990000	0.000000	0.000000	10.099737	0.647622
75000	0.990000	0.000000	0.000000	10.099867	0.647620
80000	0.990000	0.000000	0.000000	10.099933	0.647618
85000	0.990000	0.000000	0.000000	10.099966	0.647617
90000	0.990000	0.000000	0.000000	10.099983	0.647617
95000	0.990000	0.000000	0.000000	10.099991	0.647617
100000	0.990000	0.000000	0.000000	10.099996	0.647617

var1: 0.000000	 var2: 1.700000
gen	A2		B2		diseq		zbar		sexrat
0	0.990000	0.000000			3.000000	
5000	0.990000	0.000000	0.000000	7.790415	0.702086
10000	0.990000	0.000000	0.000000	9.056842	0.670974
15000	0.990000	0.000000	0.000000	9.597394	0.658633
20000	0.990000	0.000000	0.000000	9.851667	0.653006
25000	0.990000	0.000000	0.000000	9.975899	0.650297
30000	0.990000	0.000000	0.000000	10.037643	0.648960
35000	0.990000	0.000000	0.000000	10.068584	0.648293
40000	0.990000	0.000000	0.000000	10.084151	0.647958
45000	0.990000	0.000000	0.000000	10.091999	0.647789
50000	0.990000	0.000000	0.000000	10.095959	0.647704
55000	0.990000	0.000000	0.000000	10.097959	0.647661
60000	0.990000	0.000000	0.000000	10.098969	0.647639
65000	0.990000	0.000000	0.000000	10.099479	0.647628
70000	0.990000	0.000000	0.000000	10.099737	0.647622
75000	0.990000	0.000000	0.000000	10.099867	0.647620
80000	0.990000	0.000000	0.000000	10.099933	0.647618
85000	0.990000	0.000000	0.000000	10.099966	0.647617
90000	0.990000	0.000000	0.000000	10.099983	0.647617
95000	0.990000	0.000000	0.000000	10.099991	0.647617
100000	0.990000	0.000000	0.000000	10.099996	0.647617

var1: 0.000000	 var2: 1.800000
gen	A2		B2		diseq		zbar		sexrat
0	0.990000	0.000000			3.000000	
5000	0.990000	0.000000	0.000000	7.790415	0.702086
10000	0.990000	0.000000	0.000000	9.056842	0.670974
15000	0.990000	0.000000	0.000000	9.597394	0.658633
20000	0.990000	0.000000	0.000000	9.851667	0.653006
25000	0.990000	0.000000	0.000000	9.975899	0.650297
30000	0.990000	0.000000	0.000000	10.037643	0.648960
35000	0.990000	0.000000	0.000000	10.068584	0.648293
40000	0.990000	0.000000	0.000000	10.084151	0.647958
45000	0.990000	0.000000	0.000000	10.091999	0.647789
50000	0.990000	0.000000	0.000000	10.095959	0.647704
55000	0.990000	0.000000	0.000000	10.097959	0.647661
60000	0.990000	0.000000	0.000000	10.098969	0.647639
65000	0.990000	0.000000	0.000000	10.099479	0.647628
70000	0.990000	0.000000	0.000000	10.099737	0.647622
75000	0.990000	0.000000	0.000000	10.099867	0.647620
80000	0.990000	0.000000	0.000000	10.099933	0.647618
85000	0.990000	0.000000	0.000000	10.099966	0.647617
90000	0.990000	0.000000	0.000000	10.099983	0.647617
95000	0.990000	0.000000	0.000000	10.099991	0.647617
100000	0.990000	0.000000	0.000000	10.099996	0.647617

var1: 0.000000	 var2: 1.900000
gen	A2		B2		diseq		zbar		sexrat
0	0.990000	0.000000			3.000000	
5000	0.990000	0.000000	0.000000	7.790415	0.702086
10000	0.990000	0.000000	0.000000	9.056842	0.670974
15000	0.990000	0.000000	0.000000	9.597394	0.658633
20000	0.990000	0.000000	0.000000	9.851667	0.653006
25000	0.990000	0.000000	0.000000	9.975899	0.650297
30000	0.990000	0.000000	0.000000	10.037643	0.648960
35000	0.990000	0.000000	0.000000	10.068584	0.648293
40000	0.990000	0.000000	0.000000	10.084151	0.647958
45000	0.990000	0.000000	0.000000	10.091999	0.647789
50000	0.990000	0.000000	0.000000	10.095959	0.647704
55000	0.990000	0.000000	0.000000	10.097959	0.647661
60000	0.990000	0.000000	0.000000	10.098969	0.647639
65000	0.990000	0.000000	0.000000	10.099479	0.647628
70000	0.990000	0.000000	0.000000	10.099737	0.647622
75000	0.990000	0.000000	0.000000	10.099867	0.647620
80000	0.990000	0.000000	0.000000	10.099933	0.647618
85000	0.990000	0.000000	0.000000	10.099966	0.647617
90000	0.990000	0.000000	0.000000	10.099983	0.647617
95000	0.990000	0.000000	0.000000	10.099991	0.647617
100000	0.990000	0.000000	0.000000	10.099996	0.647617

var1: 0.000000	 var2: 2.000000
gen	A2		B2		diseq		zbar		sexrat
0	0.990000	0.000000			3.000000	
5000	0.990000	0.000000	0.000000	7.790415	0.702086
10000	0.990000	0.000000	0.000000	9.056842	0.670974
15000	0.990000	0.000000	0.000000	9.597394	0.658633
20000	0.990000	0.000000	0.000000	9.851667	0.653006
25000	0.990000	0.000000	0.000000	9.975899	0.650297
30000	0.990000	0.000000	0.000000	10.037643	0.648960
35000	0.990000	0.000000	0.000000	10.068584	0.648293
40000	0.990000	0.000000	0.000000	10.084151	0.647958
45000	0.990000	0.000000	0.000000	10.091999	0.647789
50000	0.990000	0.000000	0.000000	10.095959	0.647704
55000	0.990000	0.000000	0.000000	10.097959	0.647661
60000	0.990000	0.000000	0.000000	10.098969	0.647639
65000	0.990000	0.000000	0.000000	10.099479	0.647628
70000	0.990000	0.000000	0.000000	10.099737	0.647622
75000	0.990000	0.000000	0.000000	10.099867	0.647620
80000	0.990000	0.000000	0.000000	10.099933	0.647618
85000	0.990000	0.000000	0.000000	10.099966	0.647617
90000	0.990000	0.000000	0.000000	10.099983	0.647617
95000	0.990000	0.000000	0.000000	10.099991	0.647617
100000	0.990000	0.000000	0.000000	10.099996	0.647617

var1: 0.000000	 var2: 2.100000
gen	A2		B2		diseq		zbar		sexrat
0	0.990000	0.000000			3.000000	
5000	0.990000	0.000000	0.000000	7.790415	0.702086
10000	0.990000	0.000000	0.000000	9.056842	0.670974
15000	0.990000	0.000000	0.000000	9.597394	0.658633
20000	0.990000	0.000000	0.000000	9.851667	0.653006
25000	0.990000	0.000000	0.000000	9.975899	0.650297
30000	0.990000	0.000000	0.000000	10.037643	0.648960
35000	0.990000	0.000000	0.000000	10.068584	0.648293
40000	0.990000	0.000000	0.000000	10.084151	0.647958
45000	0.990000	0.000000	0.000000	10.091999	0.647789
50000	0.990000	0.000000	0.000000	10.095959	0.647704
55000	0.990000	0.000000	0.000000	10.097959	0.647661
60000	0.990000	0.000000	0.000000	10.098969	0.647639
65000	0.990000	0.000000	0.000000	10.099479	0.647628
70000	0.990000	0.000000	0.000000	10.099737	0.647622
75000	0.990000	0.000000	0.000000	10.099867	0.647620
80000	0.990000	0.000000	0.000000	10.099933	0.647618
85000	0.990000	0.000000	0.000000	10.099966	0.647617
90000	0.990000	0.000000	0.000000	10.099983	0.647617
95000	0.990000	0.000000	0.000000	10.099991	0.647617
100000	0.990000	0.000000	0.000000	10.099996	0.647617

var1: 0.000000	 var2: 2.200000
gen	A2		B2		diseq		zbar		sexrat
0	0.990000	0.000000			3.000000	
5000	0.990000	0.000000	0.000000	7.790415	0.702086
10000	0.990000	0.000000	0.000000	9.056842	0.670974
15000	0.990000	0.000000	0.000000	9.597394	0.658633
20000	0.990000	0.000000	0.000000	9.851667	0.653006
25000	0.990000	0.000000	0.000000	9.975899	0.650297
30000	0.990000	0.000000	0.000000	10.037643	0.648960
35000	0.990000	0.000000	0.000000	10.068584	0.648293
40000	0.990000	0.000000	0.000000	10.084151	0.647958
45000	0.990000	0.000000	0.000000	10.091999	0.647789
50000	0.990000	0.000000	0.000000	10.095959	0.647704
55000	0.990000	0.000000	0.000000	10.097959	0.647661
60000	0.990000	0.000000	0.000000	10.098969	0.647639
65000	0.990000	0.000000	0.000000	10.099479	0.647628
70000	0.990000	0.000000	0.000000	10.099737	0.647622
75000	0.990000	0.000000	0.000000	10.099867	0.647620
80000	0.990000	0.000000	0.000000	10.099933	0.647618
85000	0.990000	0.000000	0.000000	10.099966	0.647617
90000	0.990000	0.000000	0.000000	10.099983	0.647617
95000	0.990000	0.000000	0.000000	10.099991	0.647617
100000	0.990000	0.000000	0.000000	10.099996	0.647617

var1: 0.000000	 var2: 2.300000
gen	A2		B2		diseq		zbar		sexrat
0	0.990000	0.000000			3.000000	
5000	0.990000	0.000000	0.000000	7.790415	0.702086
10000	0.990000	0.000000	0.000000	9.056842	0.670974
15000	0.990000	0.000000	0.000000	9.597394	0.658633
20000	0.990000	0.000000	0.000000	9.851667	0.653006
25000	0.990000	0.000000	0.000000	9.975899	0.650297
30000	0.990000	0.000000	0.000000	10.037643	0.648960
35000	0.990000	0.000000	0.000000	10.068584	0.648293
40000	0.990000	0.000000	0.000000	10.084151	0.647958
45000	0.990000	0.000000	0.000000	10.091999	0.647789
50000	0.990000	0.000000	0.000000	10.095959	0.647704
55000	0.990000	0.000000	0.000000	10.097959	0.647661
60000	0.990000	0.000000	0.000000	10.098969	0.647639
65000	0.990000	0.000000	0.000000	10.099479	0.647628
70000	0.990000	0.000000	0.000000	10.099737	0.647622
75000	0.990000	0.000000	0.000000	10.099867	0.647620
80000	0.990000	0.000000	0.000000	10.099933	0.647618
85000	0.990000	0.000000	0.000000	10.099966	0.647617
90000	0.990000	0.000000	0.000000	10.099983	0.647617
95000	0.990000	0.000000	0.000000	10.099991	0.647617
100000	0.990000	0.000000	0.000000	10.099996	0.647617

var1: 0.000000	 var2: 2.400000
gen	A2		B2		diseq		zbar		sexrat
0	0.990000	0.000000			3.000000	
5000	0.990000	0.000000	0.000000	7.790415	0.702086
10000	0.990000	0.000000	0.000000	9.056842	0.670974
15000	0.990000	0.000000	0.000000	9.597394	0.658633
20000	0.990000	0.000000	0.000000	9.851667	0.653006
25000	0.990000	0.000000	0.000000	9.975899	0.650297
30000	0.990000	0.000000	0.000000	10.037643	0.648960
35000	0.990000	0.000000	0.000000	10.068584	0.648293
40000	0.990000	0.000000	0.000000	10.084151	0.647958
45000	0.990000	0.000000	0.000000	10.091999	0.647789
50000	0.990000	0.000000	0.000000	10.095959	0.647704
55000	0.990000	0.000000	0.000000	10.097959	0.647661
60000	0.990000	0.000000	0.000000	10.098969	0.647639
65000	0.990000	0.000000	0.000000	10.099479	0.647628
70000	0.990000	0.000000	0.000000	10.099737	0.647622
75000	0.990000	0.000000	0.000000	10.099867	0.647620
80000	0.990000	0.000000	0.000000	10.099933	0.647618
85000	0.990000	0.000000	0.000000	10.099966	0.647617
90000	0.990000	0.000000	0.000000	10.099983	0.647617
95000	0.990000	0.000000	0.000000	10.099991	0.647617
100000	0.990000	0.000000	0.000000	10.099996	0.647617

var1: 0.000000	 var2: 2.500000
gen	A2		B2		diseq		zbar		sexrat
0	0.990000	0.000000			3.000000	
5000	0.990000	0.000000	0.000000	7.790415	0.702086
10000	0.990000	0.000000	0.000000	9.056842	0.670974
15000	0.990000	0.000000	0.000000	9.597394	0.658633
20000	0.990000	0.000000	0.000000	9.851667	0.653006
25000	0.990000	0.000000	0.000000	9.975899	0.650297
30000	0.990000	0.000000	0.000000	10.037643	0.648960
35000	0.990000	0.000000	0.000000	10.068584	0.648293
40000	0.990000	0.000000	0.000000	10.084151	0.647958
45000	0.990000	0.000000	0.000000	10.091999	0.647789
50000	0.990000	0.000000	0.000000	10.095959	0.647704
55000	0.990000	0.000000	0.000000	10.097959	0.647661
60000	0.990000	0.000000	0.000000	10.098969	0.647639
65000	0.990000	0.000000	0.000000	10.099479	0.647628
70000	0.990000	0.000000	0.000000	10.099737	0.647622
75000	0.990000	0.000000	0.000000	10.099867	0.647620
80000	0.990000	0.000000	0.000000	10.099933	0.647618
85000	0.990000	0.000000	0.000000	10.099966	0.647617
90000	0.990000	0.000000	0.000000	10.099983	0.647617
95000	0.990000	0.000000	0.000000	10.099991	0.647617
100000	0.990000	0.000000	0.000000	10.099996	0.647617

var1: 0.000000	 var2: 2.600000
gen	A2		B2		diseq		zbar		sexrat
0	0.990000	0.000000			3.000000	
5000	0.990000	0.000000	0.000000	7.790415	0.702086
10000	0.990000	0.000000	0.000000	9.056842	0.670974
15000	0.990000	0.000000	0.000000	9.597394	0.658633
20000	0.990000	0.000000	0.000000	9.851667	0.653006
25000	0.990000	0.000000	0.000000	9.975899	0.650297
30000	0.990000	0.000000	0.000000	10.037643	0.648960
35000	0.990000	0.000000	0.000000	10.068584	0.648293
40000	0.990000	0.000000	0.000000	10.084151	0.647958
45000	0.990000	0.000000	0.000000	10.091999	0.647789
50000	0.990000	0.000000	0.000000	10.095959	0.647704
55000	0.990000	0.000000	0.000000	10.097959	0.647661
60000	0.990000	0.000000	0.000000	10.098969	0.647639
65000	0.990000	0.000000	0.000000	10.099479	0.647628
70000	0.990000	0.000000	0.000000	10.099737	0.647622
75000	0.990000	0.000000	0.000000	10.099867	0.647620
80000	0.990000	0.000000	0.000000	10.099933	0.647618
85000	0.990000	0.000000	0.000000	10.099966	0.647617
90000	0.990000	0.000000	0.000000	10.099983	0.647617
95000	0.990000	0.000000	0.000000	10.099991	0.647617
100000	0.990000	0.000000	0.000000	10.099996	0.647617

var1: 0.000000	 var2: 2.700000
gen	A2		B2		diseq		zbar		sexrat
0	0.990000	0.000000			3.000000	
5000	0.990000	0.000000	0.000000	7.790415	0.702086
10000	0.990000	0.000000	0.000000	9.056842	0.670974
15000	0.990000	0.000000	0.000000	9.597394	0.658633
20000	0.990000	0.000000	0.000000	9.851667	0.653006
25000	0.990000	0.000000	0.000000	9.975899	0.650297
30000	0.990000	0.000000	0.000000	10.037643	0.648960
35000	0.990000	0.000000	0.000000	10.068584	0.648293
40000	0.990000	0.000000	0.000000	10.084151	0.647958
45000	0.990000	0.000000	0.000000	10.091999	0.647789
50000	0.990000	0.000000	0.000000	10.095959	0.647704
55000	0.990000	0.000000	0.000000	10.097959	0.647661
60000	0.990000	0.000000	0.000000	10.098969	0.647639
65000	0.990000	0.000000	0.000000	10.099479	0.647628
70000	0.990000	0.000000	0.000000	10.099737	0.647622
75000	0.990000	0.000000	0.000000	10.099867	0.647620
80000	0.990000	0.000000	0.000000	10.099933	0.647618
85000	0.990000	0.000000	0.000000	10.099966	0.647617
90000	0.990000	0.000000	0.000000	10.099983	0.647617
95000	0.990000	0.000000	0.000000	10.099991	0.647617
100000	0.990000	0.000000	0.000000	10.099996	0.647617

var1: 0.000000	 var2: 2.800000
gen	A2		B2		diseq		zbar		sexrat
0	0.990000	0.000000			3.000000	
5000	0.990000	0.000000	0.000000	7.790415	0.702086
10000	0.990000	0.000000	0.000000	9.056842	0.670974
15000	0.990000	0.000000	0.000000	9.597394	0.658633
20000	0.990000	0.000000	0.000000	9.851667	0.653006
25000	0.990000	0.000000	0.000000	9.975899	0.650297
30000	0.990000	0.000000	0.000000	10.037643	0.648960
35000	0.990000	0.000000	0.000000	10.068584	0.648293
40000	0.990000	0.000000	0.000000	10.084151	0.647958
45000	0.990000	0.000000	0.000000	10.091999	0.647789
50000	0.990000	0.000000	0.000000	10.095959	0.647704
55000	0.990000	0.000000	0.000000	10.097959	0.647661
60000	0.990000	0.000000	0.000000	10.098969	0.647639
65000	0.990000	0.000000	0.000000	10.099479	0.647628
70000	0.990000	0.000000	0.000000	10.099737	0.647622
75000	0.990000	0.000000	0.000000	10.099867	0.647620
80000	0.990000	0.000000	0.000000	10.099933	0.647618
85000	0.990000	0.000000	0.000000	10.099966	0.647617
90000	0.990000	0.000000	0.000000	10.099983	0.647617
95000	0.990000	0.000000	0.000000	10.099991	0.647617
100000	0.990000	0.000000	0.000000	10.099996	0.647617

var1: 0.000000	 var2: 2.900000
gen	A2		B2		diseq		zbar		sexrat
0	0.990000	0.000000			3.000000	
5000	0.990000	0.000000	0.000000	7.790415	0.702086
10000	0.990000	0.000000	0.000000	9.056842	0.670974
15000	0.990000	0.000000	0.000000	9.597394	0.658633
20000	0.990000	0.000000	0.000000	9.851667	0.653006
25000	0.990000	0.000000	0.000000	9.975899	0.650297
30000	0.990000	0.000000	0.000000	10.037643	0.648960
35000	0.990000	0.000000	0.000000	10.068584	0.648293
40000	0.990000	0.000000	0.000000	10.084151	0.647958
45000	0.990000	0.000000	0.000000	10.091999	0.647789
50000	0.990000	0.000000	0.000000	10.095959	0.647704
55000	0.990000	0.000000	0.000000	10.097959	0.647661
60000	0.990000	0.000000	0.000000	10.098969	0.647639
65000	0.990000	0.000000	0.000000	10.099479	0.647628
70000	0.990000	0.000000	0.000000	10.099737	0.647622
75000	0.990000	0.000000	0.000000	10.099867	0.647620
80000	0.990000	0.000000	0.000000	10.099933	0.647618
85000	0.990000	0.000000	0.000000	10.099966	0.647617
90000	0.990000	0.000000	0.000000	10.099983	0.647617
95000	0.990000	0.000000	0.000000	10.099991	0.647617
100000	0.990000	0.000000	0.000000	10.099996	0.647617

var1: 0.000000	 var2: 3.000000
gen	A2		B2		diseq		zbar		sexrat
0	0.990000	0.000000			3.000000	
5000	0.990000	0.000000	0.000000	7.790415	0.702086
10000	0.990000	0.000000	0.000000	9.056842	0.670974
15000	0.990000	0.000000	0.000000	9.597394	0.658633
20000	0.990000	0.000000	0.000000	9.851667	0.653006
25000	0.990000	0.000000	0.000000	9.975899	0.650297
30000	0.990000	0.000000	0.000000	10.037643	0.648960
35000	0.990000	0.000000	0.000000	10.068584	0.648293
40000	0.990000	0.000000	0.000000	10.084151	0.647958
45000	0.990000	0.000000	0.000000	10.091999	0.647789
50000	0.990000	0.000000	0.000000	10.095959	0.647704
55000	0.990000	0.000000	0.000000	10.097959	0.647661
60000	0.990000	0.000000	0.000000	10.098969	0.647639
65000	0.990000	0.000000	0.000000	10.099479	0.647628
70000	0.990000	0.000000	0.000000	10.099737	0.647622
75000	0.990000	0.000000	0.000000	10.099867	0.647620
80000	0.990000	0.000000	0.000000	10.099933	0.647618
85000	0.990000	0.000000	0.000000	10.099966	0.647617
90000	0.990000	0.000000	0.000000	10.099983	0.647617
95000	0.990000	0.000000	0.000000	10.099991	0.647617
100000	0.990000	0.000000	0.000000	10.099996	0.647617

var1: 0.000000	 var2: 3.100000
gen	A2		B2		diseq		zbar		sexrat
0	0.990000	0.000000			3.000000	
5000	0.990000	0.000000	0.000000	7.790415	0.702086
10000	0.990000	0.000000	0.000000	9.056842	0.670974
15000	0.990000	0.000000	0.000000	9.597394	0.658633
20000	0.990000	0.000000	0.000000	9.851667	0.653006
25000	0.990000	0.000000	0.000000	9.975899	0.650297
30000	0.990000	0.000000	0.000000	10.037643	0.648960
35000	0.990000	0.000000	0.000000	10.068584	0.648293
40000	0.990000	0.000000	0.000000	10.084151	0.647958
45000	0.990000	0.000000	0.000000	10.091999	0.647789
50000	0.990000	0.000000	0.000000	10.095959	0.647704
55000	0.990000	0.000000	0.000000	10.097959	0.647661
60000	0.990000	0.000000	0.000000	10.098969	0.647639
65000	0.990000	0.000000	0.000000	10.099479	0.647628
70000	0.990000	0.000000	0.000000	10.099737	0.647622
75000	0.990000	0.000000	0.000000	10.099867	0.647620
80000	0.990000	0.000000	0.000000	10.099933	0.647618
85000	0.990000	0.000000	0.000000	10.099966	0.647617
90000	0.990000	0.000000	0.000000	10.099983	0.647617
95000	0.990000	0.000000	0.000000	10.099991	0.647617
100000	0.990000	0.000000	0.000000	10.099996	0.647617

var1: 0.000000	 var2: 3.200000
gen	A2		B2		diseq		zbar		sexrat
0	0.990000	0.000000			3.000000	
5000	0.990000	0.000000	0.000000	7.790415	0.702086
10000	0.990000	0.000000	0.000000	9.056842	0.670974
15000	0.990000	0.000000	0.000000	9.597394	0.658633
20000	0.990000	0.000000	0.000000	9.851667	0.653006
25000	0.990000	0.000000	0.000000	9.975899	0.650297
30000	0.990000	0.000000	0.000000	10.037643	0.648960
35000	0.990000	0.000000	0.000000	10.068584	0.648293
40000	0.990000	0.000000	0.000000	10.084151	0.647958
45000	0.990000	0.000000	0.000000	10.091999	0.647789
50000	0.990000	0.000000	0.000000	10.095959	0.647704
55000	0.990000	0.000000	0.000000	10.097959	0.647661
60000	0.990000	0.000000	0.000000	10.098969	0.647639
65000	0.990000	0.000000	0.000000	10.099479	0.647628
70000	0.990000	0.000000	0.000000	10.099737	0.647622
75000	0.990000	0.000000	0.000000	10.099867	0.647620
80000	0.990000	0.000000	0.000000	10.099933	0.647618
85000	0.990000	0.000000	0.000000	10.099966	0.647617
90000	0.990000	0.000000	0.000000	10.099983	0.647617
95000	0.990000	0.000000	0.000000	10.099991	0.647617
100000	0.990000	0.000000	0.000000	10.099996	0.647617

var1: 0.000000	 var2: 3.300000
gen	A2		B2		diseq		zbar		sexrat
0	0.990000	0.000000			3.000000	
5000	0.990000	0.000000	0.000000	7.790415	0.702086
10000	0.990000	0.000000	0.000000	9.056842	0.670974
15000	0.990000	0.000000	0.000000	9.597394	0.658633
20000	0.990000	0.000000	0.000000	9.851667	0.653006
25000	0.990000	0.000000	0.000000	9.975899	0.650297
30000	0.990000	0.000000	0.000000	10.037643	0.648960
35000	0.990000	0.000000	0.000000	10.068584	0.648293
40000	0.990000	0.000000	0.000000	10.084151	0.647958
45000	0.990000	0.000000	0.000000	10.091999	0.647789
50000	0.990000	0.000000	0.000000	10.095959	0.647704
55000	0.990000	0.000000	0.000000	10.097959	0.647661
60000	0.990000	0.000000	0.000000	10.098969	0.647639
65000	0.990000	0.000000	0.000000	10.099479	0.647628
70000	0.990000	0.000000	0.000000	10.099737	0.647622
75000	0.990000	0.000000	0.000000	10.099867	0.647620
80000	0.990000	0.000000	0.000000	10.099933	0.647618
85000	0.990000	0.000000	0.000000	10.099966	0.647617
90000	0.990000	0.000000	0.000000	10.099983	0.647617
95000	0.990000	0.000000	0.000000	10.099991	0.647617
100000	0.990000	0.000000	0.000000	10.099996	0.647617

var1: 0.000000	 var2: 3.400000
gen	A2		B2		diseq		zbar		sexrat
0	0.990000	0.000000			3.000000	
5000	0.990000	0.000000	0.000000	7.790415	0.702086
10000	0.990000	0.000000	0.000000	9.056842	0.670974
15000	0.990000	0.000000	0.000000	9.597394	0.658633
20000	0.990000	0.000000	0.000000	9.851667	0.653006
25000	0.990000	0.000000	0.000000	9.975899	0.650297
30000	0.990000	0.000000	0.000000	10.037643	0.648960
35000	0.990000	0.000000	0.000000	10.068584	0.648293
40000	0.990000	0.000000	0.000000	10.084151	0.647958
45000	0.990000	0.000000	0.000000	10.091999	0.647789
50000	0.990000	0.000000	0.000000	10.095959	0.647704
55000	0.990000	0.000000	0.000000	10.097959	0.647661
60000	0.990000	0.000000	0.000000	10.098969	0.647639
65000	0.990000	0.000000	0.000000	10.099479	0.647628
70000	0.990000	0.000000	0.000000	10.099737	0.647622
75000	0.990000	0.000000	0.000000	10.099867	0.647620
80000	0.990000	0.000000	0.000000	10.099933	0.647618
85000	0.990000	0.000000	0.000000	10.099966	0.647617
90000	0.990000	0.000000	0.000000	10.099983	0.647617
95000	0.990000	0.000000	0.000000	10.099991	0.647617
100000	0.990000	0.000000	0.000000	10.099996	0.647617

var1: 0.000000	 var2: 3.500000
gen	A2		B2		diseq		zbar		sexrat
0	0.990000	0.000000			3.000000	
5000	0.990000	0.000000	0.000000	7.790415	0.702086
10000	0.990000	0.000000	0.000000	9.056842	0.670974
15000	0.990000	0.000000	0.000000	9.597394	0.658633
20000	0.990000	0.000000	0.000000	9.851667	0.653006
25000	0.990000	0.000000	0.000000	9.975899	0.650297
30000	0.990000	0.000000	0.000000	10.037643	0.648960
35000	0.990000	0.000000	0.000000	10.068584	0.648293
40000	0.990000	0.000000	0.000000	10.084151	0.647958
45000	0.990000	0.000000	0.000000	10.091999	0.647789
50000	0.990000	0.000000	0.000000	10.095959	0.647704
55000	0.990000	0.000000	0.000000	10.097959	0.647661
60000	0.990000	0.000000	0.000000	10.098969	0.647639
65000	0.990000	0.000000	0.000000	10.099479	0.647628
70000	0.990000	0.000000	0.000000	10.099737	0.647622
75000	0.990000	0.000000	0.000000	10.099867	0.647620
80000	0.990000	0.000000	0.000000	10.099933	0.647618
85000	0.990000	0.000000	0.000000	10.099966	0.647617
90000	0.990000	0.000000	0.000000	10.099983	0.647617
95000	0.990000	0.000000	0.000000	10.099991	0.647617
100000	0.990000	0.000000	0.000000	10.099996	0.647617

var1: 0.000000	 var2: 3.600000
gen	A2		B2		diseq		zbar		sexrat
0	0.990000	0.000000			3.000000	
5000	0.990000	0.000000	0.000000	7.790415	0.702086
10000	0.990000	0.000000	0.000000	9.056842	0.670974
15000	0.990000	0.000000	0.000000	9.597394	0.658633
20000	0.990000	0.000000	0.000000	9.851667	0.653006
25000	0.990000	0.000000	0.000000	9.975899	0.650297
30000	0.990000	0.000000	0.000000	10.037643	0.648960
35000	0.990000	0.000000	0.000000	10.068584	0.648293
40000	0.990000	0.000000	0.000000	10.084151	0.647958
45000	0.990000	0.000000	0.000000	10.091999	0.647789
50000	0.990000	0.000000	0.000000	10.095959	0.647704
55000	0.990000	0.000000	0.000000	10.097959	0.647661
60000	0.990000	0.000000	0.000000	10.098969	0.647639
65000	0.990000	0.000000	0.000000	10.099479	0.647628
70000	0.990000	0.000000	0.000000	10.099737	0.647622
75000	0.990000	0.000000	0.000000	10.099867	0.647620
80000	0.990000	0.000000	0.000000	10.099933	0.647618
85000	0.990000	0.000000	0.000000	10.099966	0.647617
90000	0.990000	0.000000	0.000000	10.099983	0.647617
95000	0.990000	0.000000	0.000000	10.099991	0.647617
100000	0.990000	0.000000	0.000000	10.099996	0.647617

var1: 0.000000	 var2: 3.700000
gen	A2		B2		diseq		zbar		sexrat
0	0.990000	0.000000			3.000000	
5000	0.990000	0.000000	0.000000	7.790415	0.702086
10000	0.990000	0.000000	0.000000	9.056842	0.670974
15000	0.990000	0.000000	0.000000	9.597394	0.658633
20000	0.990000	0.000000	0.000000	9.851667	0.653006
25000	0.990000	0.000000	0.000000	9.975899	0.650297
30000	0.990000	0.000000	0.000000	10.037643	0.648960
35000	0.990000	0.000000	0.000000	10.068584	0.648293
40000	0.990000	0.000000	0.000000	10.084151	0.647958
45000	0.990000	0.000000	0.000000	10.091999	0.647789
50000	0.990000	0.000000	0.000000	10.095959	0.647704
55000	0.990000	0.000000	0.000000	10.097959	0.647661
60000	0.990000	0.000000	0.000000	10.098969	0.647639
65000	0.990000	0.000000	0.000000	10.099479	0.647628
70000	0.990000	0.000000	0.000000	10.099737	0.647622
75000	0.990000	0.000000	0.000000	10.099867	0.647620
80000	0.990000	0.000000	0.000000	10.099933	0.647618
85000	0.990000	0.000000	0.000000	10.099966	0.647617
90000	0.990000	0.000000	0.000000	10.099983	0.647617
95000	0.990000	0.000000	0.000000	10.099991	0.647617
100000	0.990000	0.000000	0.000000	10.099996	0.647617

var1: 0.000000	 var2: 3.800000
gen	A2		B2		diseq		zbar		sexrat
0	0.990000	0.000000			3.000000	
5000	0.990000	0.000000	0.000000	7.790415	0.702086
10000	0.990000	0.000000	0.000000	9.056842	0.670974
15000	0.990000	0.000000	0.000000	9.597394	0.658633
20000	0.990000	0.000000	0.000000	9.851667	0.653006
25000	0.990000	0.000000	0.000000	9.975899	0.650297
30000	0.990000	0.000000	0.000000	10.037643	0.648960
35000	0.990000	0.000000	0.000000	10.068584	0.648293
40000	0.990000	0.000000	0.000000	10.084151	0.647958
45000	0.990000	0.000000	0.000000	10.091999	0.647789
50000	0.990000	0.000000	0.000000	10.095959	0.647704
55000	0.990000	0.000000	0.000000	10.097959	0.647661
60000	0.990000	0.000000	0.000000	10.098969	0.647639
65000	0.990000	0.000000	0.000000	10.099479	0.647628
70000	0.990000	0.000000	0.000000	10.099737	0.647622
75000	0.990000	0.000000	0.000000	10.099867	0.647620
80000	0.990000	0.000000	0.000000	10.099933	0.647618
85000	0.990000	0.000000	0.000000	10.099966	0.647617
90000	0.990000	0.000000	0.000000	10.099983	0.647617
95000	0.990000	0.000000	0.000000	10.099991	0.647617
100000	0.990000	0.000000	0.000000	10.099996	0.647617

var1: 0.000000	 var2: 3.900000
gen	A2		B2		diseq		zbar		sexrat
0	0.990000	0.000000			3.000000	
5000	0.990000	0.000000	0.000000	7.790415	0.702086
10000	0.990000	0.000000	0.000000	9.056842	0.670974
15000	0.990000	0.000000	0.000000	9.597394	0.658633
20000	0.990000	0.000000	0.000000	9.851667	0.653006
25000	0.990000	0.000000	0.000000	9.975899	0.650297
30000	0.990000	0.000000	0.000000	10.037643	0.648960
35000	0.990000	0.000000	0.000000	10.068584	0.648293
40000	0.990000	0.000000	0.000000	10.084151	0.647958
45000	0.990000	0.000000	0.000000	10.091999	0.647789
50000	0.990000	0.000000	0.000000	10.095959	0.647704
55000	0.990000	0.000000	0.000000	10.097959	0.647661
60000	0.990000	0.000000	0.000000	10.098969	0.647639
65000	0.990000	0.000000	0.000000	10.099479	0.647628
70000	0.990000	0.000000	0.000000	10.099737	0.647622
75000	0.990000	0.000000	0.000000	10.099867	0.647620
80000	0.990000	0.000000	0.000000	10.099933	0.647618
85000	0.990000	0.000000	0.000000	10.099966	0.647617
90000	0.990000	0.000000	0.000000	10.099983	0.647617
95000	0.990000	0.000000	0.000000	10.099991	0.647617
100000	0.990000	0.000000	0.000000	10.099996	0.647617

var1: 0.000000	 var2: 4.000000
gen	A2		B2		diseq		zbar		sexrat
0	0.990000	0.000000			3.000000	
5000	0.990000	0.000000	0.000000	7.790415	0.702086
10000	0.990000	0.000000	0.000000	9.056842	0.670974
15000	0.990000	0.000000	0.000000	9.597394	0.658633
20000	0.990000	0.000000	0.000000	9.851667	0.653006
25000	0.990000	0.000000	0.000000	9.975899	0.650297
30000	0.990000	0.000000	0.000000	10.037643	0.648960
35000	0.990000	0.000000	0.000000	10.068584	0.648293
40000	0.990000	0.000000	0.000000	10.084151	0.647958
45000	0.990000	0.000000	0.000000	10.091999	0.647789
50000	0.990000	0.000000	0.000000	10.095959	0.647704
55000	0.990000	0.000000	0.000000	10.097959	0.647661
60000	0.990000	0.000000	0.000000	10.098969	0.647639
65000	0.990000	0.000000	0.000000	10.099479	0.647628
70000	0.990000	0.000000	0.000000	10.099737	0.647622
75000	0.990000	0.000000	0.000000	10.099867	0.647620
80000	0.990000	0.000000	0.000000	10.099933	0.647618
85000	0.990000	0.000000	0.000000	10.099966	0.647617
90000	0.990000	0.000000	0.000000	10.099983	0.647617
95000	0.990000	0.000000	0.000000	10.099991	0.647617
100000	0.990000	0.000000	0.000000	10.099996	0.647617

var1: 0.002500	 var2: 0.000000
gen	A2		B2		diseq		zbar		sexrat
0	0.990000	0.000000			3.000000	
5000	0.990000	0.000000	0.000000	7.611788	0.764414
10000	0.990000	0.000000	0.000000	8.647306	0.741856
15000	0.990000	0.000000	0.000000	9.016780	0.734196
20000	0.990000	0.000000	0.000000	9.159930	0.731281
25000	0.990000	0.000000	0.000000	9.216944	0.730128
30000	0.990000	0.000000	0.000000	9.239891	0.729665
35000	0.990000	0.000000	0.000000	9.249164	0.729478
40000	0.990000	0.000000	0.000000	9.252918	0.729402
45000	0.990000	0.000000	0.000000	9.254438	0.729372
50000	0.990000	0.000000	0.000000	9.255054	0.729359
55000	0.990000	0.000000	0.000000	9.255304	0.729354
60000	0.990000	0.000000	0.000000	9.255405	0.729352
65000	0.990000	0.000000	0.000000	9.255446	0.729351
70000	0.990000	0.000000	0.000000	9.255463	0.729351
75000	0.990000	0.000000	0.000000	9.255469	0.729351
80000	0.990000	0.000000	0.000000	9.255472	0.729351
85000	0.990000	0.000000	0.000000	9.255473	0.729351
90000	0.990000	0.000000	0.000000	9.255474	0.729351
95000	0.990000	0.000000	0.000000	9.255474	0.729351
100000	0.990000	0.000000	0.000000	9.255474	0.729351

var1: 0.002500	 var2: 0.100000
gen	A2		B2		diseq		zbar		sexrat
0	0.990000	0.000000			3.000000	
5000	0.990000	0.000000	0.000000	7.611788	0.764414
10000	0.990000	0.000000	0.000000	8.647306	0.741856
15000	0.990000	0.000000	0.000000	9.016780	0.734196
20000	0.990000	0.000000	0.000000	9.159930	0.731281
25000	0.990000	0.000000	0.000000	9.216944	0.730128
30000	0.990000	0.000000	0.000000	9.239891	0.729665
35000	0.990000	0.000000	0.000000	9.249164	0.729478
40000	0.990000	0.000000	0.000000	9.252918	0.729402
45000	0.990000	0.000000	0.000000	9.254438	0.729372
50000	0.990000	0.000000	0.000000	9.255054	0.729359
55000	0.990000	0.000000	0.000000	9.255304	0.729354
60000	0.990000	0.000000	0.000000	9.255405	0.729352
65000	0.990000	0.000000	0.000000	9.255446	0.729351
70000	0.990000	0.000000	0.000000	9.255463	0.729351
75000	0.990000	0.000000	0.000000	9.255469	0.729351
80000	0.990000	0.000000	0.000000	9.255472	0.729351
85000	0.990000	0.000000	0.000000	9.255473	0.729351
90000	0.990000	0.000000	0.000000	9.255474	0.729351
95000	0.990000	0.000000	0.000000	9.255474	0.729351
100000	0.990000	0.000000	0.000000	9.255474	0.729351

var1: 0.002500	 var2: 0.200000
gen	A2		B2		diseq		zbar		sexrat
0	0.990000	0.000000			3.000000	
5000	0.990000	0.000000	0.000000	7.611788	0.764414
10000	0.990000	0.000000	0.000000	8.647306	0.741856
15000	0.990000	0.000000	0.000000	9.016780	0.734196
20000	0.990000	0.000000	0.000000	9.159930	0.731281
25000	0.990000	0.000000	0.000000	9.216944	0.730128
30000	0.990000	0.000000	0.000000	9.239891	0.729665
35000	0.990000	0.000000	0.000000	9.249164	0.729478
40000	0.990000	0.000000	0.000000	9.252918	0.729402
45000	0.990000	0.000000	0.000000	9.254438	0.729372
50000	0.990000	0.000000	0.000000	9.255054	0.729359
55000	0.990000	0.000000	0.000000	9.255304	0.729354
60000	0.990000	0.000000	0.000000	9.255405	0.729352
65000	0.990000	0.000000	0.000000	9.255446	0.729351
70000	0.990000	0.000000	0.000000	9.255463	0.729351
75000	0.990000	0.000000	0.000000	9.255469	0.729351
80000	0.990000	0.000000	0.000000	9.255472	0.729351
85000	0.990000	0.000000	0.000000	9.255473	0.729351
90000	0.990000	0.000000	0.000000	9.255474	0.729351
95000	0.990000	0.000000	0.000000	9.255474	0.729351
100000	0.990000	0.000000	0.000000	9.255474	0.729351

var1: 0.002500	 var2: 0.300000
gen	A2		B2		diseq		zbar		sexrat
0	0.990000	0.000000			3.000000	
5000	0.990000	0.000000	0.000000	7.611788	0.764414
10000	0.990000	0.000000	0.000000	8.647306	0.741856
15000	0.990000	0.000000	0.000000	9.016780	0.734196
20000	0.990000	0.000000	0.000000	9.159930	0.731281
25000	0.990000	0.000000	0.000000	9.216944	0.730128
30000	0.990000	0.000000	0.000000	9.239891	0.729665
35000	0.990000	0.000000	0.000000	9.249164	0.729478
40000	0.990000	0.000000	0.000000	9.252918	0.729402
45000	0.990000	0.000000	0.000000	9.254438	0.729372
50000	0.990000	0.000000	0.000000	9.255054	0.729359
55000	0.990000	0.000000	0.000000	9.255304	0.729354
60000	0.990000	0.000000	0.000000	9.255405	0.729352
65000	0.990000	0.000000	0.000000	9.255446	0.729351
70000	0.990000	0.000000	0.000000	9.255463	0.729351
75000	0.990000	0.000000	0.000000	9.255469	0.729351
80000	0.990000	0.000000	0.000000	9.255472	0.729351
85000	0.990000	0.000000	0.000000	9.255473	0.729351
90000	0.990000	0.000000	0.000000	9.255474	0.729351
95000	0.990000	0.000000	0.000000	9.255474	0.729351
100000	0.990000	0.000000	0.000000	9.255474	0.729351

var1: 0.002500	 var2: 0.400000
gen	A2		B2		diseq		zbar		sexrat
0	0.990000	0.000000			3.000000	
5000	0.990000	0.000000	0.000000	7.611788	0.764414
10000	0.990000	0.000000	0.000000	8.647306	0.741856
15000	0.990000	0.000000	0.000000	9.016780	0.734196
20000	0.990000	0.000000	0.000000	9.159930	0.731281
25000	0.990000	0.000000	0.000000	9.216944	0.730128
30000	0.990000	0.000000	0.000000	9.239891	0.729665
35000	0.990000	0.000000	0.000000	9.249164	0.729478
40000	0.990000	0.000000	0.000000	9.252918	0.729402
45000	0.990000	0.000000	0.000000	9.254438	0.729372
50000	0.990000	0.000000	0.000000	9.255054	0.729359
55000	0.990000	0.000000	0.000000	9.255304	0.729354
60000	0.990000	0.000000	0.000000	9.255405	0.729352
65000	0.990000	0.000000	0.000000	9.255446	0.729351
70000	0.990000	0.000000	0.000000	9.255463	0.729351
75000	0.990000	0.000000	0.000000	9.255469	0.729351
80000	0.990000	0.000000	0.000000	9.255472	0.729351
85000	0.990000	0.000000	0.000000	9.255473	0.729351
90000	0.990000	0.000000	0.000000	9.255474	0.729351
95000	0.990000	0.000000	0.000000	9.255474	0.729351
100000	0.990000	0.000000	0.000000	9.255474	0.729351

var1: 0.002500	 var2: 0.500000
gen	A2		B2		diseq		zbar		sexrat
0	0.990000	0.000000			3.000000	
5000	0.990000	0.000000	0.000000	7.611788	0.764414
10000	0.990000	0.000000	0.000000	8.647306	0.741856
15000	0.990000	0.000000	0.000000	9.016780	0.734196
20000	0.990000	0.000000	0.000000	9.159930	0.731281
25000	0.990000	0.000000	0.000000	9.216944	0.730128
30000	0.990000	0.000000	0.000000	9.239891	0.729665
35000	0.990000	0.000000	0.000000	9.249164	0.729478
40000	0.990000	0.000000	0.000000	9.252918	0.729402
45000	0.990000	0.000000	0.000000	9.254438	0.729372
50000	0.990000	0.000000	0.000000	9.255054	0.729359
55000	0.990000	0.000000	0.000000	9.255304	0.729354
60000	0.990000	0.000000	0.000000	9.255405	0.729352
65000	0.990000	0.000000	0.000000	9.255446	0.729351
70000	0.990000	0.000000	0.000000	9.255463	0.729351
75000	0.990000	0.000000	0.000000	9.255469	0.729351
80000	0.990000	0.000000	0.000000	9.255472	0.729351
85000	0.990000	0.000000	0.000000	9.255473	0.729351
90000	0.990000	0.000000	0.000000	9.255474	0.729351
95000	0.990000	0.000000	0.000000	9.255474	0.729351
100000	0.990000	0.000000	0.000000	9.255474	0.729351

var1: 0.002500	 var2: 0.600000
gen	A2		B2		diseq		zbar		sexrat
0	0.990000	0.000000			3.000000	
5000	0.990000	0.000000	0.000000	7.611788	0.764414
10000	0.990000	0.000000	0.000000	8.647306	0.741856
15000	0.990000	0.000000	0.000000	9.016780	0.734196
20000	0.990000	0.000000	0.000000	9.159930	0.731281
25000	0.990000	0.000000	0.000000	9.216944	0.730128
30000	0.990000	0.000000	0.000000	9.239891	0.729665
35000	0.990000	0.000000	0.000000	9.249164	0.729478
40000	0.990000	0.000000	0.000000	9.252918	0.729402
45000	0.990000	0.000000	0.000000	9.254438	0.729372
50000	0.990000	0.000000	0.000000	9.255054	0.729359
55000	0.990000	0.000000	0.000000	9.255304	0.729354
60000	0.990000	0.000000	0.000000	9.255405	0.729352
65000	0.990000	0.000000	0.000000	9.255446	0.729351
70000	0.990000	0.000000	0.000000	9.255463	0.729351
75000	0.990000	0.000000	0.000000	9.255469	0.729351
80000	0.990000	0.000000	0.000000	9.255472	0.729351
85000	0.990000	0.000000	0.000000	9.255473	0.729351
90000	0.990000	0.000000	0.000000	9.255474	0.729351
95000	0.990000	0.000000	0.000000	9.255474	0.729351
100000	0.990000	0.000000	0.000000	9.255474	0.729351

var1: 0.002500	 var2: 0.700000
gen	A2		B2		diseq		zbar		sexrat
0	0.990000	0.000000			3.000000	
5000	0.990000	0.000000	0.000000	7.611788	0.764414
10000	0.990000	0.000000	0.000000	8.647306	0.741856
15000	0.990000	0.000000	0.000000	9.016780	0.734196
20000	0.990000	0.000000	0.000000	9.159930	0.731281
25000	0.990000	0.000000	0.000000	9.216944	0.730128
30000	0.990000	0.000000	0.000000	9.239891	0.729665
35000	0.990000	0.000000	0.000000	9.249164	0.729478
40000	0.990000	0.000000	0.000000	9.252918	0.729402
45000	0.990000	0.000000	0.000000	9.254438	0.729372
50000	0.990000	0.000000	0.000000	9.255054	0.729359
55000	0.990000	0.000000	0.000000	9.255304	0.729354
60000	0.990000	0.000000	0.000000	9.255405	0.729352
65000	0.990000	0.000000	0.000000	9.255446	0.729351
70000	0.990000	0.000000	0.000000	9.255463	0.729351
75000	0.990000	0.000000	0.000000	9.255469	0.729351
80000	0.990000	0.000000	0.000000	9.255472	0.729351
85000	0.990000	0.000000	0.000000	9.255473	0.729351
90000	0.990000	0.000000	0.000000	9.255474	0.729351
95000	0.990000	0.000000	0.000000	9.255474	0.729351
100000	0.990000	0.000000	0.000000	9.255474	0.729351

var1: 0.002500	 var2: 0.800000
gen	A2		B2		diseq		zbar		sexrat
0	0.990000	0.000000			3.000000	
5000	0.990000	0.000000	0.000000	7.611788	0.764414
10000	0.990000	0.000000	0.000000	8.647306	0.741856
15000	0.990000	0.000000	0.000000	9.016780	0.734196
20000	0.990000	0.000000	0.000000	9.159930	0.731281
25000	0.990000	0.000000	0.000000	9.216944	0.730128
30000	0.990000	0.000000	0.000000	9.239891	0.729665
35000	0.990000	0.000000	0.000000	9.249164	0.729478
40000	0.990000	0.000000	0.000000	9.252918	0.729402
45000	0.990000	0.000000	0.000000	9.254438	0.729372
50000	0.990000	0.000000	0.000000	9.255054	0.729359
55000	0.990000	0.000000	0.000000	9.255304	0.729354
60000	0.990000	0.000000	0.000000	9.255405	0.729352
65000	0.990000	0.000000	0.000000	9.255446	0.729351
70000	0.990000	0.000000	0.000000	9.255463	0.729351
75000	0.990000	0.000000	0.000000	9.255469	0.729351
80000	0.990000	0.000000	0.000000	9.255472	0.729351
85000	0.990000	0.000000	0.000000	9.255473	0.729351
90000	0.990000	0.000000	0.000000	9.255474	0.729351
95000	0.990000	0.000000	0.000000	9.255474	0.729351
100000	0.990000	0.000000	0.000000	9.255474	0.729351

var1: 0.002500	 var2: 0.900000
gen	A2		B2		diseq		zbar		sexrat
0	0.990000	0.000000			3.000000	
5000	0.990000	0.000000	0.000000	7.611788	0.764414
10000	0.990000	0.000000	0.000000	8.647306	0.741856
15000	0.990000	0.000000	0.000000	9.016780	0.734196
20000	0.990000	0.000000	0.000000	9.159930	0.731281
25000	0.990000	0.000000	0.000000	9.216944	0.730128
30000	0.990000	0.000000	0.000000	9.239891	0.729665
35000	0.990000	0.000000	0.000000	9.249164	0.729478
40000	0.990000	0.000000	0.000000	9.252918	0.729402
45000	0.990000	0.000000	0.000000	9.254438	0.729372
50000	0.990000	0.000000	0.000000	9.255054	0.729359
55000	0.990000	0.000000	0.000000	9.255304	0.729354
60000	0.990000	0.000000	0.000000	9.255405	0.729352
65000	0.990000	0.000000	0.000000	9.255446	0.729351
70000	0.990000	0.000000	0.000000	9.255463	0.729351
75000	0.990000	0.000000	0.000000	9.255469	0.729351
80000	0.990000	0.000000	0.000000	9.255472	0.729351
85000	0.990000	0.000000	0.000000	9.255473	0.729351
90000	0.990000	0.000000	0.000000	9.255474	0.729351
95000	0.990000	0.000000	0.000000	9.255474	0.729351
100000	0.990000	0.000000	0.000000	9.255474	0.729351

var1: 0.002500	 var2: 1.000000
gen	A2		B2		diseq		zbar		sexrat
0	0.990000	0.000000			3.000000	
5000	0.990000	0.000000	0.000000	7.611788	0.764414
10000	0.990000	0.000000	0.000000	8.647306	0.741856
15000	0.990000	0.000000	0.000000	9.016780	0.734196
20000	0.990000	0.000000	0.000000	9.159930	0.731281
25000	0.990000	0.000000	0.000000	9.216944	0.730128
30000	0.990000	0.000000	0.000000	9.239891	0.729665
35000	0.990000	0.000000	0.000000	9.249164	0.729478
40000	0.990000	0.000000	0.000000	9.252918	0.729402
45000	0.990000	0.000000	0.000000	9.254438	0.729372
50000	0.990000	0.000000	0.000000	9.255054	0.729359
55000	0.990000	0.000000	0.000000	9.255304	0.729354
60000	0.990000	0.000000	0.000000	9.255405	0.729352
65000	0.990000	0.000000	0.000000	9.255446	0.729351
70000	0.990000	0.000000	0.000000	9.255463	0.729351
75000	0.990000	0.000000	0.000000	9.255469	0.729351
80000	0.990000	0.000000	0.000000	9.255472	0.729351
85000	0.990000	0.000000	0.000000	9.255473	0.729351
90000	0.990000	0.000000	0.000000	9.255474	0.729351
95000	0.990000	0.000000	0.000000	9.255474	0.729351
100000	0.990000	0.000000	0.000000	9.255474	0.729351

var1: 0.002500	 var2: 1.100000
gen	A2		B2		diseq		zbar		sexrat
0	0.990000	0.000000			3.000000	
5000	0.990000	0.000000	0.000000	7.611788	0.764414
10000	0.990000	0.000000	0.000000	8.647306	0.741856
15000	0.990000	0.000000	0.000000	9.016780	0.734196
20000	0.990000	0.000000	0.000000	9.159930	0.731281
25000	0.990000	0.000000	0.000000	9.216944	0.730128
30000	0.990000	0.000000	0.000000	9.239891	0.729665
35000	0.990000	0.000000	0.000000	9.249164	0.729478
40000	0.990000	0.000000	0.000000	9.252918	0.729402
45000	0.990000	0.000000	0.000000	9.254438	0.729372
50000	0.990000	0.000000	0.000000	9.255054	0.729359
55000	0.990000	0.000000	0.000000	9.255304	0.729354
60000	0.990000	0.000000	0.000000	9.255405	0.729352
65000	0.990000	0.000000	0.000000	9.255446	0.729351
70000	0.990000	0.000000	0.000000	9.255463	0.729351
75000	0.990000	0.000000	0.000000	9.255469	0.729351
80000	0.990000	0.000000	0.000000	9.255472	0.729351
85000	0.990000	0.000000	0.000000	9.255473	0.729351
90000	0.990000	0.000000	0.000000	9.255474	0.729351
95000	0.990000	0.000000	0.000000	9.255474	0.729351
100000	0.990000	0.000000	0.000000	9.255474	0.729351

var1: 0.002500	 var2: 1.200000
gen	A2		B2		diseq		zbar		sexrat
0	0.990000	0.000000			3.000000	
5000	0.990000	0.000000	0.000000	7.611788	0.764414
10000	0.990000	0.000000	0.000000	8.647306	0.741856
15000	0.990000	0.000000	0.000000	9.016780	0.734196
20000	0.990000	0.000000	0.000000	9.159930	0.731281
25000	0.990000	0.000000	0.000000	9.216944	0.730128
30000	0.990000	0.000000	0.000000	9.239891	0.729665
35000	0.990000	0.000000	0.000000	9.249164	0.729478
40000	0.990000	0.000000	0.000000	9.252918	0.729402
45000	0.990000	0.000000	0.000000	9.254438	0.729372
50000	0.990000	0.000000	0.000000	9.255054	0.729359
55000	0.990000	0.000000	0.000000	9.255304	0.729354
60000	0.990000	0.000000	0.000000	9.255405	0.729352
65000	0.990000	0.000000	0.000000	9.255446	0.729351
70000	0.990000	0.000000	0.000000	9.255463	0.729351
75000	0.990000	0.000000	0.000000	9.255469	0.729351
80000	0.990000	0.000000	0.000000	9.255472	0.729351
85000	0.990000	0.000000	0.000000	9.255473	0.729351
90000	0.990000	0.000000	0.000000	9.255474	0.729351
95000	0.990000	0.000000	0.000000	9.255474	0.729351
100000	0.990000	0.000000	0.000000	9.255474	0.729351

var1: 0.002500	 var2: 1.300000
gen	A2		B2		diseq		zbar		sexrat
0	0.990000	0.000000			3.000000	
5000	0.990000	0.000000	0.000000	7.611788	0.764414
10000	0.990000	0.000000	0.000000	8.647306	0.741856
15000	0.990000	0.000000	0.000000	9.016780	0.734196
20000	0.990000	0.000000	0.000000	9.159930	0.731281
25000	0.990000	0.000000	0.000000	9.216944	0.730128
30000	0.990000	0.000000	0.000000	9.239891	0.729665
35000	0.990000	0.000000	0.000000	9.249164	0.729478
40000	0.990000	0.000000	0.000000	9.252918	0.729402
45000	0.990000	0.000000	0.000000	9.254438	0.729372
50000	0.990000	0.000000	0.000000	9.255054	0.729359
55000	0.990000	0.000000	0.000000	9.255304	0.729354
60000	0.990000	0.000000	0.000000	9.255405	0.729352
65000	0.990000	0.000000	0.000000	9.255446	0.729351
70000	0.990000	0.000000	0.000000	9.255463	0.729351
75000	0.990000	0.000000	0.000000	9.255469	0.729351
80000	0.990000	0.000000	0.000000	9.255472	0.729351
85000	0.990000	0.000000	0.000000	9.255473	0.729351
90000	0.990000	0.000000	0.000000	9.255474	0.729351
95000	0.990000	0.000000	0.000000	9.255474	0.729351
100000	0.990000	0.000000	0.000000	9.255474	0.729351

var1: 0.002500	 var2: 1.400000
gen	A2		B2		diseq		zbar		sexrat
0	0.990000	0.000000			3.000000	
5000	0.990000	0.000000	0.000000	7.611788	0.764414
10000	0.990000	0.000000	0.000000	8.647306	0.741856
15000	0.990000	0.000000	0.000000	9.016780	0.734196
20000	0.990000	0.000000	0.000000	9.159930	0.731281
25000	0.990000	0.000000	0.000000	9.216944	0.730128
30000	0.990000	0.000000	0.000000	9.239891	0.729665
35000	0.990000	0.000000	0.000000	9.249164	0.729478
40000	0.990000	0.000000	0.000000	9.252918	0.729402
45000	0.990000	0.000000	0.000000	9.254438	0.729372
50000	0.990000	0.000000	0.000000	9.255054	0.729359
55000	0.990000	0.000000	0.000000	9.255304	0.729354
60000	0.990000	0.000000	0.000000	9.255405	0.729352
65000	0.990000	0.000000	0.000000	9.255446	0.729351
70000	0.990000	0.000000	0.000000	9.255463	0.729351
75000	0.990000	0.000000	0.000000	9.255469	0.729351
80000	0.990000	0.000000	0.000000	9.255472	0.729351
85000	0.990000	0.000000	0.000000	9.255473	0.729351
90000	0.990000	0.000000	0.000000	9.255474	0.729351
95000	0.990000	0.000000	0.000000	9.255474	0.729351
100000	0.990000	0.000000	0.000000	9.255474	0.729351

var1: 0.002500	 var2: 1.500000
gen	A2		B2		diseq		zbar		sexrat
0	0.990000	0.000000			3.000000	
5000	0.990000	0.000000	0.000000	7.611788	0.764414
10000	0.990000	0.000000	0.000000	8.647306	0.741856
15000	0.990000	0.000000	0.000000	9.016780	0.734196
20000	0.990000	0.000000	0.000000	9.159930	0.731281
25000	0.990000	0.000000	0.000000	9.216944	0.730128
30000	0.990000	0.000000	0.000000	9.239891	0.729665
35000	0.990000	0.000000	0.000000	9.249164	0.729478
40000	0.990000	0.000000	0.000000	9.252918	0.729402
45000	0.990000	0.000000	0.000000	9.254438	0.729372
50000	0.990000	0.000000	0.000000	9.255054	0.729359
55000	0.990000	0.000000	0.000000	9.255304	0.729354
60000	0.990000	0.000000	0.000000	9.255405	0.729352
65000	0.990000	0.000000	0.000000	9.255446	0.729351
70000	0.990000	0.000000	0.000000	9.255463	0.729351
75000	0.990000	0.000000	0.000000	9.255469	0.729351
80000	0.990000	0.000000	0.000000	9.255472	0.729351
85000	0.990000	0.000000	0.000000	9.255473	0.729351
90000	0.990000	0.000000	0.000000	9.255474	0.729351
95000	0.990000	0.000000	0.000000	9.255474	0.729351
100000	0.990000	0.000000	0.000000	9.255474	0.729351

var1: 0.002500	 var2: 1.600000
gen	A2		B2		diseq		zbar		sexrat
0	0.990000	0.000000			3.000000	
5000	0.990000	0.000000	0.000000	7.611788	0.764414
10000	0.990000	0.000000	0.000000	8.647306	0.741856
15000	0.990000	0.000000	0.000000	9.016780	0.734196
20000	0.990000	0.000000	0.000000	9.159930	0.731281
25000	0.990000	0.000000	0.000000	9.216944	0.730128
30000	0.990000	0.000000	0.000000	9.239891	0.729665
35000	0.990000	0.000000	0.000000	9.249164	0.729478
40000	0.990000	0.000000	0.000000	9.252918	0.729402
45000	0.990000	0.000000	0.000000	9.254438	0.729372
50000	0.990000	0.000000	0.000000	9.255054	0.729359
55000	0.990000	0.000000	0.000000	9.255304	0.729354
60000	0.990000	0.000000	0.000000	9.255405	0.729352
65000	0.990000	0.000000	0.000000	9.255446	0.729351
70000	0.990000	0.000000	0.000000	9.255463	0.729351
75000	0.990000	0.000000	0.000000	9.255469	0.729351
80000	0.990000	0.000000	0.000000	9.255472	0.729351
85000	0.990000	0.000000	0.000000	9.255473	0.729351
90000	0.990000	0.000000	0.000000	9.255474	0.729351
95000	0.990000	0.000000	0.000000	9.255474	0.729351
100000	0.990000	0.000000	0.000000	9.255474	0.729351

var1: 0.002500	 var2: 1.700000
gen	A2		B2		diseq		zbar		sexrat
0	0.990000	0.000000			3.000000	
5000	0.990000	0.000000	0.000000	7.611788	0.764414
10000	0.990000	0.000000	0.000000	8.647306	0.741856
15000	0.990000	0.000000	0.000000	9.016780	0.734196
20000	0.990000	0.000000	0.000000	9.159930	0.731281
25000	0.990000	0.000000	0.000000	9.216944	0.730128
30000	0.990000	0.000000	0.000000	9.239891	0.729665
35000	0.990000	0.000000	0.000000	9.249164	0.729478
40000	0.990000	0.000000	0.000000	9.252918	0.729402
45000	0.990000	0.000000	0.000000	9.254438	0.729372
50000	0.990000	0.000000	0.000000	9.255054	0.729359
55000	0.990000	0.000000	0.000000	9.255304	0.729354
60000	0.990000	0.000000	0.000000	9.255405	0.729352
65000	0.990000	0.000000	0.000000	9.255446	0.729351
70000	0.990000	0.000000	0.000000	9.255463	0.729351
75000	0.990000	0.000000	0.000000	9.255469	0.729351
80000	0.990000	0.000000	0.000000	9.255472	0.729351
85000	0.990000	0.000000	0.000000	9.255473	0.729351
90000	0.990000	0.000000	0.000000	9.255474	0.729351
95000	0.990000	0.000000	0.000000	9.255474	0.729351
100000	0.990000	0.000000	0.000000	9.255474	0.729351

var1: 0.002500	 var2: 1.800000
gen	A2		B2		diseq		zbar		sexrat
0	0.990000	0.000000			3.000000	
5000	0.990000	0.000000	0.000000	7.611788	0.764414
10000	0.990000	0.000000	0.000000	8.647306	0.741856
15000	0.990000	0.000000	0.000000	9.016780	0.734196
20000	0.990000	0.000000	0.000000	9.159930	0.731281
25000	0.990000	0.000000	0.000000	9.216944	0.730128
30000	0.990000	0.000000	0.000000	9.239891	0.729665
35000	0.990000	0.000000	0.000000	9.249164	0.729478
40000	0.990000	0.000000	0.000000	9.252918	0.729402
45000	0.990000	0.000000	0.000000	9.254438	0.729372
50000	0.990000	0.000000	0.000000	9.255054	0.729359
55000	0.990000	0.000000	0.000000	9.255304	0.729354
60000	0.990000	0.000000	0.000000	9.255405	0.729352
65000	0.990000	0.000000	0.000000	9.255446	0.729351
70000	0.990000	0.000000	0.000000	9.255463	0.729351
75000	0.990000	0.000000	0.000000	9.255469	0.729351
80000	0.990000	0.000000	0.000000	9.255472	0.729351
85000	0.990000	0.000000	0.000000	9.255473	0.729351
90000	0.990000	0.000000	0.000000	9.255474	0.729351
95000	0.990000	0.000000	0.000000	9.255474	0.729351
100000	0.990000	0.000000	0.000000	9.255474	0.729351

var1: 0.002500	 var2: 1.900000
gen	A2		B2		diseq		zbar		sexrat
0	0.990000	0.000000			3.000000	
5000	0.990000	0.000000	0.000000	7.611788	0.764414
10000	0.990000	0.000000	0.000000	8.647306	0.741856
15000	0.990000	0.000000	0.000000	9.016780	0.734196
20000	0.990000	0.000000	0.000000	9.159930	0.731281
25000	0.990000	0.000000	0.000000	9.216944	0.730128
30000	0.990000	0.000000	0.000000	9.239891	0.729665
35000	0.990000	0.000000	0.000000	9.249164	0.729478
40000	0.990000	0.000000	0.000000	9.252918	0.729402
45000	0.990000	0.000000	0.000000	9.254438	0.729372
50000	0.990000	0.000000	0.000000	9.255054	0.729359
55000	0.990000	0.000000	0.000000	9.255304	0.729354
60000	0.990000	0.000000	0.000000	9.255405	0.729352
65000	0.990000	0.000000	0.000000	9.255446	0.729351
70000	0.990000	0.000000	0.000000	9.255463	0.729351
75000	0.990000	0.000000	0.000000	9.255469	0.729351
80000	0.990000	0.000000	0.000000	9.255472	0.729351
85000	0.990000	0.000000	0.000000	9.255473	0.729351
90000	0.990000	0.000000	0.000000	9.255474	0.729351
95000	0.990000	0.000000	0.000000	9.255474	0.729351
100000	0.990000	0.000000	0.000000	9.255474	0.729351

var1: 0.002500	 var2: 2.000000
gen	A2		B2		diseq		zbar		sexrat
0	0.990000	0.000000			3.000000	
5000	0.990000	0.000000	0.000000	7.611788	0.764414
10000	0.990000	0.000000	0.000000	8.647306	0.741856
15000	0.990000	0.000000	0.000000	9.016780	0.734196
20000	0.990000	0.000000	0.000000	9.159930	0.731281
25000	0.990000	0.000000	0.000000	9.216944	0.730128
30000	0.990000	0.000000	0.000000	9.239891	0.729665
35000	0.990000	0.000000	0.000000	9.249164	0.729478
40000	0.990000	0.000000	0.000000	9.252918	0.729402
45000	0.990000	0.000000	0.000000	9.254438	0.729372
50000	0.990000	0.000000	0.000000	9.255054	0.729359
55000	0.990000	0.000000	0.000000	9.255304	0.729354
60000	0.990000	0.000000	0.000000	9.255405	0.729352
65000	0.990000	0.000000	0.000000	9.255446	0.729351
70000	0.990000	0.000000	0.000000	9.255463	0.729351
75000	0.990000	0.000000	0.000000	9.255469	0.729351
80000	0.990000	0.000000	0.000000	9.255472	0.729351
85000	0.990000	0.000000	0.000000	9.255473	0.729351
90000	0.990000	0.000000	0.000000	9.255474	0.729351
95000	0.990000	0.000000	0.000000	9.255474	0.729351
100000	0.990000	0.000000	0.000000	9.255474	0.729351

var1: 0.002500	 var2: 2.100000
gen	A2		B2		diseq		zbar		sexrat
0	0.990000	0.000000			3.000000	
5000	0.990000	0.000000	0.000000	7.611788	0.764414
10000	0.990000	0.000000	0.000000	8.647306	0.741856
15000	0.990000	0.000000	0.000000	9.016780	0.734196
20000	0.990000	0.000000	0.000000	9.159930	0.731281
25000	0.990000	0.000000	0.000000	9.216944	0.730128
30000	0.990000	0.000000	0.000000	9.239891	0.729665
35000	0.990000	0.000000	0.000000	9.249164	0.729478
40000	0.990000	0.000000	0.000000	9.252918	0.729402
45000	0.990000	0.000000	0.000000	9.254438	0.729372
50000	0.990000	0.000000	0.000000	9.255054	0.729359
55000	0.990000	0.000000	0.000000	9.255304	0.729354
60000	0.990000	0.000000	0.000000	9.255405	0.729352
65000	0.990000	0.000000	0.000000	9.255446	0.729351
70000	0.990000	0.000000	0.000000	9.255463	0.729351
75000	0.990000	0.000000	0.000000	9.255469	0.729351
80000	0.990000	0.000000	0.000000	9.255472	0.729351
85000	0.990000	0.000000	0.000000	9.255473	0.729351
90000	0.990000	0.000000	0.000000	9.255474	0.729351
95000	0.990000	0.000000	0.000000	9.255474	0.729351
100000	0.990000	0.000000	0.000000	9.255474	0.729351

var1: 0.002500	 var2: 2.200000
gen	A2		B2		diseq		zbar		sexrat
0	0.990000	0.000000			3.000000	
5000	0.990000	0.000000	0.000000	7.611788	0.764414
10000	0.990000	0.000000	0.000000	8.647306	0.741856
15000	0.990000	0.000000	0.000000	9.016780	0.734196
20000	0.990000	0.000000	0.000000	9.159930	0.731281
25000	0.990000	0.000000	0.000000	9.216944	0.730128
30000	0.990000	0.000000	0.000000	9.239891	0.729665
35000	0.990000	0.000000	0.000000	9.249164	0.729478
40000	0.990000	0.000000	0.000000	9.252918	0.729402
45000	0.990000	0.000000	0.000000	9.254438	0.729372
50000	0.990000	0.000000	0.000000	9.255054	0.729359
55000	0.990000	0.000000	0.000000	9.255304	0.729354
60000	0.990000	0.000000	0.000000	9.255405	0.729352
65000	0.990000	0.000000	0.000000	9.255446	0.729351
70000	0.990000	0.000000	0.000000	9.255463	0.729351
75000	0.990000	0.000000	0.000000	9.255469	0.729351
80000	0.990000	0.000000	0.000000	9.255472	0.729351
85000	0.990000	0.000000	0.000000	9.255473	0.729351
90000	0.990000	0.000000	0.000000	9.255474	0.729351
95000	0.990000	0.000000	0.000000	9.255474	0.729351
100000	0.990000	0.000000	0.000000	9.255474	0.729351

var1: 0.002500	 var2: 2.300000
gen	A2		B2		diseq		zbar		sexrat
0	0.990000	0.000000			3.000000	
5000	0.990000	0.000000	0.000000	7.611788	0.764414
10000	0.990000	0.000000	0.000000	8.647306	0.741856
15000	0.990000	0.000000	0.000000	9.016780	0.734196
20000	0.990000	0.000000	0.000000	9.159930	0.731281
25000	0.990000	0.000000	0.000000	9.216944	0.730128
30000	0.990000	0.000000	0.000000	9.239891	0.729665
35000	0.990000	0.000000	0.000000	9.249164	0.729478
40000	0.990000	0.000000	0.000000	9.252918	0.729402
45000	0.990000	0.000000	0.000000	9.254438	0.729372
50000	0.990000	0.000000	0.000000	9.255054	0.729359
55000	0.990000	0.000000	0.000000	9.255304	0.729354
60000	0.990000	0.000000	0.000000	9.255405	0.729352
65000	0.990000	0.000000	0.000000	9.255446	0.729351
70000	0.990000	0.000000	0.000000	9.255463	0.729351
75000	0.990000	0.000000	0.000000	9.255469	0.729351
80000	0.990000	0.000000	0.000000	9.255472	0.729351
85000	0.990000	0.000000	0.000000	9.255473	0.729351
90000	0.990000	0.000000	0.000000	9.255474	0.729351
95000	0.990000	0.000000	0.000000	9.255474	0.729351
100000	0.990000	0.000000	0.000000	9.255474	0.729351

var1: 0.002500	 var2: 2.400000
gen	A2		B2		diseq		zbar		sexrat
0	0.990000	0.000000			3.000000	
5000	0.990000	0.000000	0.000000	7.611788	0.764414
10000	0.990000	0.000000	0.000000	8.647306	0.741856
15000	0.990000	0.000000	0.000000	9.016780	0.734196
20000	0.990000	0.000000	0.000000	9.159930	0.731281
25000	0.990000	0.000000	0.000000	9.216944	0.730128
30000	0.990000	0.000000	0.000000	9.239891	0.729665
35000	0.990000	0.000000	0.000000	9.249164	0.729478
40000	0.990000	0.000000	0.000000	9.252918	0.729402
45000	0.990000	0.000000	0.000000	9.254438	0.729372
50000	0.990000	0.000000	0.000000	9.255054	0.729359
55000	0.990000	0.000000	0.000000	9.255304	0.729354
60000	0.990000	0.000000	0.000000	9.255405	0.729352
65000	0.990000	0.000000	0.000000	9.255446	0.729351
70000	0.990000	0.000000	0.000000	9.255463	0.729351
75000	0.990000	0.000000	0.000000	9.255469	0.729351
80000	0.990000	0.000000	0.000000	9.255472	0.729351
85000	0.990000	0.000000	0.000000	9.255473	0.729351
90000	0.990000	0.000000	0.000000	9.255474	0.729351
95000	0.990000	0.000000	0.000000	9.255474	0.729351
100000	0.990000	0.000000	0.000000	9.255474	0.729351

var1: 0.002500	 var2: 2.500000
gen	A2		B2		diseq		zbar		sexrat
0	0.990000	0.000000			3.000000	
5000	0.990000	0.000000	0.000000	7.611788	0.764414
10000	0.990000	0.000000	0.000000	8.647306	0.741856
15000	0.990000	0.000000	0.000000	9.016780	0.734196
20000	0.990000	0.000000	0.000000	9.159930	0.731281
25000	0.990000	0.000000	0.000000	9.216944	0.730128
30000	0.990000	0.000000	0.000000	9.239891	0.729665
35000	0.990000	0.000000	0.000000	9.249164	0.729478
40000	0.990000	0.000000	0.000000	9.252918	0.729402
45000	0.990000	0.000000	0.000000	9.254438	0.729372
50000	0.990000	0.000000	0.000000	9.255054	0.729359
55000	0.990000	0.000000	0.000000	9.255304	0.729354
60000	0.990000	0.000000	0.000000	9.255405	0.729352
65000	0.990000	0.000000	0.000000	9.255446	0.729351
70000	0.990000	0.000000	0.000000	9.255463	0.729351
75000	0.990000	0.000000	0.000000	9.255469	0.729351
80000	0.990000	0.000000	0.000000	9.255472	0.729351
85000	0.990000	0.000000	0.000000	9.255473	0.729351
90000	0.990000	0.000000	0.000000	9.255474	0.729351
95000	0.990000	0.000000	0.000000	9.255474	0.729351
100000	0.990000	0.000000	0.000000	9.255474	0.729351

var1: 0.002500	 var2: 2.600000
gen	A2		B2		diseq		zbar		sexrat
0	0.990000	0.000000			3.000000	
5000	0.990000	0.000000	0.000000	7.611788	0.764414
10000	0.990000	0.000000	0.000000	8.647306	0.741856
15000	0.990000	0.000000	0.000000	9.016780	0.734196
20000	0.990000	0.000000	0.000000	9.159930	0.731281
25000	0.990000	0.000000	0.000000	9.216944	0.730128
30000	0.990000	0.000000	0.000000	9.239891	0.729665
35000	0.990000	0.000000	0.000000	9.249164	0.729478
40000	0.990000	0.000000	0.000000	9.252918	0.729402
45000	0.990000	0.000000	0.000000	9.254438	0.729372
50000	0.990000	0.000000	0.000000	9.255054	0.729359
55000	0.990000	0.000000	0.000000	9.255304	0.729354
60000	0.990000	0.000000	0.000000	9.255405	0.729352
65000	0.990000	0.000000	0.000000	9.255446	0.729351
70000	0.990000	0.000000	0.000000	9.255463	0.729351
75000	0.990000	0.000000	0.000000	9.255469	0.729351
80000	0.990000	0.000000	0.000000	9.255472	0.729351
85000	0.990000	0.000000	0.000000	9.255473	0.729351
90000	0.990000	0.000000	0.000000	9.255474	0.729351
95000	0.990000	0.000000	0.000000	9.255474	0.729351
100000	0.990000	0.000000	0.000000	9.255474	0.729351

var1: 0.002500	 var2: 2.700000
gen	A2		B2		diseq		zbar		sexrat
0	0.990000	0.000000			3.000000	
5000	0.990000	0.000000	0.000000	7.611788	0.764414
10000	0.990000	0.000000	0.000000	8.647306	0.741856
15000	0.990000	0.000000	0.000000	9.016780	0.734196
20000	0.990000	0.000000	0.000000	9.159930	0.731281
25000	0.990000	0.000000	0.000000	9.216944	0.730128
30000	0.990000	0.000000	0.000000	9.239891	0.729665
35000	0.990000	0.000000	0.000000	9.249164	0.729478
40000	0.990000	0.000000	0.000000	9.252918	0.729402
45000	0.990000	0.000000	0.000000	9.254438	0.729372
50000	0.990000	0.000000	0.000000	9.255054	0.729359
55000	0.990000	0.000000	0.000000	9.255304	0.729354
60000	0.990000	0.000000	0.000000	9.255405	0.729352
65000	0.990000	0.000000	0.000000	9.255446	0.729351
70000	0.990000	0.000000	0.000000	9.255463	0.729351
75000	0.990000	0.000000	0.000000	9.255469	0.729351
80000	0.990000	0.000000	0.000000	9.255472	0.729351
85000	0.990000	0.000000	0.000000	9.255473	0.729351
90000	0.990000	0.000000	0.000000	9.255474	0.729351
95000	0.990000	0.000000	0.000000	9.255474	0.729351
100000	0.990000	0.000000	0.000000	9.255474	0.729351

var1: 0.002500	 var2: 2.800000
gen	A2		B2		diseq		zbar		sexrat
0	0.990000	0.000000			3.000000	
5000	0.990000	0.000000	0.000000	7.611788	0.764414
10000	0.990000	0.000000	0.000000	8.647306	0.741856
15000	0.990000	0.000000	0.000000	9.016780	0.734196
20000	0.990000	0.000000	0.000000	9.159930	0.731281
25000	0.990000	0.000000	0.000000	9.216944	0.730128
30000	0.990000	0.000000	0.000000	9.239891	0.729665
35000	0.990000	0.000000	0.000000	9.249164	0.729478
40000	0.990000	0.000000	0.000000	9.252918	0.729402
45000	0.990000	0.000000	0.000000	9.254438	0.729372
50000	0.990000	0.000000	0.000000	9.255054	0.729359
55000	0.990000	0.000000	0.000000	9.255304	0.729354
60000	0.990000	0.000000	0.000000	9.255405	0.729352
65000	0.990000	0.000000	0.000000	9.255446	0.729351
70000	0.990000	0.000000	0.000000	9.255463	0.729351
75000	0.990000	0.000000	0.000000	9.255469	0.729351
80000	0.990000	0.000000	0.000000	9.255472	0.729351
85000	0.990000	0.000000	0.000000	9.255473	0.729351
90000	0.990000	0.000000	0.000000	9.255474	0.729351
95000	0.990000	0.000000	0.000000	9.255474	0.729351
100000	0.990000	0.000000	0.000000	9.255474	0.729351

var1: 0.002500	 var2: 2.900000
gen	A2		B2		diseq		zbar		sexrat
0	0.990000	0.000000			3.000000	
5000	0.990000	0.000000	0.000000	7.611788	0.764414
10000	0.990000	0.000000	0.000000	8.647306	0.741856
15000	0.990000	0.000000	0.000000	9.016780	0.734196
20000	0.990000	0.000000	0.000000	9.159930	0.731281
25000	0.990000	0.000000	0.000000	9.216944	0.730128
30000	0.990000	0.000000	0.000000	9.239891	0.729665
35000	0.990000	0.000000	0.000000	9.249164	0.729478
40000	0.990000	0.000000	0.000000	9.252918	0.729402
45000	0.990000	0.000000	0.000000	9.254438	0.729372
50000	0.990000	0.000000	0.000000	9.255054	0.729359
55000	0.990000	0.000000	0.000000	9.255304	0.729354
60000	0.990000	0.000000	0.000000	9.255405	0.729352
65000	0.990000	0.000000	0.000000	9.255446	0.729351
70000	0.990000	0.000000	0.000000	9.255463	0.729351
75000	0.990000	0.000000	0.000000	9.255469	0.729351
80000	0.990000	0.000000	0.000000	9.255472	0.729351
85000	0.990000	0.000000	0.000000	9.255473	0.729351
90000	0.990000	0.000000	0.000000	9.255474	0.729351
95000	0.990000	0.000000	0.000000	9.255474	0.729351
100000	0.990000	0.000000	0.000000	9.255474	0.729351

var1: 0.002500	 var2: 3.000000
gen	A2		B2		diseq		zbar		sexrat
0	0.990000	0.000000			3.000000	
5000	0.990000	0.000000	0.000000	7.611788	0.764414
10000	0.990000	0.000000	0.000000	8.647306	0.741856
15000	0.990000	0.000000	0.000000	9.016780	0.734196
20000	0.990000	0.000000	0.000000	9.159930	0.731281
25000	0.990000	0.000000	0.000000	9.216944	0.730128
30000	0.990000	0.000000	0.000000	9.239891	0.729665
35000	0.990000	0.000000	0.000000	9.249164	0.729478
40000	0.990000	0.000000	0.000000	9.252918	0.729402
45000	0.990000	0.000000	0.000000	9.254438	0.729372
50000	0.990000	0.000000	0.000000	9.255054	0.729359
55000	0.990000	0.000000	0.000000	9.255304	0.729354
60000	0.990000	0.000000	0.000000	9.255405	0.729352
65000	0.990000	0.000000	0.000000	9.255446	0.729351
70000	0.990000	0.000000	0.000000	9.255463	0.729351
75000	0.990000	0.000000	0.000000	9.255469	0.729351
80000	0.990000	0.000000	0.000000	9.255472	0.729351
85000	0.990000	0.000000	0.000000	9.255473	0.729351
90000	0.990000	0.000000	0.000000	9.255474	0.729351
95000	0.990000	0.000000	0.000000	9.255474	0.729351
100000	0.990000	0.000000	0.000000	9.255474	0.729351

var1: 0.002500	 var2: 3.100000
gen	A2		B2		diseq		zbar		sexrat
0	0.990000	0.000000			3.000000	
5000	0.990000	0.000000	0.000000	7.611788	0.764414
10000	0.990000	0.000000	0.000000	8.647306	0.741856
15000	0.990000	0.000000	0.000000	9.016780	0.734196
20000	0.990000	0.000000	0.000000	9.159930	0.731281
25000	0.990000	0.000000	0.000000	9.216944	0.730128
30000	0.990000	0.000000	0.000000	9.239891	0.729665
35000	0.990000	0.000000	0.000000	9.249164	0.729478
40000	0.990000	0.000000	0.000000	9.252918	0.729402
45000	0.990000	0.000000	0.000000	9.254438	0.729372
50000	0.990000	0.000000	0.000000	9.255054	0.729359
55000	0.990000	0.000000	0.000000	9.255304	0.729354
60000	0.990000	0.000000	0.000000	9.255405	0.729352
65000	0.990000	0.000000	0.000000	9.255446	0.729351
70000	0.990000	0.000000	0.000000	9.255463	0.729351
75000	0.990000	0.000000	0.000000	9.255469	0.729351
80000	0.990000	0.000000	0.000000	9.255472	0.729351
85000	0.990000	0.000000	0.000000	9.255473	0.729351
90000	0.990000	0.000000	0.000000	9.255474	0.729351
95000	0.990000	0.000000	0.000000	9.255474	0.729351
100000	0.990000	0.000000	0.000000	9.255474	0.729351

var1: 0.002500	 var2: 3.200000
gen	A2		B2		diseq		zbar		sexrat
0	0.990000	0.000000			3.000000	
5000	0.990000	0.000000	0.000000	7.611788	0.764414
10000	0.990000	0.000000	0.000000	8.647306	0.741856
15000	0.990000	0.000000	0.000000	9.016780	0.734196
20000	0.990000	0.000000	0.000000	9.159930	0.731281
25000	0.990000	0.000000	0.000000	9.216944	0.730128
30000	0.990000	0.000000	0.000000	9.239891	0.729665
35000	0.990000	0.000000	0.000000	9.249164	0.729478
40000	0.990000	0.000000	0.000000	9.252918	0.729402
45000	0.990000	0.000000	0.000000	9.254438	0.729372
50000	0.990000	0.000000	0.000000	9.255054	0.729359
55000	0.990000	0.000000	0.000000	9.255304	0.729354
60000	0.990000	0.000000	0.000000	9.255405	0.729352
65000	0.990000	0.000000	0.000000	9.255446	0.729351
70000	0.990000	0.000000	0.000000	9.255463	0.729351
75000	0.990000	0.000000	0.000000	9.255469	0.729351
80000	0.990000	0.000000	0.000000	9.255472	0.729351
85000	0.990000	0.000000	0.000000	9.255473	0.729351
90000	0.990000	0.000000	0.000000	9.255474	0.729351
95000	0.990000	0.000000	0.000000	9.255474	0.729351
100000	0.990000	0.000000	0.000000	9.255474	0.729351

var1: 0.002500	 var2: 3.300000
gen	A2		B2		diseq		zbar		sexrat
0	0.990000	0.000000			3.000000	
5000	0.990000	0.000000	0.000000	7.611788	0.764414
10000	0.990000	0.000000	0.000000	8.647306	0.741856
15000	0.990000	0.000000	0.000000	9.016780	0.734196
20000	0.990000	0.000000	0.000000	9.159930	0.731281
25000	0.990000	0.000000	0.000000	9.216944	0.730128
30000	0.990000	0.000000	0.000000	9.239891	0.729665
35000	0.990000	0.000000	0.000000	9.249164	0.729478
40000	0.990000	0.000000	0.000000	9.252918	0.729402
45000	0.990000	0.000000	0.000000	9.254438	0.729372
50000	0.990000	0.000000	0.000000	9.255054	0.729359
55000	0.990000	0.000000	0.000000	9.255304	0.729354
60000	0.990000	0.000000	0.000000	9.255405	0.729352
65000	0.990000	0.000000	0.000000	9.255446	0.729351
70000	0.990000	0.000000	0.000000	9.255463	0.729351
75000	0.990000	0.000000	0.000000	9.255469	0.729351
80000	0.990000	0.000000	0.000000	9.255472	0.729351
85000	0.990000	0.000000	0.000000	9.255473	0.729351
90000	0.990000	0.000000	0.000000	9.255474	0.729351
95000	0.990000	0.000000	0.000000	9.255474	0.729351
100000	0.990000	0.000000	0.000000	9.255474	0.729351

var1: 0.002500	 var2: 3.400000
gen	A2		B2		diseq		zbar		sexrat
0	0.990000	0.000000			3.000000	
5000	0.990000	0.000000	0.000000	7.611788	0.764414
10000	0.990000	0.000000	0.000000	8.647306	0.741856
15000	0.990000	0.000000	0.000000	9.016780	0.734196
20000	0.990000	0.000000	0.000000	9.159930	0.731281
25000	0.990000	0.000000	0.000000	9.216944	0.730128
30000	0.990000	0.000000	0.000000	9.239891	0.729665
35000	0.990000	0.000000	0.000000	9.249164	0.729478
40000	0.990000	0.000000	0.000000	9.252918	0.729402
45000	0.990000	0.000000	0.000000	9.254438	0.729372
50000	0.990000	0.000000	0.000000	9.255054	0.729359
55000	0.990000	0.000000	0.000000	9.255304	0.729354
60000	0.990000	0.000000	0.000000	9.255405	0.729352
65000	0.990000	0.000000	0.000000	9.255446	0.729351
70000	0.990000	0.000000	0.000000	9.255463	0.729351
75000	0.990000	0.000000	0.000000	9.255469	0.729351
80000	0.990000	0.000000	0.000000	9.255472	0.729351
85000	0.990000	0.000000	0.000000	9.255473	0.729351
90000	0.990000	0.000000	0.000000	9.255474	0.729351
95000	0.990000	0.000000	0.000000	9.255474	0.729351
100000	0.990000	0.000000	0.000000	9.255474	0.729351

var1: 0.002500	 var2: 3.500000
gen	A2		B2		diseq		zbar		sexrat
0	0.990000	0.000000			3.000000	
5000	0.990000	0.000000	0.000000	7.611788	0.764414
10000	0.990000	0.000000	0.000000	8.647306	0.741856
15000	0.990000	0.000000	0.000000	9.016780	0.734196
20000	0.990000	0.000000	0.000000	9.159930	0.731281
25000	0.990000	0.000000	0.000000	9.216944	0.730128
30000	0.990000	0.000000	0.000000	9.239891	0.729665
35000	0.990000	0.000000	0.000000	9.249164	0.729478
40000	0.990000	0.000000	0.000000	9.252918	0.729402
45000	0.990000	0.000000	0.000000	9.254438	0.729372
50000	0.990000	0.000000	0.000000	9.255054	0.729359
55000	0.990000	0.000000	0.000000	9.255304	0.729354
60000	0.990000	0.000000	0.000000	9.255405	0.729352
65000	0.990000	0.000000	0.000000	9.255446	0.729351
70000	0.990000	0.000000	0.000000	9.255463	0.729351
75000	0.990000	0.000000	0.000000	9.255469	0.729351
80000	0.990000	0.000000	0.000000	9.255472	0.729351
85000	0.990000	0.000000	0.000000	9.255473	0.729351
90000	0.990000	0.000000	0.000000	9.255474	0.729351
95000	0.990000	0.000000	0.000000	9.255474	0.729351
100000	0.990000	0.000000	0.000000	9.255474	0.729351

var1: 0.002500	 var2: 3.600000
gen	A2		B2		diseq		zbar		sexrat
0	0.990000	0.000000			3.000000	
5000	0.990000	0.000000	0.000000	7.611788	0.764414
10000	0.990000	0.000000	0.000000	8.647306	0.741856
15000	0.990000	0.000000	0.000000	9.016780	0.734196
20000	0.990000	0.000000	0.000000	9.159930	0.731281
25000	0.990000	0.000000	0.000000	9.216944	0.730128
30000	0.990000	0.000000	0.000000	9.239891	0.729665
35000	0.990000	0.000000	0.000000	9.249164	0.729478
40000	0.990000	0.000000	0.000000	9.252918	0.729402
45000	0.990000	0.000000	0.000000	9.254438	0.729372
50000	0.990000	0.000000	0.000000	9.255054	0.729359
55000	0.990000	0.000000	0.000000	9.255304	0.729354
60000	0.990000	0.000000	0.000000	9.255405	0.729352
65000	0.990000	0.000000	0.000000	9.255446	0.729351
70000	0.990000	0.000000	0.000000	9.255463	0.729351
75000	0.990000	0.000000	0.000000	9.255469	0.729351
80000	0.990000	0.000000	0.000000	9.255472	0.729351
85000	0.990000	0.000000	0.000000	9.255473	0.729351
90000	0.990000	0.000000	0.000000	9.255474	0.729351
95000	0.990000	0.000000	0.000000	9.255474	0.729351
100000	0.990000	0.000000	0.000000	9.255474	0.729351

var1: 0.002500	 var2: 3.700000
gen	A2		B2		diseq		zbar		sexrat
0	0.990000	0.000000			3.000000	
5000	0.990000	0.000000	0.000000	7.611788	0.764414
10000	0.990000	0.000000	0.000000	8.647306	0.741856
15000	0.990000	0.000000	0.000000	9.016780	0.734196
20000	0.990000	0.000000	0.000000	9.159930	0.731281
25000	0.990000	0.000000	0.000000	9.216944	0.730128
30000	0.990000	0.000000	0.000000	9.239891	0.729665
35000	0.990000	0.000000	0.000000	9.249164	0.729478
40000	0.990000	0.000000	0.000000	9.252918	0.729402
45000	0.990000	0.000000	0.000000	9.254438	0.729372
50000	0.990000	0.000000	0.000000	9.255054	0.729359
55000	0.990000	0.000000	0.000000	9.255304	0.729354
60000	0.990000	0.000000	0.000000	9.255405	0.729352
65000	0.990000	0.000000	0.000000	9.255446	0.729351
70000	0.990000	0.000000	0.000000	9.255463	0.729351
75000	0.990000	0.000000	0.000000	9.255469	0.729351
80000	0.990000	0.000000	0.000000	9.255472	0.729351
85000	0.990000	0.000000	0.000000	9.255473	0.729351
90000	0.990000	0.000000	0.000000	9.255474	0.729351
95000	0.990000	0.000000	0.000000	9.255474	0.729351
100000	0.990000	0.000000	0.000000	9.255474	0.729351

var1: 0.002500	 var2: 3.800000
gen	A2		B2		diseq		zbar		sexrat
0	0.990000	0.000000			3.000000	
5000	0.990000	0.000000	0.000000	7.611788	0.764414
10000	0.990000	0.000000	0.000000	8.647306	0.741856
15000	0.990000	0.000000	0.000000	9.016780	0.734196
20000	0.990000	0.000000	0.000000	9.159930	0.731281
25000	0.990000	0.000000	0.000000	9.216944	0.730128
30000	0.990000	0.000000	0.000000	9.239891	0.729665
35000	0.990000	0.000000	0.000000	9.249164	0.729478
40000	0.990000	0.000000	0.000000	9.252918	0.729402
45000	0.990000	0.000000	0.000000	9.254438	0.729372
50000	0.990000	0.000000	0.000000	9.255054	0.729359
55000	0.990000	0.000000	0.000000	9.255304	0.729354
60000	0.990000	0.000000	0.000000	9.255405	0.729352
65000	0.990000	0.000000	0.000000	9.255446	0.729351
70000	0.990000	0.000000	0.000000	9.255463	0.729351
75000	0.990000	0.000000	0.000000	9.255469	0.729351
80000	0.990000	0.000000	0.000000	9.255472	0.729351
85000	0.990000	0.000000	0.000000	9.255473	0.729351
90000	0.990000	0.000000	0.000000	9.255474	0.729351
95000	0.990000	0.000000	0.000000	9.255474	0.729351
100000	0.990000	0.000000	0.000000	9.255474	0.729351

var1: 0.002500	 var2: 3.900000
gen	A2		B2		diseq		zbar		sexrat
0	0.990000	0.000000			3.000000	
5000	0.990000	0.000000	0.000000	7.611788	0.764414
10000	0.990000	0.000000	0.000000	8.647306	0.741856
15000	0.990000	0.000000	0.000000	9.016780	0.734196
20000	0.990000	0.000000	0.000000	9.159930	0.731281
25000	0.990000	0.000000	0.000000	9.216944	0.730128
30000	0.990000	0.000000	0.000000	9.239891	0.729665
35000	0.990000	0.000000	0.000000	9.249164	0.729478
40000	0.990000	0.000000	0.000000	9.252918	0.729402
45000	0.990000	0.000000	0.000000	9.254438	0.729372
50000	0.990000	0.000000	0.000000	9.255054	0.729359
55000	0.990000	0.000000	0.000000	9.255304	0.729354
60000	0.990000	0.000000	0.000000	9.255405	0.729352
65000	0.990000	0.000000	0.000000	9.255446	0.729351
70000	0.990000	0.000000	0.000000	9.255463	0.729351
75000	0.990000	0.000000	0.000000	9.255469	0.729351
80000	0.990000	0.000000	0.000000	9.255472	0.729351
85000	0.990000	0.000000	0.000000	9.255473	0.729351
90000	0.990000	0.000000	0.000000	9.255474	0.729351
95000	0.990000	0.000000	0.000000	9.255474	0.729351
100000	0.990000	0.000000	0.000000	9.255474	0.729351

var1: 0.002500	 var2: 4.000000
gen	A2		B2		diseq		zbar		sexrat
0	0.990000	0.000000			3.000000	
5000	0.990000	0.000000	0.000000	7.611788	0.764414
10000	0.990000	0.000000	0.000000	8.647306	0.741856
15000	0.990000	0.000000	0.000000	9.016780	0.734196
20000	0.990000	0.000000	0.000000	9.159930	0.731281
25000	0.990000	0.000000	0.000000	9.216944	0.730128
30000	0.990000	0.000000	0.000000	9.239891	0.729665
35000	0.990000	0.000000	0.000000	9.249164	0.729478
40000	0.990000	0.000000	0.000000	9.252918	0.729402
45000	0.990000	0.000000	0.000000	9.254438	0.729372
50000	0.990000	0.000000	0.000000	9.255054	0.729359
55000	0.990000	0.000000	0.000000	9.255304	0.729354
60000	0.990000	0.000000	0.000000	9.255405	0.729352
65000	0.990000	0.000000	0.000000	9.255446	0.729351
70000	0.990000	0.000000	0.000000	9.255463	0.729351
75000	0.990000	0.000000	0.000000	9.255469	0.729351
80000	0.990000	0.000000	0.000000	9.255472	0.729351
85000	0.990000	0.000000	0.000000	9.255473	0.729351
90000	0.990000	0.000000	0.000000	9.255474	0.729351
95000	0.990000	0.000000	0.000000	9.255474	0.729351
100000	0.990000	0.000000	0.000000	9.255474	0.729351

var1: 0.005000	 var2: 0.000000
gen	A2		B2		diseq		zbar		sexrat
0	0.990000	0.000000			3.000000	
5000	0.990000	0.000000	0.000000	7.404432	0.834564
10000	0.990000	0.000000	0.000000	8.208474	0.820682
15000	0.990000	0.000000	0.000000	8.435907	0.816871
20000	0.990000	0.000000	0.000000	8.504524	0.815730
25000	0.990000	0.000000	0.000000	8.525590	0.815381
30000	0.990000	0.000000	0.000000	8.532092	0.815273
35000	0.990000	0.000000	0.000000	8.534102	0.815240
40000	0.990000	0.000000	0.000000	8.534723	0.815230
45000	0.990000	0.000000	0.000000	8.534915	0.815226
50000	0.990000	0.000000	0.000000	8.534975	0.815225
55000	0.990000	0.000000	0.000000	8.534993	0.815225
60000	0.990000	0.000000	0.000000	8.534999	0.815225
65000	0.990000	0.000000	0.000000	8.535001	0.815225
70000	0.990000	0.000000	0.000000	8.535001	0.815225
75000	0.990000	0.000000	0.000000	8.535001	0.815225
80000	0.990000	0.000000	0.000000	8.535001	0.815225
85000	0.990000	0.000000	0.000000	8.535001	0.815225
90000	0.990000	0.000000	0.000000	8.535001	0.815225
95000	0.990000	0.000000	0.000000	8.535001	0.815225
100000	0.990000	0.000000	0.000000	8.535001	0.815225

var1: 0.005000	 var2: 0.100000
gen	A2		B2		diseq		zbar		sexrat
0	0.990000	0.000000			3.000000	
5000	0.990000	0.000000	0.000000	7.404432	0.834564
10000	0.990000	0.000000	0.000000	8.208474	0.820682
15000	0.990000	0.000000	0.000000	8.435907	0.816871
20000	0.990000	0.000000	0.000000	8.504524	0.815730
25000	0.990000	0.000000	0.000000	8.525590	0.815381
30000	0.990000	0.000000	0.000000	8.532092	0.815273
35000	0.990000	0.000000	0.000000	8.534102	0.815240
40000	0.990000	0.000000	0.000000	8.534723	0.815230
45000	0.990000	0.000000	0.000000	8.534915	0.815226
50000	0.990000	0.000000	0.000000	8.534975	0.815225
55000	0.990000	0.000000	0.000000	8.534993	0.815225
60000	0.990000	0.000000	0.000000	8.534999	0.815225
65000	0.990000	0.000000	0.000000	8.535001	0.815225
70000	0.990000	0.000000	0.000000	8.535001	0.815225
75000	0.990000	0.000000	0.000000	8.535001	0.815225
80000	0.990000	0.000000	0.000000	8.535001	0.815225
85000	0.990000	0.000000	0.000000	8.535001	0.815225
90000	0.990000	0.000000	0.000000	8.535001	0.815225
95000	0.990000	0.000000	0.000000	8.535001	0.815225
100000	0.990000	0.000000	0.000000	8.535001	0.815225

var1: 0.005000	 var2: 0.200000
gen	A2		B2		diseq		zbar		sexrat
0	0.990000	0.000000			3.000000	
5000	0.990000	0.000000	0.000000	7.404432	0.834564
10000	0.990000	0.000000	0.000000	8.208474	0.820682
15000	0.990000	0.000000	0.000000	8.435907	0.816871
20000	0.990000	0.000000	0.000000	8.504524	0.815730
25000	0.990000	0.000000	0.000000	8.525590	0.815381
30000	0.990000	0.000000	0.000000	8.532092	0.815273
35000	0.990000	0.000000	0.000000	8.534102	0.815240
40000	0.990000	0.000000	0.000000	8.534723	0.815230
45000	0.990000	0.000000	0.000000	8.534915	0.815226
50000	0.990000	0.000000	0.000000	8.534975	0.815225
55000	0.990000	0.000000	0.000000	8.534993	0.815225
60000	0.990000	0.000000	0.000000	8.534999	0.815225
65000	0.990000	0.000000	0.000000	8.535001	0.815225
70000	0.990000	0.000000	0.000000	8.535001	0.815225
75000	0.990000	0.000000	0.000000	8.535001	0.815225
80000	0.990000	0.000000	0.000000	8.535001	0.815225
85000	0.990000	0.000000	0.000000	8.535001	0.815225
90000	0.990000	0.000000	0.000000	8.535001	0.815225
95000	0.990000	0.000000	0.000000	8.535001	0.815225
100000	0.990000	0.000000	0.000000	8.535001	0.815225

var1: 0.005000	 var2: 0.300000
gen	A2		B2		diseq		zbar		sexrat
0	0.990000	0.000000			3.000000	
5000	0.990000	0.000000	0.000000	7.404432	0.834564
10000	0.990000	0.000000	0.000000	8.208474	0.820682
15000	0.990000	0.000000	0.000000	8.435907	0.816871
20000	0.990000	0.000000	0.000000	8.504524	0.815730
25000	0.990000	0.000000	0.000000	8.525590	0.815381
30000	0.990000	0.000000	0.000000	8.532092	0.815273
35000	0.990000	0.000000	0.000000	8.534102	0.815240
40000	0.990000	0.000000	0.000000	8.534723	0.815230
45000	0.990000	0.000000	0.000000	8.534915	0.815226
50000	0.990000	0.000000	0.000000	8.534975	0.815225
55000	0.990000	0.000000	0.000000	8.534993	0.815225
60000	0.990000	0.000000	0.000000	8.534999	0.815225
65000	0.990000	0.000000	0.000000	8.535001	0.815225
70000	0.990000	0.000000	0.000000	8.535001	0.815225
75000	0.990000	0.000000	0.000000	8.535001	0.815225
80000	0.990000	0.000000	0.000000	8.535001	0.815225
85000	0.990000	0.000000	0.000000	8.535001	0.815225
90000	0.990000	0.000000	0.000000	8.535001	0.815225
95000	0.990000	0.000000	0.000000	8.535001	0.815225
100000	0.990000	0.000000	0.000000	8.535001	0.815225

var1: 0.005000	 var2: 0.400000
gen	A2		B2		diseq		zbar		sexrat
0	0.990000	0.000000			3.000000	
5000	0.990000	0.000000	0.000000	7.404432	0.834564
10000	0.990000	0.000000	0.000000	8.208474	0.820682
15000	0.990000	0.000000	0.000000	8.435907	0.816871
20000	0.990000	0.000000	0.000000	8.504524	0.815730
25000	0.990000	0.000000	0.000000	8.525590	0.815381
30000	0.990000	0.000000	0.000000	8.532092	0.815273
35000	0.990000	0.000000	0.000000	8.534102	0.815240
40000	0.990000	0.000000	0.000000	8.534723	0.815230
45000	0.990000	0.000000	0.000000	8.534915	0.815226
50000	0.990000	0.000000	0.000000	8.534975	0.815225
55000	0.990000	0.000000	0.000000	8.534993	0.815225
60000	0.990000	0.000000	0.000000	8.534999	0.815225
65000	0.990000	0.000000	0.000000	8.535001	0.815225
70000	0.990000	0.000000	0.000000	8.535001	0.815225
75000	0.990000	0.000000	0.000000	8.535001	0.815225
80000	0.990000	0.000000	0.000000	8.535001	0.815225
85000	0.990000	0.000000	0.000000	8.535001	0.815225
90000	0.990000	0.000000	0.000000	8.535001	0.815225
95000	0.990000	0.000000	0.000000	8.535001	0.815225
100000	0.990000	0.000000	0.000000	8.535001	0.815225

var1: 0.005000	 var2: 0.500000
gen	A2		B2		diseq		zbar		sexrat
0	0.990000	0.000000			3.000000	
5000	0.990000	0.000000	0.000000	7.404432	0.834564
10000	0.990000	0.000000	0.000000	8.208474	0.820682
15000	0.990000	0.000000	0.000000	8.435907	0.816871
20000	0.990000	0.000000	0.000000	8.504524	0.815730
25000	0.990000	0.000000	0.000000	8.525590	0.815381
30000	0.990000	0.000000	0.000000	8.532092	0.815273
35000	0.990000	0.000000	0.000000	8.534102	0.815240
40000	0.990000	0.000000	0.000000	8.534723	0.815230
45000	0.990000	0.000000	0.000000	8.53