
########################### Run 1 ######################
var1: 0.000000	 var2: 0.000000
gen	A2		B2		diseq		zbar		sexrat
0	0.990000	0.000000			3.000000	
5000	0.990000	0.000000	0.000000	7.007944	0.273820
10000	0.990000	0.000000	0.000000	8.559844	0.242351
15000	0.990000	0.000000	0.000000	9.444031	0.228293
20000	0.990000	0.000000	0.000000	10.000646	0.220527
25000	0.990000	0.000000	0.000000	10.368249	0.215790
30000	0.990000	0.000000	0.000000	10.617723	0.212737
35000	0.990000	0.000000	0.000000	10.789903	0.210701
40000	0.990000	0.000000	0.000000	10.910042	0.209313
45000	0.990000	0.000000	0.000000	10.994484	0.208354
50000	0.990000	0.000000	0.000000	11.054135	0.207684
55000	0.990000	0.000000	0.000000	11.096418	0.207212
60000	0.990000	0.000000	0.000000	11.126463	0.206880
65000	0.990000	0.000000	0.000000	11.147848	0.206644
70000	0.990000	0.000000	0.000000	11.163088	0.206476
75000	0.990000	0.000000	0.000000	11.173958	0.206357
80000	0.990000	0.000000	0.000000	11.181715	0.206271
85000	0.990000	0.000000	0.000000	11.187254	0.206211
90000	0.990000	0.000000	0.000000	11.191210	0.206167
95000	0.990000	0.000000	0.000000	11.194036	0.206137
100000	0.990000	0.000000	0.000000	11.196055	0.206114

var1: 0.000000	 var2: 0.100000
gen	A2		B2		diseq		zbar		sexrat
0	0.990000	0.000000			3.000000	
5000	0.990000	0.000000	0.000000	7.007944	0.273820
10000	0.990000	0.000000	0.000000	8.559844	0.242351
15000	0.990000	0.000000	0.000000	9.444031	0.228293
20000	0.990000	0.000000	0.000000	10.000646	0.220527
25000	0.990000	0.000000	0.000000	10.368249	0.215790
30000	0.990000	0.000000	0.000000	10.617723	0.212737
35000	0.990000	0.000000	0.000000	10.789903	0.210701
40000	0.990000	0.000000	0.000000	10.910042	0.209313
45000	0.990000	0.000000	0.000000	10.994484	0.208354
50000	0.990000	0.000000	0.000000	11.054135	0.207684
55000	0.990000	0.000000	0.000000	11.096418	0.207212
60000	0.990000	0.000000	0.000000	11.126463	0.206880
65000	0.990000	0.000000	0.000000	11.147848	0.206644
70000	0.990000	0.000000	0.000000	11.163088	0.206476
75000	0.990000	0.000000	0.000000	11.173958	0.206357
80000	0.990000	0.000000	0.000000	11.181715	0.206271
85000	0.990000	0.000000	0.000000	11.187254	0.206211
90000	0.990000	0.000000	0.000000	11.191210	0.206167
95000	0.990000	0.000000	0.000000	11.194036	0.206137
100000	0.990000	0.000000	0.000000	11.196055	0.206114

var1: 0.000000	 var2: 0.200000
gen	A2		B2		diseq		zbar		sexrat
0	0.990000	0.000000			3.000000	
5000	0.990000	0.000000	0.000000	7.007944	0.273820
10000	0.990000	0.000000	0.000000	8.559844	0.242351
15000	0.990000	0.000000	0.000000	9.444031	0.228293
20000	0.990000	0.000000	0.000000	10.000646	0.220527
25000	0.990000	0.000000	0.000000	10.368249	0.215790
30000	0.990000	0.000000	0.000000	10.617723	0.212737
35000	0.990000	0.000000	0.000000	10.789903	0.210701
40000	0.990000	0.000000	0.000000	10.910042	0.209313
45000	0.990000	0.000000	0.000000	10.994484	0.208354
50000	0.990000	0.000000	0.000000	11.054135	0.207684
55000	0.990000	0.000000	0.000000	11.096418	0.207212
60000	0.990000	0.000000	0.000000	11.126463	0.206880
65000	0.990000	0.000000	0.000000	11.147848	0.206644
70000	0.990000	0.000000	0.000000	11.163088	0.206476
75000	0.990000	0.000000	0.000000	11.173958	0.206357
80000	0.990000	0.000000	0.000000	11.181715	0.206271
85000	0.990000	0.000000	0.000000	11.187254	0.206211
90000	0.990000	0.000000	0.000000	11.191210	0.206167
95000	0.990000	0.000000	0.000000	11.194036	0.206137
100000	0.990000	0.000000	0.000000	11.196055	0.206114

var1: 0.000000	 var2: 0.300000
gen	A2		B2		diseq		zbar		sexrat
0	0.990000	0.000000			3.000000	
5000	0.990000	0.000000	0.000000	7.007944	0.273820
10000	0.990000	0.000000	0.000000	8.559844	0.242351
15000	0.990000	0.000000	0.000000	9.444031	0.228293
20000	0.990000	0.000000	0.000000	10.000646	0.220527
25000	0.990000	0.000000	0.000000	10.368249	0.215790
30000	0.990000	0.000000	0.000000	10.617723	0.212737
35000	0.990000	0.000000	0.000000	10.789903	0.210701
40000	0.990000	0.000000	0.000000	10.910042	0.209313
45000	0.990000	0.000000	0.000000	10.994484	0.208354
50000	0.990000	0.000000	0.000000	11.054135	0.207684
55000	0.990000	0.000000	0.000000	11.096418	0.207212
60000	0.990000	0.000000	0.000000	11.126463	0.206880
65000	0.990000	0.000000	0.000000	11.147848	0.206644
70000	0.990000	0.000000	0.000000	11.163088	0.206476
75000	0.990000	0.000000	0.000000	11.173958	0.206357
80000	0.990000	0.000000	0.000000	11.181715	0.206271
85000	0.990000	0.000000	0.000000	11.187254	0.206211
90000	0.990000	0.000000	0.000000	11.191210	0.206167
95000	0.990000	0.000000	0.000000	11.194036	0.206137
100000	0.990000	0.000000	0.000000	11.196055	0.206114

var1: 0.000000	 var2: 0.400000
gen	A2		B2		diseq		zbar		sexrat
0	0.990000	0.000000			3.000000	
5000	0.990000	0.000000	0.000000	7.007944	0.273820
10000	0.990000	0.000000	0.000000	8.559844	0.242351
15000	0.990000	0.000000	0.000000	9.444031	0.228293
20000	0.990000	0.000000	0.000000	10.000646	0.220527
25000	0.990000	0.000000	0.000000	10.368249	0.215790
30000	0.990000	0.000000	0.000000	10.617723	0.212737
35000	0.990000	0.000000	0.000000	10.789903	0.210701
40000	0.990000	0.000000	0.000000	10.910042	0.209313
45000	0.990000	0.000000	0.000000	10.994484	0.208354
50000	0.990000	0.000000	0.000000	11.054135	0.207684
55000	0.990000	0.000000	0.000000	11.096418	0.207212
60000	0.990000	0.000000	0.000000	11.126463	0.206880
65000	0.990000	0.000000	0.000000	11.147848	0.206644
70000	0.990000	0.000000	0.000000	11.163088	0.206476
75000	0.990000	0.000000	0.000000	11.173958	0.206357
80000	0.990000	0.000000	0.000000	11.181715	0.206271
85000	0.990000	0.000000	0.000000	11.187254	0.206211
90000	0.990000	0.000000	0.000000	11.191210	0.206167
95000	0.990000	0.000000	0.000000	11.194036	0.206137
100000	0.990000	0.000000	0.000000	11.196055	0.206114

var1: 0.000000	 var2: 0.500000
gen	A2		B2		diseq		zbar		sexrat
0	0.990000	0.000000			3.000000	
5000	0.990000	0.000000	0.000000	7.007944	0.273820
10000	0.990000	0.000000	0.000000	8.559844	0.242351
15000	0.990000	0.000000	0.000000	9.444031	0.228293
20000	0.990000	0.000000	0.000000	10.000646	0.220527
25000	0.990000	0.000000	0.000000	10.368249	0.215790
30000	0.990000	0.000000	0.000000	10.617723	0.212737
35000	0.990000	0.000000	0.000000	10.789903	0.210701
40000	0.990000	0.000000	0.000000	10.910042	0.209313
45000	0.990000	0.000000	0.000000	10.994484	0.208354
50000	0.990000	0.000000	0.000000	11.054135	0.207684
55000	0.990000	0.000000	0.000000	11.096418	0.207212
60000	0.990000	0.000000	0.000000	11.126463	0.206880
65000	0.990000	0.000000	0.000000	11.147848	0.206644
70000	0.990000	0.000000	0.000000	11.163088	0.206476
75000	0.990000	0.000000	0.000000	11.173958	0.206357
80000	0.990000	0.000000	0.000000	11.181715	0.206271
85000	0.990000	0.000000	0.000000	11.187254	0.206211
90000	0.990000	0.000000	0.000000	11.191210	0.206167
95000	0.990000	0.000000	0.000000	11.194036	0.206137
100000	0.990000	0.000000	0.000000	11.196055	0.206114

var1: 0.000000	 var2: 0.600000
gen	A2		B2		diseq		zbar		sexrat
0	0.990000	0.000000			3.000000	
5000	0.990000	0.000000	0.000000	7.007944	0.273820
10000	0.990000	0.000000	0.000000	8.559844	0.242351
15000	0.990000	0.000000	0.000000	9.444031	0.228293
20000	0.990000	0.000000	0.000000	10.000646	0.220527
25000	0.990000	0.000000	0.000000	10.368249	0.215790
30000	0.990000	0.000000	0.000000	10.617723	0.212737
35000	0.990000	0.000000	0.000000	10.789903	0.210701
40000	0.990000	0.000000	0.000000	10.910042	0.209313
45000	0.990000	0.000000	0.000000	10.994484	0.208354
50000	0.990000	0.000000	0.000000	11.054135	0.207684
55000	0.990000	0.000000	0.000000	11.096418	0.207212
60000	0.990000	0.000000	0.000000	11.126463	0.206880
65000	0.990000	0.000000	0.000000	11.147848	0.206644
70000	0.990000	0.000000	0.000000	11.163088	0.206476
75000	0.990000	0.000000	0.000000	11.173958	0.206357
80000	0.990000	0.000000	0.000000	11.181715	0.206271
85000	0.990000	0.000000	0.000000	11.187254	0.206211
90000	0.990000	0.000000	0.000000	11.191210	0.206167
95000	0.990000	0.000000	0.000000	11.194036	0.206137
100000	0.990000	0.000000	0.000000	11.196055	0.206114

var1: 0.000000	 var2: 0.700000
gen	A2		B2		diseq		zbar		sexrat
0	0.990000	0.000000			3.000000	
5000	0.990000	0.000000	0.000000	7.007944	0.273820
10000	0.990000	0.000000	0.000000	8.559844	0.242351
15000	0.990000	0.000000	0.000000	9.444031	0.228293
20000	0.990000	0.000000	0.000000	10.000646	0.220527
25000	0.990000	0.000000	0.000000	10.368249	0.215790
30000	0.990000	0.000000	0.000000	10.617723	0.212737
35000	0.990000	0.000000	0.000000	10.789903	0.210701
40000	0.990000	0.000000	0.000000	10.910042	0.209313
45000	0.990000	0.000000	0.000000	10.994484	0.208354
50000	0.990000	0.000000	0.000000	11.054135	0.207684
55000	0.990000	0.000000	0.000000	11.096418	0.207212
60000	0.990000	0.000000	0.000000	11.126463	0.206880
65000	0.990000	0.000000	0.000000	11.147848	0.206644
70000	0.990000	0.000000	0.000000	11.163088	0.206476
75000	0.990000	0.000000	0.000000	11.173958	0.206357
80000	0.990000	0.000000	0.000000	11.181715	0.206271
85000	0.990000	0.000000	0.000000	11.187254	0.206211
90000	0.990000	0.000000	0.000000	11.191210	0.206167
95000	0.990000	0.000000	0.000000	11.194036	0.206137
100000	0.990000	0.000000	0.000000	11.196055	0.206114

var1: 0.000000	 var2: 0.800000
gen	A2		B2		diseq		zbar		sexrat
0	0.990000	0.000000			3.000000	
5000	0.990000	0.000000	0.000000	7.007944	0.273820
10000	0.990000	0.000000	0.000000	8.559844	0.242351
15000	0.990000	0.000000	0.000000	9.444031	0.228293
20000	0.990000	0.000000	0.000000	10.000646	0.220527
25000	0.990000	0.000000	0.000000	10.368249	0.215790
30000	0.990000	0.000000	0.000000	10.617723	0.212737
35000	0.990000	0.000000	0.000000	10.789903	0.210701
40000	0.990000	0.000000	0.000000	10.910042	0.209313
45000	0.990000	0.000000	0.000000	10.994484	0.208354
50000	0.990000	0.000000	0.000000	11.054135	0.207684
55000	0.990000	0.000000	0.000000	11.096418	0.207212
60000	0.990000	0.000000	0.000000	11.126463	0.206880
65000	0.990000	0.000000	0.000000	11.147848	0.206644
70000	0.990000	0.000000	0.000000	11.163088	0.206476
75000	0.990000	0.000000	0.000000	11.173958	0.206357
80000	0.990000	0.000000	0.000000	11.181715	0.206271
85000	0.990000	0.000000	0.000000	11.187254	0.206211
90000	0.990000	0.000000	0.000000	11.191210	0.206167
95000	0.990000	0.000000	0.000000	11.194036	0.206137
100000	0.990000	0.000000	0.000000	11.196055	0.206114

var1: 0.000000	 var2: 0.900000
gen	A2		B2		diseq		zbar		sexrat
0	0.990000	0.000000			3.000000	
5000	0.990000	0.000000	0.000000	7.007944	0.273820
10000	0.990000	0.000000	0.000000	8.559844	0.242351
15000	0.990000	0.000000	0.000000	9.444031	0.228293
20000	0.990000	0.000000	0.000000	10.000646	0.220527
25000	0.990000	0.000000	0.000000	10.368249	0.215790
30000	0.990000	0.000000	0.000000	10.617723	0.212737
35000	0.990000	0.000000	0.000000	10.789903	0.210701
40000	0.990000	0.000000	0.000000	10.910042	0.209313
45000	0.990000	0.000000	0.000000	10.994484	0.208354
50000	0.990000	0.000000	0.000000	11.054135	0.207684
55000	0.990000	0.000000	0.000000	11.096418	0.207212
60000	0.990000	0.000000	0.000000	11.126463	0.206880
65000	0.990000	0.000000	0.000000	11.147848	0.206644
70000	0.990000	0.000000	0.000000	11.163088	0.206476
75000	0.990000	0.000000	0.000000	11.173958	0.206357
80000	0.990000	0.000000	0.000000	11.181715	0.206271
85000	0.990000	0.000000	0.000000	11.187254	0.206211
90000	0.990000	0.000000	0.000000	11.191210	0.206167
95000	0.990000	0.000000	0.000000	11.194036	0.206137
100000	0.990000	0.000000	0.000000	11.196055	0.206114

var1: 0.000000	 var2: 1.000000
gen	A2		B2		diseq		zbar		sexrat
0	0.990000	0.000000			3.000000	
5000	0.990000	0.000000	0.000000	7.007944	0.273820
10000	0.990000	0.000000	0.000000	8.559844	0.242351
15000	0.990000	0.000000	0.000000	9.444031	0.228293
20000	0.990000	0.000000	0.000000	10.000646	0.220527
25000	0.990000	0.000000	0.000000	10.368249	0.215790
30000	0.990000	0.000000	0.000000	10.617723	0.212737
35000	0.990000	0.000000	0.000000	10.789903	0.210701
40000	0.990000	0.000000	0.000000	10.910042	0.209313
45000	0.990000	0.000000	0.000000	10.994484	0.208354
50000	0.990000	0.000000	0.000000	11.054135	0.207684
55000	0.990000	0.000000	0.000000	11.096418	0.207212
60000	0.990000	0.000000	0.000000	11.126463	0.206880
65000	0.990000	0.000000	0.000000	11.147848	0.206644
70000	0.990000	0.000000	0.000000	11.163088	0.206476
75000	0.990000	0.000000	0.000000	11.173958	0.206357
80000	0.990000	0.000000	0.000000	11.181715	0.206271
85000	0.990000	0.000000	0.000000	11.187254	0.206211
90000	0.990000	0.000000	0.000000	11.191210	0.206167
95000	0.990000	0.000000	0.000000	11.194036	0.206137
100000	0.990000	0.000000	0.000000	11.196055	0.206114

var1: 0.000000	 var2: 1.100000
gen	A2		B2		diseq		zbar		sexrat
0	0.990000	0.000000			3.000000	
5000	0.990000	0.000000	0.000000	7.007944	0.273820
10000	0.990000	0.000000	0.000000	8.559844	0.242351
15000	0.990000	0.000000	0.000000	9.444031	0.228293
20000	0.990000	0.000000	0.000000	10.000646	0.220527
25000	0.990000	0.000000	0.000000	10.368249	0.215790
30000	0.990000	0.000000	0.000000	10.617723	0.212737
35000	0.990000	0.000000	0.000000	10.789903	0.210701
40000	0.990000	0.000000	0.000000	10.910042	0.209313
45000	0.990000	0.000000	0.000000	10.994484	0.208354
50000	0.990000	0.000000	0.000000	11.054135	0.207684
55000	0.990000	0.000000	0.000000	11.096418	0.207212
60000	0.990000	0.000000	0.000000	11.126463	0.206880
65000	0.990000	0.000000	0.000000	11.147848	0.206644
70000	0.990000	0.000000	0.000000	11.163088	0.206476
75000	0.990000	0.000000	0.000000	11.173958	0.206357
80000	0.990000	0.000000	0.000000	11.181715	0.206271
85000	0.990000	0.000000	0.000000	11.187254	0.206211
90000	0.990000	0.000000	0.000000	11.191210	0.206167
95000	0.990000	0.000000	0.000000	11.194036	0.206137
100000	0.990000	0.000000	0.000000	11.196055	0.206114

var1: 0.000000	 var2: 1.200000
gen	A2		B2		diseq		zbar		sexrat
0	0.990000	0.000000			3.000000	
5000	0.990000	0.000000	0.000000	7.007944	0.273820
10000	0.990000	0.000000	0.000000	8.559844	0.242351
15000	0.990000	0.000000	0.000000	9.444031	0.228293
20000	0.990000	0.000000	0.000000	10.000646	0.220527
25000	0.990000	0.000000	0.000000	10.368249	0.215790
30000	0.990000	0.000000	0.000000	10.617723	0.212737
35000	0.990000	0.000000	0.000000	10.789903	0.210701
40000	0.990000	0.000000	0.000000	10.910042	0.209313
45000	0.990000	0.000000	0.000000	10.994484	0.208354
50000	0.990000	0.000000	0.000000	11.054135	0.207684
55000	0.990000	0.000000	0.000000	11.096418	0.207212
60000	0.990000	0.000000	0.000000	11.126463	0.206880
65000	0.990000	0.000000	0.000000	11.147848	0.206644
70000	0.990000	0.000000	0.000000	11.163088	0.206476
75000	0.990000	0.000000	0.000000	11.173958	0.206357
80000	0.990000	0.000000	0.000000	11.181715	0.206271
85000	0.990000	0.000000	0.000000	11.187254	0.206211
90000	0.990000	0.000000	0.000000	11.191210	0.206167
95000	0.990000	0.000000	0.000000	11.194036	0.206137
100000	0.990000	0.000000	0.000000	11.196055	0.206114

var1: 0.000000	 var2: 1.300000
gen	A2		B2		diseq		zbar		sexrat
0	0.990000	0.000000			3.000000	
5000	0.990000	0.000000	0.000000	7.007944	0.273820
10000	0.990000	0.000000	0.000000	8.559844	0.242351
15000	0.990000	0.000000	0.000000	9.444031	0.228293
20000	0.990000	0.000000	0.000000	10.000646	0.220527
25000	0.990000	0.000000	0.000000	10.368249	0.215790
30000	0.990000	0.000000	0.000000	10.617723	0.212737
35000	0.990000	0.000000	0.000000	10.789903	0.210701
40000	0.990000	0.000000	0.000000	10.910042	0.209313
45000	0.990000	0.000000	0.000000	10.994484	0.208354
50000	0.990000	0.000000	0.000000	11.054135	0.207684
55000	0.990000	0.000000	0.000000	11.096418	0.207212
60000	0.990000	0.000000	0.000000	11.126463	0.206880
65000	0.990000	0.000000	0.000000	11.147848	0.206644
70000	0.990000	0.000000	0.000000	11.163088	0.206476
75000	0.990000	0.000000	0.000000	11.173958	0.206357
80000	0.990000	0.000000	0.000000	11.181715	0.206271
85000	0.990000	0.000000	0.000000	11.187254	0.206211
90000	0.990000	0.000000	0.000000	11.191210	0.206167
95000	0.990000	0.000000	0.000000	11.194036	0.206137
100000	0.990000	0.000000	0.000000	11.196055	0.206114

var1: 0.000000	 var2: 1.400000
gen	A2		B2		diseq		zbar		sexrat
0	0.990000	0.000000			3.000000	
5000	0.990000	0.000000	0.000000	7.007944	0.273820
10000	0.990000	0.000000	0.000000	8.559844	0.242351
15000	0.990000	0.000000	0.000000	9.444031	0.228293
20000	0.990000	0.000000	0.000000	10.000646	0.220527
25000	0.990000	0.000000	0.000000	10.368249	0.215790
30000	0.990000	0.000000	0.000000	10.617723	0.212737
35000	0.990000	0.000000	0.000000	10.789903	0.210701
40000	0.990000	0.000000	0.000000	10.910042	0.209313
45000	0.990000	0.000000	0.000000	10.994484	0.208354
50000	0.990000	0.000000	0.000000	11.054135	0.207684
55000	0.990000	0.000000	0.000000	11.096418	0.207212
60000	0.990000	0.000000	0.000000	11.126463	0.206880
65000	0.990000	0.000000	0.000000	11.147848	0.206644
70000	0.990000	0.000000	0.000000	11.163088	0.206476
75000	0.990000	0.000000	0.000000	11.173958	0.206357
80000	0.990000	0.000000	0.000000	11.181715	0.206271
85000	0.990000	0.000000	0.000000	11.187254	0.206211
90000	0.990000	0.000000	0.000000	11.191210	0.206167
95000	0.990000	0.000000	0.000000	11.194036	0.206137
100000	0.990000	0.000000	0.000000	11.196055	0.206114

var1: 0.000000	 var2: 1.500000
gen	A2		B2		diseq		zbar		sexrat
0	0.990000	0.000000			3.000000	
5000	0.990000	0.000000	0.000000	7.007944	0.273820
10000	0.990000	0.000000	0.000000	8.559844	0.242351
15000	0.990000	0.000000	0.000000	9.444031	0.228293
20000	0.990000	0.000000	0.000000	10.000646	0.220527
25000	0.990000	0.000000	0.000000	10.368249	0.215790
30000	0.990000	0.000000	0.000000	10.617723	0.212737
35000	0.990000	0.000000	0.000000	10.789903	0.210701
40000	0.990000	0.000000	0.000000	10.910042	0.209313
45000	0.990000	0.000000	0.000000	10.994484	0.208354
50000	0.990000	0.000000	0.000000	11.054135	0.207684
55000	0.990000	0.000000	0.000000	11.096418	0.207212
60000	0.990000	0.000000	0.000000	11.126463	0.206880
65000	0.990000	0.000000	0.000000	11.147848	0.206644
70000	0.990000	0.000000	0.000000	11.163088	0.206476
75000	0.990000	0.000000	0.000000	11.173958	0.206357
80000	0.990000	0.000000	0.000000	11.181715	0.206271
85000	0.990000	0.000000	0.000000	11.187254	0.206211
90000	0.990000	0.000000	0.000000	11.191210	0.206167
95000	0.990000	0.000000	0.000000	11.194036	0.206137
100000	0.990000	0.000000	0.000000	11.196055	0.206114

var1: 0.000000	 var2: 1.600000
gen	A2		B2		diseq		zbar		sexrat
0	0.990000	0.000000			3.000000	
5000	0.990000	0.000000	0.000000	7.007944	0.273820
10000	0.990000	0.000000	0.000000	8.559844	0.242351
15000	0.990000	0.000000	0.000000	9.444031	0.228293
20000	0.990000	0.000000	0.000000	10.000646	0.220527
25000	0.990000	0.000000	0.000000	10.368249	0.215790
30000	0.990000	0.000000	0.000000	10.617723	0.212737
35000	0.990000	0.000000	0.000000	10.789903	0.210701
40000	0.990000	0.000000	0.000000	10.910042	0.209313
45000	0.990000	0.000000	0.000000	10.994484	0.208354
50000	0.990000	0.000000	0.000000	11.054135	0.207684
55000	0.990000	0.000000	0.000000	11.096418	0.207212
60000	0.990000	0.000000	0.000000	11.126463	0.206880
65000	0.990000	0.000000	0.000000	11.147848	0.206644
70000	0.990000	0.000000	0.000000	11.163088	0.206476
75000	0.990000	0.000000	0.000000	11.173958	0.206357
80000	0.990000	0.000000	0.000000	11.181715	0.206271
85000	0.990000	0.000000	0.000000	11.187254	0.206211
90000	0.990000	0.000000	0.000000	11.191210	0.206167
95000	0.990000	0.000000	0.000000	11.194036	0.206137
100000	0.990000	0.000000	0.000000	11.196055	0.206114

var1: 0.000000	 var2: 1.700000
gen	A2		B2		diseq		zbar		sexrat
0	0.990000	0.000000			3.000000	
5000	0.990000	0.000000	0.000000	7.007944	0.273820
10000	0.990000	0.000000	0.000000	8.559844	0.242351
15000	0.990000	0.000000	0.000000	9.444031	0.228293
20000	0.990000	0.000000	0.000000	10.000646	0.220527
25000	0.990000	0.000000	0.000000	10.368249	0.215790
30000	0.990000	0.000000	0.000000	10.617723	0.212737
35000	0.990000	0.000000	0.000000	10.789903	0.210701
40000	0.990000	0.000000	0.000000	10.910042	0.209313
45000	0.990000	0.000000	0.000000	10.994484	0.208354
50000	0.990000	0.000000	0.000000	11.054135	0.207684
55000	0.990000	0.000000	0.000000	11.096418	0.207212
60000	0.990000	0.000000	0.000000	11.126463	0.206880
65000	0.990000	0.000000	0.000000	11.147848	0.206644
70000	0.990000	0.000000	0.000000	11.163088	0.206476
75000	0.990000	0.000000	0.000000	11.173958	0.206357
80000	0.990000	0.000000	0.000000	11.181715	0.206271
85000	0.990000	0.000000	0.000000	11.187254	0.206211
90000	0.990000	0.000000	0.000000	11.191210	0.206167
95000	0.990000	0.000000	0.000000	11.194036	0.206137
100000	0.990000	0.000000	0.000000	11.196055	0.206114

var1: 0.000000	 var2: 1.800000
gen	A2		B2		diseq		zbar		sexrat
0	0.990000	0.000000			3.000000	
5000	0.990000	0.000000	0.000000	7.007944	0.273820
10000	0.990000	0.000000	0.000000	8.559844	0.242351
15000	0.990000	0.000000	0.000000	9.444031	0.228293
20000	0.990000	0.000000	0.000000	10.000646	0.220527
25000	0.990000	0.000000	0.000000	10.368249	0.215790
30000	0.990000	0.000000	0.000000	10.617723	0.212737
35000	0.990000	0.000000	0.000000	10.789903	0.210701
40000	0.990000	0.000000	0.000000	10.910042	0.209313
45000	0.990000	0.000000	0.000000	10.994484	0.208354
50000	0.990000	0.000000	0.000000	11.054135	0.207684
55000	0.990000	0.000000	0.000000	11.096418	0.207212
60000	0.990000	0.000000	0.000000	11.126463	0.206880
65000	0.990000	0.000000	0.000000	11.147848	0.206644
70000	0.990000	0.000000	0.000000	11.163088	0.206476
75000	0.990000	0.000000	0.000000	11.173958	0.206357
80000	0.990000	0.000000	0.000000	11.181715	0.206271
85000	0.990000	0.000000	0.000000	11.187254	0.206211
90000	0.990000	0.000000	0.000000	11.191210	0.206167
95000	0.990000	0.000000	0.000000	11.194036	0.206137
100000	0.990000	0.000000	0.000000	11.196055	0.206114

var1: 0.000000	 var2: 1.900000
gen	A2		B2		diseq		zbar		sexrat
0	0.990000	0.000000			3.000000	
5000	0.990000	0.000000	0.000000	7.007944	0.273820
10000	0.990000	0.000000	0.000000	8.559844	0.242351
15000	0.990000	0.000000	0.000000	9.444031	0.228293
20000	0.990000	0.000000	0.000000	10.000646	0.220527
25000	0.990000	0.000000	0.000000	10.368249	0.215790
30000	0.990000	0.000000	0.000000	10.617723	0.212737
35000	0.990000	0.000000	0.000000	10.789903	0.210701
40000	0.990000	0.000000	0.000000	10.910042	0.209313
45000	0.990000	0.000000	0.000000	10.994484	0.208354
50000	0.990000	0.000000	0.000000	11.054135	0.207684
55000	0.990000	0.000000	0.000000	11.096418	0.207212
60000	0.990000	0.000000	0.000000	11.126463	0.206880
65000	0.990000	0.000000	0.000000	11.147848	0.206644
70000	0.990000	0.000000	0.000000	11.163088	0.206476
75000	0.990000	0.000000	0.000000	11.173958	0.206357
80000	0.990000	0.000000	0.000000	11.181715	0.206271
85000	0.990000	0.000000	0.000000	11.187254	0.206211
90000	0.990000	0.000000	0.000000	11.191210	0.206167
95000	0.990000	0.000000	0.000000	11.194036	0.206137
100000	0.990000	0.000000	0.000000	11.196055	0.206114

var1: 0.000000	 var2: 2.000000
gen	A2		B2		diseq		zbar		sexrat
0	0.990000	0.000000			3.000000	
5000	0.990000	0.000000	0.000000	7.007944	0.273820
10000	0.990000	0.000000	0.000000	8.559844	0.242351
15000	0.990000	0.000000	0.000000	9.444031	0.228293
20000	0.990000	0.000000	0.000000	10.000646	0.220527
25000	0.990000	0.000000	0.000000	10.368249	0.215790
30000	0.990000	0.000000	0.000000	10.617723	0.212737
35000	0.990000	0.000000	0.000000	10.789903	0.210701
40000	0.990000	0.000000	0.000000	10.910042	0.209313
45000	0.990000	0.000000	0.000000	10.994484	0.208354
50000	0.990000	0.000000	0.000000	11.054135	0.207684
55000	0.990000	0.000000	0.000000	11.096418	0.207212
60000	0.990000	0.000000	0.000000	11.126463	0.206880
65000	0.990000	0.000000	0.000000	11.147848	0.206644
70000	0.990000	0.000000	0.000000	11.163088	0.206476
75000	0.990000	0.000000	0.000000	11.173958	0.206357
80000	0.990000	0.000000	0.000000	11.181715	0.206271
85000	0.990000	0.000000	0.000000	11.187254	0.206211
90000	0.990000	0.000000	0.000000	11.191210	0.206167
95000	0.990000	0.000000	0.000000	11.194036	0.206137
100000	0.990000	0.000000	0.000000	11.196055	0.206114

var1: 0.000000	 var2: 2.100000
gen	A2		B2		diseq		zbar		sexrat
0	0.990000	0.000000			3.000000	
5000	0.990000	0.000000	0.000000	7.007944	0.273820
10000	0.990000	0.000000	0.000000	8.559844	0.242351
15000	0.990000	0.000000	0.000000	9.444031	0.228293
20000	0.990000	0.000000	0.000000	10.000646	0.220527
25000	0.990000	0.000000	0.000000	10.368249	0.215790
30000	0.990000	0.000000	0.000000	10.617723	0.212737
35000	0.990000	0.000000	0.000000	10.789903	0.210701
40000	0.990000	0.000000	0.000000	10.910042	0.209313
45000	0.990000	0.000000	0.000000	10.994484	0.208354
50000	0.990000	0.000000	0.000000	11.054135	0.207684
55000	0.990000	0.000000	0.000000	11.096418	0.207212
60000	0.990000	0.000000	0.000000	11.126463	0.206880
65000	0.990000	0.000000	0.000000	11.147848	0.206644
70000	0.990000	0.000000	0.000000	11.163088	0.206476
75000	0.990000	0.000000	0.000000	11.173958	0.206357
80000	0.990000	0.000000	0.000000	11.181715	0.206271
85000	0.990000	0.000000	0.000000	11.187254	0.206211
90000	0.990000	0.000000	0.000000	11.191210	0.206167
95000	0.990000	0.000000	0.000000	11.194036	0.206137
100000	0.990000	0.000000	0.000000	11.196055	0.206114

var1: 0.000000	 var2: 2.200000
gen	A2		B2		diseq		zbar		sexrat
0	0.990000	0.000000			3.000000	
5000	0.990000	0.000000	0.000000	7.007944	0.273820
10000	0.990000	0.000000	0.000000	8.559844	0.242351
15000	0.990000	0.000000	0.000000	9.444031	0.228293
20000	0.990000	0.000000	0.000000	10.000646	0.220527
25000	0.990000	0.000000	0.000000	10.368249	0.215790
30000	0.990000	0.000000	0.000000	10.617723	0.212737
35000	0.990000	0.000000	0.000000	10.789903	0.210701
40000	0.990000	0.000000	0.000000	10.910042	0.209313
45000	0.990000	0.000000	0.000000	10.994484	0.208354
50000	0.990000	0.000000	0.000000	11.054135	0.207684
55000	0.990000	0.000000	0.000000	11.096418	0.207212
60000	0.990000	0.000000	0.000000	11.126463	0.206880
65000	0.990000	0.000000	0.000000	11.147848	0.206644
70000	0.990000	0.000000	0.000000	11.163088	0.206476
75000	0.990000	0.000000	0.000000	11.173958	0.206357
80000	0.990000	0.000000	0.000000	11.181715	0.206271
85000	0.990000	0.000000	0.000000	11.187254	0.206211
90000	0.990000	0.000000	0.000000	11.191210	0.206167
95000	0.990000	0.000000	0.000000	11.194036	0.206137
100000	0.990000	0.000000	0.000000	11.196055	0.206114

var1: 0.000000	 var2: 2.300000
gen	A2		B2		diseq		zbar		sexrat
0	0.990000	0.000000			3.000000	
5000	0.990000	0.000000	0.000000	7.007944	0.273820
10000	0.990000	0.000000	0.000000	8.559844	0.242351
15000	0.990000	0.000000	0.000000	9.444031	0.228293
20000	0.990000	0.000000	0.000000	10.000646	0.220527
25000	0.990000	0.000000	0.000000	10.368249	0.215790
30000	0.990000	0.000000	0.000000	10.617723	0.212737
35000	0.990000	0.000000	0.000000	10.789903	0.210701
40000	0.990000	0.000000	0.000000	10.910042	0.209313
45000	0.990000	0.000000	0.000000	10.994484	0.208354
50000	0.990000	0.000000	0.000000	11.054135	0.207684
55000	0.990000	0.000000	0.000000	11.096418	0.207212
60000	0.990000	0.000000	0.000000	11.126463	0.206880
65000	0.990000	0.000000	0.000000	11.147848	0.206644
70000	0.990000	0.000000	0.000000	11.163088	0.206476
75000	0.990000	0.000000	0.000000	11.173958	0.206357
80000	0.990000	0.000000	0.000000	11.181715	0.206271
85000	0.990000	0.000000	0.000000	11.187254	0.206211
90000	0.990000	0.000000	0.000000	11.191210	0.206167
95000	0.990000	0.000000	0.000000	11.194036	0.206137
100000	0.990000	0.000000	0.000000	11.196055	0.206114

var1: 0.000000	 var2: 2.400000
gen	A2		B2		diseq		zbar		sexrat
0	0.990000	0.000000			3.000000	
5000	0.990000	0.000000	0.000000	7.007944	0.273820
10000	0.990000	0.000000	0.000000	8.559844	0.242351
15000	0.990000	0.000000	0.000000	9.444031	0.228293
20000	0.990000	0.000000	0.000000	10.000646	0.220527
25000	0.990000	0.000000	0.000000	10.368249	0.215790
30000	0.990000	0.000000	0.000000	10.617723	0.212737
35000	0.990000	0.000000	0.000000	10.789903	0.210701
40000	0.990000	0.000000	0.000000	10.910042	0.209313
45000	0.990000	0.000000	0.000000	10.994484	0.208354
50000	0.990000	0.000000	0.000000	11.054135	0.207684
55000	0.990000	0.000000	0.000000	11.096418	0.207212
60000	0.990000	0.000000	0.000000	11.126463	0.206880
65000	0.990000	0.000000	0.000000	11.147848	0.206644
70000	0.990000	0.000000	0.000000	11.163088	0.206476
75000	0.990000	0.000000	0.000000	11.173958	0.206357
80000	0.990000	0.000000	0.000000	11.181715	0.206271
85000	0.990000	0.000000	0.000000	11.187254	0.206211
90000	0.990000	0.000000	0.000000	11.191210	0.206167
95000	0.990000	0.000000	0.000000	11.194036	0.206137
100000	0.990000	0.000000	0.000000	11.196055	0.206114

var1: 0.000000	 var2: 2.500000
gen	A2		B2		diseq		zbar		sexrat
0	0.990000	0.000000			3.000000	
5000	0.990000	0.000000	0.000000	7.007944	0.273820
10000	0.990000	0.000000	0.000000	8.559844	0.242351
15000	0.990000	0.000000	0.000000	9.444031	0.228293
20000	0.990000	0.000000	0.000000	10.000646	0.220527
25000	0.990000	0.000000	0.000000	10.368249	0.215790
30000	0.990000	0.000000	0.000000	10.617723	0.212737
35000	0.990000	0.000000	0.000000	10.789903	0.210701
40000	0.990000	0.000000	0.000000	10.910042	0.209313
45000	0.990000	0.000000	0.000000	10.994484	0.208354
50000	0.990000	0.000000	0.000000	11.054135	0.207684
55000	0.990000	0.000000	0.000000	11.096418	0.207212
60000	0.990000	0.000000	0.000000	11.126463	0.206880
65000	0.990000	0.000000	0.000000	11.147848	0.206644
70000	0.990000	0.000000	0.000000	11.163088	0.206476
75000	0.990000	0.000000	0.000000	11.173958	0.206357
80000	0.990000	0.000000	0.000000	11.181715	0.206271
85000	0.990000	0.000000	0.000000	11.187254	0.206211
90000	0.990000	0.000000	0.000000	11.191210	0.206167
95000	0.990000	0.000000	0.000000	11.194036	0.206137
100000	0.990000	0.000000	0.000000	11.196055	0.206114

var1: 0.000000	 var2: 2.600000
gen	A2		B2		diseq		zbar		sexrat
0	0.990000	0.000000			3.000000	
5000	0.990000	0.000000	0.000000	7.007944	0.273820
10000	0.990000	0.000000	0.000000	8.559844	0.242351
15000	0.990000	0.000000	0.000000	9.444031	0.228293
20000	0.990000	0.000000	0.000000	10.000646	0.220527
25000	0.990000	0.000000	0.000000	10.368249	0.215790
30000	0.990000	0.000000	0.000000	10.617723	0.212737
35000	0.990000	0.000000	0.000000	10.789903	0.210701
40000	0.990000	0.000000	0.000000	10.910042	0.209313
45000	0.990000	0.000000	0.000000	10.994484	0.208354
50000	0.990000	0.000000	0.000000	11.054135	0.207684
55000	0.990000	0.000000	0.000000	11.096418	0.207212
60000	0.990000	0.000000	0.000000	11.126463	0.206880
65000	0.990000	0.000000	0.000000	11.147848	0.206644
70000	0.990000	0.000000	0.000000	11.163088	0.206476
75000	0.990000	0.000000	0.000000	11.173958	0.206357
80000	0.990000	0.000000	0.000000	11.181715	0.206271
85000	0.990000	0.000000	0.000000	11.187254	0.206211
90000	0.990000	0.000000	0.000000	11.191210	0.206167
95000	0.990000	0.000000	0.000000	11.194036	0.206137
100000	0.990000	0.000000	0.000000	11.196055	0.206114

var1: 0.000000	 var2: 2.700000
gen	A2		B2		diseq		zbar		sexrat
0	0.990000	0.000000			3.000000	
5000	0.990000	0.000000	0.000000	7.007944	0.273820
10000	0.990000	0.000000	0.000000	8.559844	0.242351
15000	0.990000	0.000000	0.000000	9.444031	0.228293
20000	0.990000	0.000000	0.000000	10.000646	0.220527
25000	0.990000	0.000000	0.000000	10.368249	0.215790
30000	0.990000	0.000000	0.000000	10.617723	0.212737
35000	0.990000	0.000000	0.000000	10.789903	0.210701
40000	0.990000	0.000000	0.000000	10.910042	0.209313
45000	0.990000	0.000000	0.000000	10.994484	0.208354
50000	0.990000	0.000000	0.000000	11.054135	0.207684
55000	0.990000	0.000000	0.000000	11.096418	0.207212
60000	0.990000	0.000000	0.000000	11.126463	0.206880
65000	0.990000	0.000000	0.000000	11.147848	0.206644
70000	0.990000	0.000000	0.000000	11.163088	0.206476
75000	0.990000	0.000000	0.000000	11.173958	0.206357
80000	0.990000	0.000000	0.000000	11.181715	0.206271
85000	0.990000	0.000000	0.000000	11.187254	0.206211
90000	0.990000	0.000000	0.000000	11.191210	0.206167
95000	0.990000	0.000000	0.000000	11.194036	0.206137
100000	0.990000	0.000000	0.000000	11.196055	0.206114

var1: 0.000000	 var2: 2.800000
gen	A2		B2		diseq		zbar		sexrat
0	0.990000	0.000000			3.000000	
5000	0.990000	0.000000	0.000000	7.007944	0.273820
10000	0.990000	0.000000	0.000000	8.559844	0.242351
15000	0.990000	0.000000	0.000000	9.444031	0.228293
20000	0.990000	0.000000	0.000000	10.000646	0.220527
25000	0.990000	0.000000	0.000000	10.368249	0.215790
30000	0.990000	0.000000	0.000000	10.617723	0.212737
35000	0.990000	0.000000	0.000000	10.789903	0.210701
40000	0.990000	0.000000	0.000000	10.910042	0.209313
45000	0.990000	0.000000	0.000000	10.994484	0.208354
50000	0.990000	0.000000	0.000000	11.054135	0.207684
55000	0.990000	0.000000	0.000000	11.096418	0.207212
60000	0.990000	0.000000	0.000000	11.126463	0.206880
65000	0.990000	0.000000	0.000000	11.147848	0.206644
70000	0.990000	0.000000	0.000000	11.163088	0.206476
75000	0.990000	0.000000	0.000000	11.173958	0.206357
80000	0.990000	0.000000	0.000000	11.181715	0.206271
85000	0.990000	0.000000	0.000000	11.187254	0.206211
90000	0.990